91
11 5 95
601 5 859
665 5 287
158 5 969
11 238 248
601 238 4
665 238 851
158 238 584
11 278 402
601 278 103
665 278 415
158 278 387
11 391 823
601 391 670
665 391 533
158 391 1129
11 464 668
601 464 570
665 464 533
158 464 1188
11 480 589
601 480 670
665 480 533
158 480 1159
11 503 589
601 503 670
665 503 533
158 503 1090
11 525 823
601 525 568
665 525 533
158 525 1129
346 11 1196
611 11 26
681 601 1074
611 601 721
346 601 684
681 665 1097
611 665 402
346 665 330
346 158 1147
177 346 1214
483 346 586
229 346 283
483 611 1012
229 611 530
177 611 287
229 681 1137
177 681 1048
483 681 751
333 229 394
234 229 394
112 229 326
333 483 969
112 483 637
234 483 177
264 483 38
234 177 300
405 333 1185
408 333 821
364 333 756
411 333 654
364 112 848
405 234 872
408 234 821
364 234 756
411 234 240
411 264 821
364 264 756
405 264 691
391 364 902
424 364 794
201 364 600
267 364 265
391 411 896
267 411 531
201 411 472
424 411 290
391 405 896
424 405 819
267 405 531
201 405 472
424 408 646
201 408 611
267 408 531
379 424 930
152 391 847
379 267 435
134 349 820
76 152 1296
134 379 1189
