171
728 408 1080
499 408 141
805 408 1101
813 408 987
386 408 597
739 408 610
728 451 171
499 451 225
805 451 1047
813 451 601
386 451 510
739 451 1047
728 491 1080
499 491 681
805 491 1175
813 491 987
386 491 510
739 491 735
728 503 1080
499 503 354
805 503 1234
813 503 987
386 503 510
739 503 610
728 524 165
499 524 174
805 524 1160
813 524 863
386 524 510
739 524 1112
728 525 744
805 525 785
813 525 913
386 525 597
739 525 741
728 582 1080
499 582 313
805 582 1189
813 582 987
386 582 494
739 582 610
728 625 959
499 625 238
805 625 959
813 625 959
386 625 394
739 625 710
728 700 1005
499 700 273
805 700 1057
813 700 144
386 700 510
739 700 1057
728 703 190
499 703 616
805 703 658
813 703 831
386 703 193
739 703 338
728 776 415
499 776 357
805 776 923
813 776 719
386 776 631
739 776 1117
728 882 632
499 882 357
805 882 765
813 882 176
386 882 178
739 882 165
727 728 1284
42 728 349
727 499 1042
614 499 600
729 499 571
42 499 559
696 499 236
727 805 1255
727 813 1248
614 386 1100
696 386 915
42 386 760
729 386 520
727 386 365
727 739 1180
696 739 573
177 696 1089
48 696 774
384 696 490
44 696 389
463 696 363
177 614 1034
384 614 490
48 614 217
48 727 1299
177 727 6
217 727 29
384 727 14
48 42 1257
384 729 1171
177 729 762
375 48 756
415 48 2
29 177 967
251 177 253
251 44 513
375 217 827
29 384 967
375 384 584
251 384 264
390 384 246
375 463 1300
414 463 1297
390 463 1012
415 463 542
29 463 542
402 375 1198
470 375 735
436 375 665
416 375 665
398 375 630
408 29 1
470 251 1145
408 251 711
398 251 711
436 251 711
402 251 480
416 251 480
402 390 1251
416 390 1107
408 390 404
398 390 322
436 390 135
398 415 986
402 415 986
436 415 986
416 415 756
408 415 452
402 414 1171
436 414 1040
398 414 1018
416 414 608
408 414 404
208 402 1296
424 402 170
208 398 800
424 398 747
208 408 1048
424 408 663
208 436 1138
424 436 424
424 416 747
426 416 345
208 416 241
330 208 378
379 424 1049
330 424 305
349 424 164
379 407 1077
330 407 907
359 407 777
349 407 257
359 426 777
379 426 621
330 426 300
349 426 242
134 359 1172
134 330 890
134 349 890
134 379 1172
