136
583 410 279
193 410 467
386 410 866
6 410 635
739 410 554
583 600 247
193 600 922
386 600 397
6 600 321
739 600 664
583 607 641
193 607 288
386 607 668
6 607 668
739 607 834
583 776 170
386 776 562
6 776 504
739 776 1234
583 808 155
193 808 886
386 808 199
6 808 504
583 847 809
193 847 886
386 847 565
6 847 504
739 847 490
583 860 725
193 860 182
386 860 565
6 860 688
739 860 153
583 885 532
193 885 1168
386 885 499
6 885 657
739 885 377
193 211 1162
6 211 587
500 583 1253
738 583 962
614 583 918
597 583 890
614 193 552
500 193 1185
738 193 524
597 193 228
738 386 1161
614 386 1140
500 386 1091
597 386 982
500 6 577
738 6 415
500 739 1101
597 739 21
124 500 1293
428 500 1013
431 500 967
428 597 1236
463 597 1087
124 597 1084
431 597 410
124 614 1236
428 614 609
431 614 410
124 738 3
325 32 28
236 124 954
325 124 696
172 124 696
325 428 1214
172 428 997
415 428 926
414 428 780
236 428 412
415 431 1124
325 431 950
172 431 797
236 431 368
414 463 1292
415 463 593
236 463 427
396 236 626
408 236 350
390 236 343
439 236 291
436 236 287
390 172 1031
396 172 957
439 172 273
436 414 1141
439 414 969
396 414 893
390 414 605
408 414 545
396 415 1069
408 415 941
390 415 909
436 415 800
439 415 212
390 325 1031
396 325 992
408 325 552
439 325 209
374 396 1211
208 396 878
303 396 239
267 396 178
374 408 1047
208 408 951
267 408 411
374 390 620
303 390 388
208 390 253
374 436 840
208 436 616
267 436 411
303 436 388
374 439 1153
208 439 435
267 439 411
303 439 239
374 208 404
152 374 976
368 374 767
152 303 996
374 303 979
368 267 620
101 343 1049
76 152 1281
101 355 1166
101 336 1292
101 368 1030
101 374 975
101 349 1292
