191
677 326 51
236 326 986
252 326 5
742 326 9
677 462 458
800 462 1080
236 462 998
252 462 961
742 462 510
677 471 106
800 471 1080
236 471 1211
252 471 961
742 471 693
677 531 172
800 531 776
236 531 854
252 531 670
742 531 416
677 533 367
800 533 710
236 533 998
252 533 710
742 533 693
677 625 128
800 625 618
236 625 877
252 625 618
742 625 693
677 662 577
800 662 285
236 662 1039
252 662 645
742 662 149
677 739 442
800 739 766
236 739 1241
252 739 441
742 739 693
677 826 458
800 826 757
236 826 1087
252 826 1121
742 826 402
677 840 525
800 840 740
236 840 842
252 840 1026
742 840 553
677 853 525
800 853 757
236 853 1154
252 853 569
742 853 333
800 539 839
236 539 1038
252 539 839
742 539 693
800 652 1080
236 652 1039
252 652 961
742 652 364
800 836 263
236 836 842
252 836 979
742 836 840
681 677 971
752 677 935
744 677 869
678 677 435
761 677 306
752 800 773
681 800 104
263 236 507
678 236 970
752 236 328
761 236 453
263 252 894
761 252 682
752 252 132
678 252 1
263 742 1123
678 742 158
744 742 52
159 263 1184
463 263 1087
302 263 564
86 263 274
159 761 1205
302 761 36
463 752 3
159 678 1183
353 678 520
463 678 416
86 678 265
302 678 215
463 681 973
159 681 770
353 681 520
302 681 407
86 681 401
176 681 204
86 744 1139
176 744 1274
159 744 2
302 744 1
375 86 26
375 302 594
412 302 311
390 176 1109
414 176 929
375 176 644
412 353 594
403 353 492
375 353 376
375 159 594
403 159 504
414 463 1297
375 463 1295
390 463 1162
415 463 364
403 463 125
412 463 112
416 403 1253
398 403 808
436 403 492
402 403 492
408 403 394
398 412 1130
436 412 1129
402 412 1061
408 412 1003
416 412 307
402 375 1131
398 375 730
436 375 567
416 375 567
408 375 254
416 415 971
436 415 957
402 415 957
398 415 957
408 415 702
416 390 1253
402 390 1177
398 390 419
408 390 394
398 414 1154
436 414 1129
402 414 1061
416 414 927
408 414 394
140 402 1300
208 402 1297
206 402 1231
140 408 1152
208 408 1087
206 408 950
233 408 558
424 408 377
206 398 1242
140 398 852
208 398 694
424 398 511
233 398 453
206 436 1091
208 436 1044
140 436 1044
233 436 996
206 416 1242
233 416 996
140 416 852
424 416 404
208 416 287
168 208 1190
214 208 1013
342 208 891
238 140 1181
168 140 105
168 424 1090
342 424 638
214 233 258
168 233 258
342 206 1013
152 342 1168
152 168 1300
200 168 1158
152 214 1300
200 214 1158
152 238 1300
200 238 1158
