209
1 40 902
650 40 505
1 494 414
814 494 585
713 494 431
360 494 319
650 494 580
1 570 378
814 570 636
713 570 636
360 570 281
650 570 315
1 780 508
814 780 1114
713 780 1094
360 780 494
650 780 742
1 790 989
814 790 932
713 790 932
360 790 185
650 790 443
1 799 491
814 799 1114
713 799 1094
360 799 494
650 799 793
1 805 868
814 805 1114
713 805 1094
360 805 220
650 805 868
1 826 407
814 826 1114
713 826 1094
360 826 344
650 826 621
1 838 941
814 838 722
713 838 722
360 838 180
650 838 429
1 842 544
814 842 1114
713 842 1094
360 842 279
650 842 621
1 853 259
814 853 1114
713 853 1094
360 853 494
650 853 793
1 864 989
814 864 604
713 864 256
360 864 494
650 864 793
1 875 958
814 875 604
713 875 256
360 875 494
650 875 793
1 886 879
814 886 604
713 886 306
360 886 494
650 886 871
814 338 1028
36 1 1239
787 1 1220
6 814 1178
36 814 32
735 814 11
787 713 402
6 713 24
36 713 19
735 360 837
787 360 837
6 360 779
36 360 490
831 360 379
787 650 1137
6 650 901
36 650 826
735 650 247
501 6 1250
403 787 1125
501 36 1002
403 36 1169
446 36 880
477 36 4
501 831 1079
477 831 691
431 831 65
501 735 819
477 735 999
446 735 18
403 735 4
415 403 858
216 403 838
246 403 364
414 403 221
245 403 173
216 446 869
414 446 523
246 446 364
224 446 353
264 477 914
224 477 130
216 477 67
245 477 126
415 431 1106
216 431 295
246 431 287
224 431 286
246 501 1084
245 501 804
264 501 413
216 501 185
443 246 789
429 246 789
418 246 494
175 246 434
409 246 354
409 224 875
418 224 843
443 224 457
175 224 229
429 224 221
429 264 1027
443 264 981
409 264 752
418 264 752
175 264 436
429 216 1027
443 216 981
175 216 868
418 216 494
409 216 457
443 415 803
418 415 710
434 415 683
429 415 532
409 245 1061
418 245 843
443 245 213
443 414 945
429 414 841
418 414 710
175 414 219
268 409 816
368 409 619
201 409 392
208 409 387
246 409 355
268 418 816
201 418 421
208 418 421
246 418 421
267 418 407
267 175 662
246 175 657
268 175 449
208 175 445
368 175 327
201 175 307
268 429 816
368 429 619
267 429 407
201 429 392
208 429 368
246 429 347
268 443 816
368 443 490
201 443 392
208 443 387
246 443 355
208 434 825
268 434 816
246 434 474
201 434 446
214 208 1152
330 208 355
363 208 350
352 208 270
352 368 692
379 368 628
363 368 602
349 368 321
352 246 946
214 246 823
363 246 350
352 268 512
352 201 701
214 201 395
363 201 350
363 267 602
352 267 601
379 267 307
69 363 1098
69 343 1098
69 330 1115
134 330 854
134 214 1251
200 214 1109
69 352 693
69 349 1003
134 349 854
134 379 1229
