93
774 249 210
775 249 37
774 475 525
720 475 926
775 475 1209
774 588 1218
720 588 1084
775 588 941
774 606 470
720 606 1151
775 606 1151
774 610 801
720 610 788
775 610 964
774 732 1030
720 732 440
775 732 800
774 847 1137
720 847 505
775 847 1144
774 851 1178
720 851 766
775 851 1131
775 75 888
779 774 1169
779 720 1043
821 720 199
492 775 1094
779 775 519
466 492 1278
521 492 1194
428 492 777
217 492 361
428 712 4
466 821 1138
521 821 2
466 779 1190
409 428 869
361 428 728
414 428 727
348 428 603
409 217 675
361 217 203
409 466 945
348 466 1140
348 521 742
409 521 854
416 409 1232
408 409 1147
436 409 599
398 409 242
398 348 397
436 348 397
416 348 397
408 361 556
398 361 256
436 361 256
416 361 256
436 414 1226
398 414 1203
416 414 649
408 414 468
255 398 1203
233 398 747
338 398 514
199 398 360
267 398 243
233 436 1128
255 436 1061
338 436 509
267 436 494
199 436 368
255 408 877
233 408 791
199 408 727
267 408 494
233 416 1128
338 416 514
255 416 408
267 416 243
389 199 633
389 264 1112
346 264 1047
330 233 677
330 338 722
346 267 767
389 267 767
69 330 987
134 330 880
134 342 1294
69 342 802
69 389 1014
134 346 984
