154
190 96 540
713 96 861
249 96 1198
732 96 1057
190 249 452
713 249 140
249 249 94
190 347 25
249 347 1195
732 347 287
190 520 812
713 520 335
249 520 1206
732 520 1133
190 656 213
713 656 1104
249 656 1206
732 656 1133
190 680 517
713 680 554
249 680 1206
732 680 1133
190 730 442
713 730 790
249 730 1206
732 730 1133
190 763 517
713 763 1102
249 763 1175
732 763 1064
190 785 930
713 785 527
249 785 997
732 785 995
190 789 930
249 789 1217
732 789 385
190 811 439
713 811 535
249 811 630
732 811 178
190 854 459
713 854 535
249 854 952
732 854 765
732 338 829
732 1019 1209
713 190 586
615 190 836
759 190 464
597 713 337
713 713 495
615 713 127
759 249 219
713 732 1194
722 732 9
597 732 160
615 732 34
426 713 565
431 713 1188
436 713 761
428 713 111
426 615 762
428 615 568
436 615 413
431 615 232
428 597 1156
431 597 643
436 597 345
431 759 533
426 759 519
428 759 36
428 722 372
426 722 217
415 428 1031
414 428 1031
172 428 928
325 428 891
264 428 855
472 428 314
415 431 1119
172 431 677
325 431 677
172 426 585
325 426 515
415 426 380
472 426 260
414 436 1026
264 436 638
472 436 460
415 436 458
429 264 835
443 264 742
418 264 727
396 264 591
396 172 856
418 172 526
418 472 818
396 472 7
443 472 1
408 415 1150
436 415 905
396 415 881
418 415 769
443 415 679
429 415 417
436 414 1233
396 414 881
418 414 769
443 414 719
429 414 692
408 414 365
396 325 892
408 325 372
418 325 307
443 325 241
429 325 241
268 418 927
267 418 492
220 418 481
268 429 1018
220 429 956
267 429 492
268 408 1018
220 408 945
267 408 492
268 443 906
220 443 815
267 443 251
268 396 329
267 396 187
264 396 184
268 436 711
220 436 526
267 436 492
352 247 598
370 247 286
352 264 508
370 264 286
379 264 278
352 268 368
370 268 286
352 220 598
370 267 680
352 267 482
379 267 278
101 343 1069
101 370 1250
101 355 1133
101 374 950
101 352 1140
101 349 1288
134 349 829
134 379 1222
