169
732 9 12
33 9 559
732 259 899
811 259 889
732 427 867
713 427 867
811 427 741
33 427 762
732 494 1137
713 494 260
811 494 1046
33 494 848
732 520 1137
713 520 540
811 520 1046
33 520 712
732 651 1137
713 651 650
811 651 1046
33 651 712
732 655 1003
713 655 755
811 655 910
33 655 910
732 677 933
713 677 611
811 677 914
33 677 914
732 730 1137
713 730 386
811 730 1046
33 730 712
732 763 1040
713 763 1040
811 763 369
33 763 818
732 772 604
713 772 419
811 772 872
33 772 789
732 795 1037
713 795 419
811 795 333
33 795 288
732 888 1037
713 888 225
811 888 872
33 888 789
811 997 458
6 732 589
713 732 1153
597 732 157
615 732 1
713 713 600
597 713 456
615 713 58
763 713 1
713 811 32
615 811 240
597 811 3
713 33 1188
597 33 505
501 713 509
446 713 772
431 713 1163
428 713 45
428 597 1119
446 597 994
431 597 746
446 615 699
428 615 474
431 615 226
501 6 1208
446 763 240
501 763 158
219 446 669
172 446 542
343 446 505
414 446 465
415 428 1116
414 428 1062
172 428 907
264 428 714
219 428 318
390 428 224
415 431 1135
172 431 616
343 431 311
219 431 256
264 501 218
343 501 599
219 501 53
429 264 915
443 264 872
418 264 768
443 219 761
429 219 716
418 219 583
436 219 483
408 219 419
418 343 877
408 343 680
436 343 516
443 343 485
429 343 485
418 172 502
436 172 218
408 172 218
418 390 729
443 390 566
429 390 430
408 390 428
436 414 1208
443 414 843
429 414 731
418 414 729
408 414 428
408 415 1193
436 415 828
443 415 756
418 415 729
429 415 447
374 418 1210
199 418 858
268 418 830
267 418 493
307 418 469
208 418 354
199 429 858
268 429 830
307 429 763
267 429 493
374 429 431
208 429 390
374 408 918
199 408 858
268 408 830
208 408 792
267 408 493
199 443 858
268 443 830
374 443 514
307 443 469
208 443 371
267 443 235
374 436 981
268 436 821
199 436 821
267 436 493
307 436 434
208 436 256
352 199 450
214 208 1016
352 268 324
214 374 430
379 374 165
352 267 450
379 267 277
69 343 1090
101 343 1016
69 355 1297
101 355 1082
134 214 1243
101 352 1041
69 352 620
101 349 1287
69 349 1001
134 349 903
134 379 1235
