186
154 424 419
0 424 630
47 424 750
391 424 295
442 424 607
154 428 573
0 428 476
47 428 1195
391 428 295
442 428 476
154 441 114
0 441 657
47 441 1195
391 441 295
442 441 772
154 446 321
0 446 630
47 446 1195
391 446 894
442 446 122
154 496 565
0 496 630
47 496 1195
391 496 359
442 496 321
154 517 284
0 517 816
47 517 1195
391 517 974
442 517 772
154 520 652
0 520 756
47 520 1195
391 520 295
442 520 405
154 649 477
0 649 630
47 649 529
391 649 797
442 649 756
154 651 652
0 651 630
47 651 1195
391 651 817
442 651 772
154 668 619
0 668 483
47 668 984
391 668 522
442 668 772
154 820 498
0 820 388
47 820 270
391 820 252
442 820 238
154 825 867
0 825 614
47 825 710
391 825 430
442 825 557
154 854 419
0 854 708
47 854 417
391 854 419
442 854 417
442 987 12
713 154 218
831 154 1020
792 0 952
713 0 1120
831 47 987
792 47 1010
763 47 1235
831 391 1086
763 391 975
713 391 961
792 391 448
831 442 1086
713 442 961
792 442 574
763 442 469
225 792 909
344 792 1291
168 792 411
446 792 118
431 713 1092
446 713 821
344 713 554
344 831 1177
168 831 275
431 831 101
344 763 1212
446 763 144
225 763 109
460 225 697
414 225 550
264 225 547
245 225 533
407 225 400
391 225 268
460 344 1172
391 344 512
407 344 416
245 344 336
264 344 274
460 446 755
407 446 747
391 446 550
414 446 410
460 168 1094
391 168 535
264 168 204
407 431 1243
415 431 1115
429 264 1058
443 264 1025
418 264 811
409 264 811
418 460 432
409 460 637
443 460 7
429 407 800
443 407 800
418 407 758
436 407 383
398 407 257
409 407 99
443 391 895
418 391 737
429 391 457
436 391 383
409 245 1113
398 245 960
436 245 924
418 245 899
443 415 879
398 415 770
436 415 770
418 415 758
429 415 494
436 414 1212
398 414 1209
443 414 967
429 414 862
418 414 758
287 409 1138
223 409 680
208 409 644
201 409 441
201 418 441
208 418 389
267 418 377
208 429 452
201 429 441
267 429 377
223 443 722
287 443 596
201 443 441
208 443 425
201 398 441
208 398 389
201 436 441
208 436 389
267 436 377
214 208 1124
378 208 260
378 287 1162
415 287 947
348 287 513
214 201 509
378 201 432
415 201 432
348 267 850
378 267 365
348 264 1085
378 264 848
214 223 1124
378 223 390
348 223 390
415 223 326
152 378 1295
69 415 997
152 214 1300
200 214 1017
152 348 1295
69 348 997
