118
67 407 1131
106 407 719
825 407 171
740 407 779
211 407 214
67 428 1195
106 428 210
825 428 470
740 428 508
211 428 766
67 509 1058
106 509 941
825 509 470
740 509 657
211 509 501
67 512 1195
106 512 290
825 512 705
740 512 435
211 512 431
67 775 912
106 775 974
825 775 350
740 775 450
211 775 340
67 813 912
106 813 323
825 813 580
740 813 481
211 813 308
67 825 658
106 825 974
825 825 276
740 825 480
211 825 480
67 844 832
106 844 822
825 844 483
740 844 481
211 844 802
67 888 827
106 888 323
825 888 580
740 888 450
211 888 998
825 41 1047
740 41 7
740 197 3
211 197 30
763 67 1167
831 67 1290
831 106 641
604 106 1
763 106 1
831 825 940
708 825 922
604 825 91
708 740 854
831 211 1245
708 211 1115
763 211 18
461 604 1050
419 604 1026
426 604 407
270 604 229
270 831 679
419 831 192
270 708 1009
461 708 687
419 708 84
426 708 1
461 763 1124
483 419 1148
391 419 546
225 419 350
483 461 1148
391 461 861
483 270 1129
391 270 958
264 270 868
225 270 490
225 426 844
483 426 779
391 426 231
429 264 1192
443 264 1147
418 264 771
212 264 698
418 483 274
443 391 1082
429 391 748
418 391 517
212 391 164
212 225 1235
443 225 614
429 225 609
418 225 394
201 418 558
267 418 495
223 418 410
232 418 184
368 429 579
201 429 558
232 429 472
267 429 445
223 429 288
223 443 1008
201 443 558
223 212 916
267 212 792
232 212 695
368 212 414
201 212 376
378 368 384
378 201 708
378 267 611
378 223 555
152 378 1289
