139
774 197 1292
33 197 550
774 413 1150
144 413 825
125 413 993
33 413 518
774 440 1239
144 440 825
125 440 1018
33 440 668
774 559 1274
144 559 825
125 559 1018
33 559 668
774 562 1207
144 562 825
125 562 1018
33 562 929
774 610 1005
144 610 487
125 610 386
33 610 668
774 640 1167
144 640 825
125 640 1018
33 640 518
774 787 1226
144 787 416
125 787 881
33 787 881
774 845 1262
144 845 868
125 845 881
33 845 881
737 774 945
622 774 232
622 144 311
486 144 310
703 125 431
597 125 167
486 125 11
597 33 704
622 33 49
486 33 23
466 597 1209
475 597 1019
431 597 635
217 597 316
475 486 1190
466 486 1102
431 486 1065
217 486 265
475 737 963
466 737 1127
217 737 978
466 703 1209
475 703 1114
431 703 792
217 703 316
466 622 1209
475 622 1114
431 622 792
217 622 316
409 475 521
403 475 385
481 475 111
412 475 5
409 217 720
403 217 313
409 466 985
412 466 555
407 466 29
481 466 1
407 431 1189
409 431 1002
481 431 753
412 431 525
403 431 407
416 403 1253
398 403 1091
355 403 971
408 403 470
436 403 447
416 409 1204
408 409 1053
355 409 1049
436 409 584
398 409 202
398 412 1090
436 412 1090
355 412 1014
408 412 1014
416 412 583
355 481 861
436 481 5
355 407 971
408 407 919
416 407 856
436 407 584
398 407 504
436 414 1190
398 414 1179
355 414 971
416 414 815
408 414 470
255 398 1139
233 398 693
199 398 330
267 398 232
255 436 1036
233 436 980
267 436 415
199 436 330
199 408 862
255 408 754
233 408 599
267 408 415
233 416 980
255 416 291
267 416 232
233 355 1005
255 355 1005
264 355 579
199 355 579
267 355 539
152 199 612
152 255 624
349 255 282
330 233 719
368 233 697
349 233 282
152 233 254
152 264 313
368 267 561
134 342 1288
134 330 847
76 152 1210
134 349 847
134 368 1288
