380
1 121 205
742 121 982
818 121 12
155 121 18
380 121 188
1 408 130
73 408 237
87 408 514
665 408 497
813 408 649
805 408 270
742 408 971
155 408 408
380 408 316
1 487 202
73 487 272
87 487 272
665 487 281
813 487 281
805 487 405
742 487 999
818 487 352
155 487 291
380 487 405
1 490 202
73 490 237
87 490 572
665 490 439
805 490 889
742 490 768
818 490 504
155 490 563
380 490 492
1 508 202
73 508 237
665 508 497
813 508 407
805 508 889
742 508 901
818 508 334
155 508 408
380 508 492
1 542 202
73 542 346
87 542 785
665 542 497
813 542 893
805 542 889
742 542 768
155 542 408
380 542 492
1 549 261
73 549 237
87 549 125
665 549 497
813 549 261
805 549 150
742 549 1039
818 549 334
155 549 408
380 549 274
1 595 202
73 595 193
87 595 272
665 595 177
813 595 531
805 595 419
742 595 689
818 595 423
155 595 214
380 595 274
1 643 473
73 643 335
87 643 234
665 643 248
813 643 652
805 643 273
742 643 570
818 643 334
155 643 255
380 643 378
1 656 202
73 656 237
87 656 272
665 656 497
805 656 889
742 656 800
818 656 423
155 656 408
380 656 492
1 708 281
73 708 572
87 708 272
665 708 497
813 708 380
805 708 246
742 708 985
818 708 423
155 708 408
380 708 198
1 725 202
73 725 572
87 725 290
665 725 497
813 725 261
805 725 889
742 725 839
818 725 516
155 725 516
380 725 492
1 826 195
73 826 522
87 826 401
665 826 196
805 826 240
742 826 472
818 826 555
1 857 629
73 857 821
665 857 158
813 857 253
805 857 240
742 857 844
818 857 171
155 857 543
380 857 531
1 865 281
73 865 215
665 865 390
805 865 240
742 865 685
818 865 555
380 865 446
1 879 180
73 879 522
87 879 315
665 879 158
805 879 240
742 879 612
818 879 817
155 879 610
380 879 170
73 352 10
813 352 747
742 352 609
155 352 4
73 425 526
87 425 272
665 425 497
813 425 482
805 425 273
742 425 985
818 425 423
155 425 408
380 425 375
73 430 486
87 430 297
665 430 497
805 430 477
742 430 972
818 430 423
155 430 408
380 430 170
73 667 372
87 667 477
665 667 497
813 667 268
805 667 228
742 667 961
818 667 268
155 667 408
380 667 274
665 1016 16
813 1016 137
805 354 14
742 354 863
155 354 117
380 354 18
787 1 1111
624 1 226
298 1 257
298 73 583
617 73 95
658 73 52
787 87 4
658 665 782
752 665 618
744 665 314
617 665 228
624 665 210
790 665 166
298 665 166
726 665 163
744 813 857
634 813 222
298 813 199
787 813 56
658 813 1
790 805 215
658 805 15
617 805 38
787 805 1
634 742 312
744 742 79
787 742 217
298 742 82
658 818 335
790 818 247
744 818 280
617 818 259
752 155 301
726 155 985
658 155 196
787 155 28
298 380 498
744 380 498
634 380 432
790 380 411
752 380 402
617 380 235
787 380 226
658 380 173
726 380 137
217 787 1035
157 787 112
463 624 899
21 624 872
101 624 430
9 624 350
101 298 693
37 298 649
9 298 388
157 298 204
176 298 203
157 790 4
21 658 872
9 658 759
101 658 750
157 658 454
176 658 324
37 658 281
463 658 185
21 752 43
463 752 1
37 726 1265
9 726 96
217 726 6
21 726 5
21 617 872
101 617 750
157 617 662
463 617 567
37 617 281
176 617 174
176 744 1185
21 744 95
157 744 7
9 634 759
101 634 750
217 634 502
21 634 502
157 634 454
463 634 391
176 634 324
37 634 281
510 9 580
510 157 1082
121 157 666
375 157 392
184 157 392
510 37 670
184 37 440
121 37 2
375 217 493
510 217 452
375 101 30
510 101 651
121 101 655
184 101 21
510 21 1089
390 176 1001
414 176 844
184 176 776
375 176 710
121 176 642
415 176 474
510 176 384
375 463 1297
414 463 1294
390 463 1002
415 463 400
412 463 266
175 510 77
408 184 808
398 184 659
416 184 529
436 184 496
175 184 445
385 184 214
416 375 708
436 375 708
398 375 664
385 375 333
408 375 306
416 390 1227
412 390 1163
385 390 840
408 390 456
398 390 448
385 412 1019
398 412 986
436 412 986
408 412 850
416 412 434
175 412 187
385 415 840
408 415 839
416 415 812
412 415 812
398 415 787
436 415 787
436 414 1157
398 414 1127
416 414 820
408 414 456
412 414 417
385 414 404
175 414 164
408 121 3
381 175 715
208 175 469
267 175 447
206 408 1086
362 408 934
208 408 814
381 408 552
267 408 283
208 385 1080
206 385 790
362 385 298
381 385 190
267 385 190
206 398 1266
362 398 934
208 398 471
381 398 416
206 436 1090
208 436 809
381 436 311
267 436 283
206 416 1266
362 416 934
381 416 363
208 416 363
381 412 311
362 412 293
267 412 283
206 412 241
388 208 951
342 208 951
340 208 319
330 208 319
379 267 352
340 362 348
330 362 348
349 381 357
342 206 1106
388 206 1106
379 206 554
134 342 1297
69 342 994
69 343 1060
69 330 1058
134 330 878
69 349 994
134 349 878
134 379 1212
134 388 1184
69 388 726
134 340 909
