185
677 393 291
813 393 789
823 393 789
742 393 364
708 393 682
677 490 603
813 490 603
823 490 447
742 490 557
708 490 532
677 525 555
813 525 622
823 525 365
742 525 344
708 525 424
677 541 569
813 541 900
823 541 701
742 541 681
708 541 729
677 545 291
813 545 1162
823 545 1096
742 545 499
708 545 618
677 589 657
813 589 1258
823 589 622
742 589 499
708 589 622
677 603 450
813 603 1123
823 603 701
742 603 499
708 603 729
677 640 230
813 640 1121
823 640 521
742 640 499
708 640 521
677 693 291
813 693 927
823 693 512
708 693 512
677 694 548
813 694 1028
823 694 453
742 694 548
708 694 228
677 696 657
813 696 1204
823 696 453
742 696 499
708 696 424
677 699 269
813 699 951
823 699 701
742 699 499
708 699 729
677 877 678
813 877 572
823 877 1107
708 877 424
813 352 1298
742 352 616
813 475 1094
823 475 517
742 475 499
744 677 1075
772 677 707
658 677 289
375 677 247
744 813 1134
375 813 1191
787 813 19
744 823 1085
375 823 1138
658 823 240
375 742 927
787 742 342
744 742 71
772 708 301
157 787 88
176 658 988
9 658 837
157 658 479
463 658 193
200 658 133
9 772 538
200 772 694
157 772 2
176 375 1275
280 375 1228
9 375 275
157 375 173
280 744 490
176 744 1297
510 9 739
375 280 1269
390 280 1136
510 280 1086
414 280 907
510 157 1180
403 157 331
375 200 415
403 200 363
390 176 1136
414 176 907
375 176 704
510 176 630
375 463 1299
414 463 1299
390 463 1140
415 463 286
403 463 201
402 510 4
416 403 1252
412 403 1213
398 403 873
402 403 420
436 403 420
402 375 1213
398 375 615
416 375 528
436 375 528
412 375 365
416 390 1252
412 390 1213
402 390 1212
398 390 513
436 390 100
416 415 993
412 415 993
402 415 876
398 415 876
436 415 876
402 414 1175
398 414 1110
436 414 1091
416 414 917
412 414 642
140 402 1300
208 402 1300
206 402 1243
374 402 1024
381 402 287
206 398 1243
374 398 1174
140 398 1013
208 398 870
381 398 286
208 436 1173
140 436 1173
206 436 1081
374 436 888
381 436 287
206 416 1243
374 416 1024
140 416 1013
381 416 355
208 416 355
140 412 1267
374 412 1174
206 412 322
381 412 287
208 412 170
238 140 1144
168 140 117
168 208 1207
214 208 942
342 208 794
214 374 403
214 381 431
157 381 406
342 168 560
342 206 995
200 157 1086
152 342 1228
152 168 1300
200 168 1082
152 214 1300
200 214 1082
76 214 817
152 238 1300
200 238 1082
