190
791 21 901
1 21 795
190 21 636
791 29 755
1 29 925
190 29 4
650 29 491
791 192 296
1 192 932
190 192 91
306 192 1128
791 520 351
1 520 490
190 520 758
650 520 547
791 627 460
1 627 383
190 627 499
306 627 406
650 627 547
791 692 1236
1 692 266
190 692 661
306 692 406
650 692 442
791 704 529
1 704 692
190 704 579
306 704 146
650 704 277
791 799 1072
1 799 432
190 799 212
306 799 950
650 799 761
791 804 1000
1 804 354
190 804 401
650 804 481
791 823 340
1 823 718
190 823 401
306 823 684
650 823 718
791 826 1072
1 826 364
190 826 138
306 826 193
650 826 481
791 854 337
1 854 160
190 854 401
306 854 684
650 854 481
1 973 638
190 973 484
650 973 928
766 791 190
713 791 1033
759 1 837
787 1 1186
734 1 1
713 190 488
734 190 1111
759 190 397
787 190 17
734 306 957
766 306 933
787 306 454
713 306 446
759 306 262
787 650 1107
713 650 1098
734 650 1008
766 650 545
759 650 148
431 713 1218
428 713 165
403 713 3
403 787 954
225 787 194
428 734 658
225 734 1051
431 734 43
431 759 628
428 759 43
403 766 548
472 225 774
172 225 677
121 225 658
414 225 327
325 225 327
216 225 316
415 403 976
216 403 810
172 403 706
472 403 506
325 403 384
414 403 228
415 428 1070
325 428 984
172 428 958
414 428 925
216 428 274
472 428 205
121 428 153
415 431 1070
325 431 885
172 431 786
216 431 274
414 431 220
418 121 463
396 121 38
408 121 1
408 216 1190
175 216 1059
436 216 888
418 216 614
396 172 831
418 172 495
436 172 252
408 172 252
175 172 216
418 472 862
396 472 4
175 472 5
408 415 1172
436 415 967
396 415 908
418 415 797
439 415 272
436 414 1191
396 414 908
418 414 797
439 414 730
408 414 382
175 414 251
396 325 893
408 325 588
175 325 339
418 325 236
439 325 225
264 175 1113
310 175 1025
374 175 697
267 175 514
208 175 461
360 175 214
374 396 1242
208 396 742
360 396 564
310 396 249
264 396 214
374 418 1242
360 418 564
267 418 343
310 418 336
208 418 336
374 408 900
208 408 845
310 408 553
267 408 343
360 408 237
374 436 1015
360 436 418
267 436 343
208 436 333
310 436 267
374 439 1242
360 439 427
267 439 343
208 439 278
310 439 267
214 208 1022
374 208 426
214 374 429
214 310 684
349 310 587
343 310 587
389 310 325
389 264 1132
389 267 899
101 343 1067
101 389 657
101 349 1294
134 349 845
101 355 1079
101 374 956
134 214 1207
200 214 1143
