187
299 533 567
677 533 396
800 533 817
236 533 1070
720 533 325
299 604 474
800 604 971
236 604 691
720 604 770
299 625 307
800 625 821
236 625 1023
720 625 770
299 652 515
800 652 1069
236 652 956
720 652 444
299 708 877
677 708 742
800 708 609
236 708 1204
720 708 804
299 739 702
677 739 702
800 739 746
236 739 1204
720 739 702
299 799 558
677 799 449
800 799 828
236 799 1042
720 799 1042
299 813 463
677 813 449
800 813 828
236 813 1042
720 813 1133
299 836 558
800 836 400
236 836 725
720 836 535
299 840 430
677 840 562
800 840 632
236 840 725
720 840 703
299 843 430
677 843 562
800 843 724
236 843 724
720 843 885
299 853 276
677 853 562
800 853 828
236 853 1042
720 853 1133
299 870 558
677 870 612
800 870 828
236 870 1042
720 870 1133
299 878 299
677 878 900
800 878 529
236 878 725
720 878 408
677 873 698
800 873 991
236 873 725
720 873 697
744 299 1042
678 299 912
752 299 364
604 299 334
774 299 260
752 677 1176
681 677 1010
744 677 897
678 677 340
604 677 195
752 800 905
681 800 115
774 236 458
678 236 878
752 236 421
678 720 525
774 720 10
176 604 767
159 604 742
177 604 703
463 604 654
496 604 458
86 604 241
152 774 125
463 752 1
159 678 1052
177 678 640
496 678 458
463 678 302
86 678 241
463 681 1055
159 681 703
177 681 640
496 681 458
86 681 334
86 744 1150
176 744 1261
159 744 1
412 496 6
375 86 20
403 152 627
412 152 494
375 152 492
403 177 798
412 177 569
390 176 1159
414 176 1093
375 176 550
403 159 687
375 159 492
412 159 171
414 463 1300
375 463 1291
390 463 1145
403 463 128
416 403 1255
398 403 919
408 403 509
402 403 456
436 403 456
398 412 1195
436 412 1160
408 412 1099
402 412 1089
416 412 380
402 375 1201
398 375 737
436 375 546
416 375 447
408 375 345
416 390 1255
402 390 1062
398 390 515
408 390 509
436 390 118
398 414 1195
436 414 1160
402 414 1089
416 414 948
408 414 509
233 436 1100
208 436 1056
140 436 1056
255 436 936
140 402 1300
208 402 1295
255 402 370
233 402 199
140 408 1120
208 408 1032
255 408 733
233 408 669
233 416 1100
140 416 884
208 416 439
255 398 1142
140 398 884
208 398 655
233 398 513
168 208 1203
214 208 952
342 208 766
238 140 1193
168 140 80
372 233 472
372 255 874
214 255 348
168 264 573
372 264 573
152 372 1297
152 168 1300
200 168 1117
152 342 1095
152 214 1300
200 214 1117
152 238 1300
200 238 1117
