128
751 475 1093
720 475 1093
795 475 894
306 475 202
767 475 928
751 595 680
720 595 1289
795 595 894
306 595 244
767 595 1240
751 613 680
720 613 1211
795 613 939
306 613 311
767 613 1240
751 641 680
720 641 1286
795 641 894
306 641 404
767 641 1136
751 648 680
720 648 1232
795 648 894
306 648 299
767 648 1179
751 663 680
720 663 1261
795 663 894
306 663 549
767 663 1240
751 843 835
720 843 1271
795 843 302
306 843 475
767 843 1234
749 751 522
338 751 352
749 720 1000
338 720 1
737 795 127
749 795 981
154 306 1068
737 306 1068
703 306 847
338 306 384
749 306 384
737 767 171
749 767 257
154 767 114
475 737 1172
229 737 159
475 749 1277
428 749 67
475 154 617
229 154 41
475 703 1250
428 703 1042
232 703 533
475 338 1263
19 338 947
232 338 498
428 338 444
229 338 249
4 229 1137
413 229 893
50 229 786
409 229 635
108 229 399
108 19 291
409 19 45
409 428 810
50 428 746
4 428 440
413 428 327
108 428 225
108 475 1222
409 475 317
4 475 953
413 475 346
50 475 529
108 232 1121
50 232 786
409 232 635
413 232 485
4 232 425
408 50 41
416 409 1242
412 409 1210
408 409 1075
436 409 520
398 409 180
412 413 1218
398 413 1218
416 413 1195
436 413 1150
408 413 814
416 4 1
408 108 107
374 398 1253
267 398 209
374 436 971
267 436 365
381 436 362
374 408 910
381 408 673
267 408 365
374 416 1194
374 412 1256
267 412 365
381 412 362
264 412 194
348 264 1122
368 264 369
379 264 338
368 374 659
348 267 878
368 267 558
379 267 338
349 381 396
368 381 324
343 381 247
101 343 931
101 349 1269
134 349 892
134 368 1291
101 368 860
134 379 1163
101 348 1080
