118
227 396 362
803 396 131
713 396 670
190 396 350
227 402 558
803 402 625
713 402 625
190 402 282
227 494 436
803 494 420
713 494 496
190 494 325
227 516 373
803 516 467
713 516 594
190 516 489
227 520 527
803 520 161
713 520 392
190 520 525
227 778 444
803 778 387
713 778 368
190 778 179
227 789 424
803 789 259
713 789 130
190 789 601
227 885 492
803 885 476
713 885 368
190 885 189
713 899 33
190 899 190
759 227 60
734 803 569
713 803 50
759 803 1
597 713 189
734 713 316
713 713 383
734 190 674
759 190 241
713 190 379
428 713 37
431 713 698
426 713 504
428 597 701
431 597 377
426 597 229
517 597 178
426 759 451
431 759 367
428 759 10
428 734 385
426 734 140
517 734 407
431 734 13
224 517 233
325 428 601
172 428 513
414 428 485
264 428 480
224 428 170
172 431 359
325 431 333
224 431 164
172 426 433
325 426 347
224 426 164
418 224 569
408 224 179
443 224 174
429 264 506
418 264 464
443 264 441
408 264 163
418 172 325
443 172 144
436 414 709
418 414 502
443 414 440
429 414 431
408 414 248
408 325 246
418 325 182
268 418 523
199 418 414
267 418 295
208 418 157
268 429 523
199 429 414
267 429 295
208 429 256
268 408 523
208 408 483
199 408 414
267 408 295
268 443 523
199 443 414
208 443 232
267 443 165
268 436 434
199 436 414
267 436 295
208 436 215
352 199 253
152 199 203
374 208 204
352 268 171
352 267 253
352 264 305
101 343 616
200 152 411
101 352 664
101 349 753
101 355 663
101 374 572
