123
774 448 965
720 448 1289
795 448 991
774 475 1254
720 475 1254
795 475 1002
774 496 805
720 496 1232
795 496 991
774 562 1026
720 562 1042
795 562 965
774 610 1026
720 610 1205
795 610 965
774 843 786
720 843 1243
795 843 387
774 866 839
720 866 1235
795 866 133
779 774 1248
797 774 195
779 720 1103
797 795 813
779 795 573
431 698 1075
428 698 1034
479 698 987
189 698 879
258 698 244
431 797 295
479 797 1253
258 797 51
258 779 603
479 779 1226
479 703 1062
428 703 1034
189 703 879
431 703 563
258 703 219
479 338 902
431 338 837
428 338 509
258 338 209
189 338 146
481 479 1024
50 479 990
409 479 497
413 479 44
481 428 875
409 428 823
50 428 787
414 428 672
413 428 352
390 428 190
50 258 958
413 258 944
409 258 805
481 258 228
414 258 227
409 431 1002
413 431 880
481 431 875
50 431 278
481 189 1172
50 189 961
409 189 686
413 189 455
408 50 80
416 409 1213
355 409 1166
408 409 1143
436 409 562
398 409 185
436 413 1215
398 413 1211
416 413 1126
408 413 940
355 413 381
355 481 1007
436 481 5
416 390 1266
355 390 1086
398 390 754
408 390 511
436 414 1215
398 414 1211
355 414 1086
416 414 590
408 414 511
374 398 1253
255 398 1176
233 398 788
267 398 241
374 408 857
255 408 855
233 408 728
267 408 427
374 436 1079
255 436 1079
233 436 1071
267 436 427
374 416 1206
233 416 1071
255 416 338
267 416 241
264 416 188
374 355 1212
255 355 1172
233 355 1155
264 355 732
267 355 523
389 264 1086
346 264 988
186 255 212
186 233 296
346 267 803
389 267 803
134 389 582
123 346 996
134 346 977
123 186 817
