89
774 401 1128
744 401 894
720 401 1058
774 475 1227
744 475 185
720 475 1227
774 528 1093
744 528 838
720 528 856
774 558 501
744 558 501
720 558 917
774 702 900
744 702 1253
720 702 1296
774 753 862
744 753 905
720 753 1195
779 774 1274
588 774 3
779 744 19
588 720 145
779 720 1204
821 720 248
466 821 1080
479 821 1236
479 779 1283
466 779 1144
466 703 1252
479 703 1125
217 703 474
466 588 1252
479 588 1125
217 588 474
409 479 622
50 479 1100
409 466 1048
50 466 55
50 217 1028
409 217 710
361 217 182
408 50 80
416 409 1263
412 409 1263
408 409 1104
436 409 495
408 361 488
436 361 397
416 361 397
412 361 397
436 414 1211
412 414 753
416 414 532
408 414 433
233 436 1171
255 436 1089
267 436 449
338 436 430
255 408 957
233 408 871
267 408 449
233 416 1188
338 416 614
255 416 306
267 416 191
255 412 1237
233 412 608
267 412 449
338 412 342
348 255 352
330 338 704
348 338 352
330 233 623
348 233 352
389 267 782
348 267 782
69 330 957
134 330 850
134 342 1290
69 342 836
101 342 443
69 389 997
101 389 654
101 349 1250
69 349 957
134 349 850
101 348 1039
69 348 997
101 238 618
