154
0 262 912
713 262 859
33 262 112
0 491 908
713 491 685
190 491 478
33 491 747
0 504 833
713 504 935
190 504 460
33 504 379
0 520 875
713 520 935
190 520 726
33 520 440
0 538 779
713 538 935
190 538 603
33 538 230
0 607 457
713 607 935
190 607 493
33 607 751
0 609 492
713 609 916
190 609 460
33 609 400
0 789 438
713 789 198
190 789 839
33 789 223
0 837 721
713 837 631
190 837 520
33 837 598
0 878 651
713 878 319
190 878 456
33 878 651
0 882 798
713 882 802
190 882 257
33 882 571
713 899 276
190 899 164
713 0 1048
597 0 126
615 0 378
713 713 444
597 713 165
615 713 151
713 190 560
804 190 348
615 190 783
759 190 316
597 33 315
713 33 1083
43 713 861
431 713 1012
426 713 589
428 713 74
162 713 28
428 597 999
162 597 491
431 597 491
43 597 421
426 597 208
43 615 918
426 615 710
428 615 394
431 615 119
431 759 343
426 759 559
428 759 25
431 804 497
426 804 1016
448 43 566
224 43 288
264 43 8
415 428 950
414 428 804
264 428 653
245 428 280
224 428 265
448 428 258
415 431 1003
224 431 252
415 426 359
448 426 316
245 426 280
224 426 252
264 162 512
224 162 489
418 224 740
443 224 339
408 224 257
429 264 805
443 264 767
418 264 621
408 264 246
443 448 7
418 245 749
436 245 680
408 245 388
443 245 179
408 415 1037
436 415 735
443 415 639
418 415 586
429 415 413
436 414 1064
443 414 731
429 414 651
418 414 586
408 414 428
268 418 702
199 418 675
267 418 457
208 418 298
268 429 702
199 429 675
267 429 457
208 429 423
268 436 693
199 436 675
267 436 457
208 436 344
208 408 830
268 408 702
199 408 675
267 408 457
268 443 702
199 443 675
208 443 406
267 443 249
352 199 467
214 208 972
368 247 720
352 247 542
352 268 348
368 267 516
352 267 467
379 267 272
352 264 542
368 264 295
101 343 873
134 368 1134
101 368 795
134 214 1058
200 214 899
101 352 986
101 349 1130
134 349 733
134 379 1053
