219
816 408 584
663 408 330
665 408 592
813 408 537
811 408 330
74 408 663
796 408 669
816 422 297
663 422 320
665 422 550
813 422 537
811 422 197
74 422 550
796 422 543
603 422 197
816 525 365
663 525 324
665 525 592
813 525 269
74 525 1092
796 525 414
816 540 584
663 540 413
665 540 236
813 540 236
811 540 533
74 540 236
796 540 700
816 570 584
663 570 267
665 570 267
813 570 537
811 570 198
74 570 267
796 570 863
816 582 584
663 582 324
665 582 591
813 582 537
811 582 116
74 582 1092
796 582 827
816 625 537
663 625 324
665 625 591
813 625 476
74 625 1092
796 625 476
816 659 417
663 659 337
665 659 591
813 659 414
74 659 689
796 659 700
816 667 297
663 667 371
665 667 591
813 667 269
811 667 371
74 667 1092
796 667 429
816 677 297
663 677 413
665 677 590
813 677 421
811 677 750
74 677 590
796 677 431
816 776 245
663 776 163
665 776 500
813 776 243
811 776 536
74 776 148
796 776 394
603 776 396
585 816 48
585 663 959
681 663 926
689 663 754
719 663 335
340 663 178
681 665 926
689 665 725
719 665 335
340 665 178
340 813 164
400 813 17
400 811 506
719 811 54
681 811 31
340 811 57
689 811 2
719 74 338
340 74 420
400 74 3
400 796 106
585 796 209
689 796 49
689 603 742
681 603 714
585 603 481
719 603 416
340 603 178
177 400 558
86 400 468
428 400 355
13 400 240
177 340 947
86 340 862
428 340 484
13 719 64
463 689 905
177 689 887
428 689 819
217 689 609
13 689 547
86 689 202
177 585 773
217 585 609
428 585 586
13 585 373
463 585 204
86 585 202
463 681 1174
13 681 1032
177 681 766
428 681 617
217 681 481
86 681 299
375 86 35
440 177 611
403 177 572
415 428 906
414 428 724
21 428 580
390 428 460
375 428 398
440 428 357
403 428 315
375 13 1270
415 13 4
440 217 816
375 217 690
403 217 314
375 463 1271
414 463 1269
390 463 1010
21 463 1005
415 463 407
440 463 210
403 463 155
412 403 1155
416 403 1146
396 403 868
398 403 605
436 403 546
402 403 546
402 375 1163
436 375 518
416 375 518
398 375 503
412 375 324
402 440 1246
412 440 1155
416 440 1146
396 440 398
402 390 1208
412 390 1155
416 390 1146
396 390 868
398 390 238
412 415 917
416 415 917
436 415 915
402 415 915
398 415 915
396 415 868
402 414 1129
436 414 971
398 414 948
396 414 715
416 414 691
412 414 285
436 21 163
396 21 161
398 21 137
140 402 1272
208 402 1269
267 402 292
233 402 166
140 416 1000
233 416 915
424 416 579
208 416 336
140 396 1173
208 396 1054
233 396 915
140 398 1000
208 398 829
424 398 573
233 398 486
140 436 1096
208 436 1096
233 436 915
267 436 292
424 436 240
140 412 1173
233 412 414
424 412 316
267 412 292
208 412 211
324 208 381
238 140 1049
324 233 239
324 424 221
152 324 741
152 238 1272
76 238 508
