116
87 54 470
770 54 20
87 415 841
218 415 777
8 415 637
770 415 735
87 424 781
218 424 311
8 424 409
770 424 781
87 479 627
218 479 521
8 479 627
770 479 575
87 496 868
218 496 521
8 496 637
770 496 881
87 517 841
218 517 521
8 517 637
770 517 813
87 596 805
218 596 639
8 596 678
770 596 484
87 632 848
218 632 369
8 632 409
770 632 848
87 668 559
218 668 877
8 668 559
770 668 380
87 763 806
218 763 563
8 763 344
770 763 806
87 780 746
218 780 76
8 780 432
770 780 512
713 87 390
792 87 371
713 218 854
734 218 856
792 218 5
713 8 888
792 8 926
734 8 929
792 770 367
431 713 884
426 713 448
344 713 178
344 792 928
139 792 24
344 734 653
431 734 71
139 734 238
426 734 30
460 344 804
407 344 457
18 344 313
407 431 902
415 431 775
18 431 168
414 431 138
460 139 514
407 139 473
407 426 902
415 426 440
18 426 168
414 426 138
418 18 193
418 460 320
443 460 14
408 407 851
418 407 486
429 407 455
443 407 455
436 407 314
418 390 486
443 390 317
408 390 312
429 390 308
408 415 767
436 415 570
443 415 568
418 415 486
429 415 363
436 414 898
443 414 644
429 414 622
418 414 486
408 414 312
227 418 518
267 418 346
208 418 277
381 418 213
227 429 662
208 429 358
267 429 346
381 429 213
208 408 671
381 408 406
267 408 346
227 443 540
208 443 319
267 443 175
227 436 355
267 436 346
208 436 314
381 436 213
214 208 748
214 381 440
200 214 814
