131
154 424 578
67 424 1048
106 424 829
758 424 858
154 428 579
67 428 1071
106 428 247
758 428 1026
154 479 262
67 479 1048
106 479 829
758 479 849
154 509 494
67 509 1048
106 509 617
758 509 1158
154 616 420
67 616 1022
106 616 476
758 616 1147
154 720 430
67 720 1048
106 720 829
758 720 1012
154 743 262
67 743 955
106 743 829
758 743 1158
154 749 883
67 749 1048
106 749 751
758 749 1158
154 813 564
67 813 719
106 813 469
758 813 352
154 853 601
67 853 707
106 853 717
758 853 349
67 54 1045
67 289 831
758 289 1083
831 154 1197
82 154 755
831 67 1287
763 67 1135
82 67 951
338 106 901
831 106 694
338 758 872
831 758 1111
82 758 230
763 758 35
303 82 644
270 82 983
344 82 206
419 82 119
303 831 313
344 831 881
270 831 824
419 831 167
344 763 1079
419 338 905
303 338 677
270 338 623
483 419 1111
460 419 742
460 344 1203
483 344 388
225 344 346
264 344 282
460 303 1108
225 303 849
483 303 849
483 270 1063
460 270 929
264 270 707
225 270 346
225 426 677
483 426 232
429 264 1132
443 264 1090
409 264 862
418 264 805
403 264 741
418 460 399
409 460 679
403 460 392
443 460 3
418 483 334
403 483 380
429 225 725
443 225 725
403 225 453
418 225 399
443 414 1056
429 414 975
418 414 697
403 414 402
287 409 1155
223 409 830
208 409 591
201 409 489
267 418 528
201 418 489
208 418 427
223 418 282
267 429 528
201 429 489
208 429 463
287 429 263
223 443 865
287 443 678
201 443 489
208 443 427
208 403 1078
287 403 725
267 403 652
201 403 489
223 403 206
378 208 311
378 287 1167
348 287 694
378 201 574
348 267 920
378 267 450
378 223 508
348 223 508
152 378 1285
152 348 1285
