167
87 385 755
0 385 464
8 385 570
270 385 252
282 385 683
87 424 507
0 424 386
8 424 507
270 424 203
282 424 344
87 496 755
0 496 386
8 496 556
270 496 203
282 496 391
87 517 755
0 517 781
8 517 556
270 517 327
282 517 416
87 520 755
0 520 685
8 520 556
270 520 252
282 520 703
87 565 652
0 565 772
8 565 556
270 565 208
282 565 505
87 596 755
0 596 802
8 596 556
270 596 240
282 596 606
87 633 707
0 633 388
8 633 131
282 633 796
87 763 317
0 763 574
8 763 356
270 763 252
282 763 464
87 799 226
0 799 590
8 799 716
270 799 693
87 820 741
0 820 608
8 820 667
270 820 548
282 820 385
87 854 741
0 854 642
8 854 646
270 854 548
282 854 550
87 885 364
0 885 756
8 885 586
270 885 548
8 116 724
270 116 21
713 87 372
338 87 272
792 87 212
792 0 501
713 0 898
713 8 918
792 8 913
734 8 960
713 270 546
734 270 493
338 270 476
792 270 458
713 282 867
792 282 729
338 282 508
734 282 493
446 792 190
344 792 952
225 792 730
446 713 717
431 713 920
344 713 196
225 734 938
344 734 593
431 734 17
431 338 851
225 338 619
446 338 115
264 225 521
460 225 478
414 225 324
407 225 277
18 225 273
460 344 652
407 344 414
264 344 352
407 446 657
460 446 330
414 446 322
18 446 168
407 431 943
415 431 889
18 431 221
429 264 759
443 264 699
418 264 551
408 264 200
418 18 259
418 460 437
443 460 22
408 407 890
418 407 597
429 407 499
443 407 499
436 407 305
436 414 935
443 414 673
429 414 621
418 414 597
408 414 337
408 415 838
443 415 612
418 415 597
436 415 537
429 415 421
268 418 568
220 418 456
227 418 456
267 418 354
208 418 258
381 418 258
220 429 666
227 429 663
268 429 568
267 429 354
208 429 262
208 408 673
220 408 583
268 408 568
267 408 354
381 408 296
220 443 603
227 443 603
268 443 568
208 443 250
267 443 143
268 436 568
267 436 354
208 436 289
220 436 272
227 436 272
214 208 746
370 268 247
214 220 746
370 220 247
370 267 574
214 381 448
370 227 515
76 370 551
76 152 959
184 152 567
200 214 849
76 214 557
