168
154 402 362
47 402 955
0 402 314
780 402 772
33 402 772
154 444 913
47 444 1025
0 444 465
780 444 871
33 444 1205
154 446 913
47 446 1140
0 446 618
780 446 835
33 446 1023
154 496 393
47 496 1140
0 496 641
780 496 250
33 496 1141
154 513 913
47 513 371
0 513 314
780 513 640
33 513 1268
154 520 393
47 520 1140
0 520 892
780 520 635
33 520 892
154 540 664
47 540 1139
0 540 465
780 540 920
33 540 1051
154 763 857
47 763 387
0 763 783
780 763 958
33 763 1155
154 854 583
47 854 203
0 854 819
780 854 852
33 854 310
47 441 1140
0 441 684
780 441 703
33 441 684
698 154 753
713 154 526
738 154 18
814 154 4
814 47 17
713 0 1214
698 0 794
597 0 235
713 780 1202
738 780 191
713 33 1214
814 33 1270
597 33 309
446 713 558
431 713 1211
428 713 36
344 713 151
431 698 1222
428 698 1086
241 698 755
428 597 1086
241 597 997
344 597 852
446 597 759
431 597 719
241 814 742
431 814 159
344 814 5
241 738 688
431 738 41
40 344 885
172 344 698
267 344 664
267 446 620
375 446 611
414 446 611
172 446 439
415 428 1117
414 428 902
172 428 733
40 428 332
267 428 332
390 428 332
415 431 1117
375 431 614
172 431 496
40 431 306
414 431 168
267 241 763
172 241 698
40 241 645
375 241 206
398 375 705
436 375 705
439 375 532
390 375 256
396 267 932
436 267 808
398 267 808
408 267 428
439 267 380
436 40 329
408 40 606
398 40 65
396 172 860
390 172 656
439 172 386
408 415 1025
390 415 904
398 415 882
436 415 882
396 415 882
439 415 290
390 390 904
396 390 882
398 390 547
408 390 424
439 390 194
436 414 1222
398 414 1166
396 414 858
439 414 768
390 414 488
408 414 424
208 408 1009
310 408 435
267 408 358
307 436 442
208 436 419
303 436 391
267 436 358
208 396 744
307 396 222
303 396 222
307 398 479
303 398 391
208 398 352
310 398 219
307 390 525
303 390 391
208 390 238
310 390 226
208 439 481
267 439 358
330 208 370
374 208 370
368 307 1238
330 307 603
374 303 1102
368 310 307
349 310 305
343 310 305
368 267 660
101 349 1287
101 343 996
101 355 1059
101 368 876
101 330 871
101 374 871
