175
718 204 955
800 204 5
828 204 1229
718 408 1172
744 408 765
665 408 885
800 408 765
828 408 1098
718 525 1085
744 525 230
665 525 709
800 525 429
828 525 367
718 526 792
744 526 356
665 526 792
800 526 620
828 526 596
718 570 872
744 570 722
665 570 872
800 570 722
828 570 722
718 603 919
744 603 281
665 603 730
800 603 481
828 603 919
718 657 549
744 657 630
665 657 460
800 657 280
828 657 445
718 696 1201
744 696 746
665 696 709
800 696 730
828 696 1098
718 698 1087
744 698 746
665 698 709
800 698 730
828 698 1087
718 765 903
744 765 975
665 765 903
800 765 975
828 765 709
718 803 880
744 803 926
665 803 400
828 803 336
718 811 1265
744 811 668
665 811 701
800 811 861
828 811 135
718 819 1190
744 819 708
665 819 359
828 819 135
16 718 1136
823 718 533
516 718 354
698 718 30
787 718 43
752 718 2
16 744 479
823 744 470
516 744 309
787 744 87
823 665 947
752 665 895
16 665 543
516 665 281
752 800 893
516 800 110
16 828 683
516 828 433
752 828 244
823 828 146
787 828 6
177 698 1125
217 698 513
396 698 466
229 823 10
217 787 1072
229 752 12
177 16 561
229 16 98
217 16 21
229 516 868
396 516 517
177 516 186
217 516 186
403 396 634
414 396 476
393 396 411
375 396 246
403 229 772
375 229 466
403 177 772
403 217 534
375 217 532
390 217 250
414 217 250
414 463 1297
375 463 1294
390 463 1136
415 463 441
403 463 245
393 463 173
416 403 1261
412 403 1222
398 403 799
402 403 532
436 403 532
416 393 1261
412 393 1222
402 393 698
436 393 686
398 393 686
402 375 1209
416 375 541
436 375 541
398 375 540
412 375 477
416 390 1261
412 390 1222
402 390 1169
398 390 519
436 390 115
402 414 1055
436 414 1043
398 414 1013
416 414 867
412 414 496
416 415 1038
412 415 1038
402 415 1021
436 415 1021
398 415 1013
140 402 1299
208 402 1298
206 402 1156
255 402 339
324 402 214
233 402 155
208 436 1013
140 436 1013
206 436 998
233 436 952
255 436 886
324 436 446
206 416 1208
233 416 952
140 416 885
324 416 446
208 416 412
206 398 1208
255 398 1066
140 398 885
208 398 670
233 398 581
324 398 446
140 412 1189
255 412 1066
233 412 313
208 412 228
206 412 228
324 412 214
238 140 1176
152 255 628
76 152 1245
152 238 1299
