145
97 426 1084
774 426 973
744 426 1198
741 426 1153
97 444 898
774 444 898
744 444 843
741 444 687
97 475 890
774 475 890
744 475 193
741 475 457
97 514 883
774 514 883
744 514 1198
741 514 1153
97 562 963
774 562 963
744 562 480
741 562 913
97 575 676
774 575 676
744 575 1198
741 575 1153
97 595 492
774 595 609
744 595 1198
741 595 1153
97 631 1035
774 631 958
744 631 663
741 631 784
97 803 504
774 803 1141
744 803 1140
741 803 753
774 823 1044
744 823 114
741 823 423
767 97 392
721 97 434
737 97 20
737 774 994
767 774 161
823 774 543
721 774 401
774 774 54
823 744 607
717 744 661
737 744 165
823 741 1032
774 741 844
737 741 164
717 741 6
349 823 1
217 737 974
466 737 795
177 737 2
217 774 1003
349 767 614
466 767 252
217 767 53
349 721 64
466 717 293
217 717 556
349 717 173
403 349 833
409 349 550
413 349 420
403 177 666
409 177 542
413 177 410
414 177 276
413 217 701
409 217 514
403 217 502
375 217 459
409 466 907
414 463 1297
375 463 1295
390 463 993
409 463 738
413 463 455
403 463 219
416 403 1249
412 403 1219
398 403 975
402 403 505
436 403 505
416 409 1249
412 409 1219
436 409 539
398 409 259
402 409 185
412 413 1216
398 413 1216
416 413 1210
402 413 1104
436 413 1043
402 375 1258
436 375 523
398 375 447
412 375 442
416 375 442
416 390 1249
412 390 1219
402 390 1175
398 390 717
436 390 118
402 414 1104
398 414 1049
436 414 1043
416 414 767
412 414 686
140 402 1300
208 402 1299
255 402 375
267 402 242
233 402 170
255 398 1117
140 398 932
208 398 659
233 398 616
233 436 995
208 436 951
140 436 951
255 436 876
267 436 242
233 416 995
140 416 932
208 416 323
255 412 1117
140 412 991
233 412 361
267 412 242
214 208 1058
238 140 1129
152 255 594
214 255 297
214 233 386
76 152 1253
152 214 1300
76 214 725
152 238 1300
76 238 510
