86
774 499 1069
181 499 491
14 499 476
774 506 1094
181 506 587
14 506 692
774 552 960
181 552 1157
14 552 989
774 562 935
181 562 735
14 562 480
774 631 960
181 631 1157
14 631 989
774 670 1217
181 670 1173
14 670 950
774 679 1117
181 679 1157
14 679 989
774 760 1186
181 760 735
14 760 447
779 774 1211
754 774 350
297 774 23
754 181 1300
297 181 282
779 14 2
521 754 1278
162 754 29
162 297 1185
521 297 1039
466 297 1039
466 779 1131
466 703 1218
162 703 936
521 703 630
409 466 1006
412 466 559
407 466 37
409 521 832
403 162 645
409 162 623
407 162 353
412 409 1201
416 409 1201
408 409 1111
436 409 525
398 409 212
416 403 1247
412 403 1212
398 403 1070
436 403 452
408 403 423
416 407 871
408 407 804
412 407 536
398 407 536
436 407 525
398 412 1109
436 412 1109
408 412 977
416 412 544
412 412 296
140 398 644
208 398 527
199 398 233
140 436 845
208 436 845
199 436 233
140 408 1032
208 408 940
199 408 659
140 416 644
208 416 368
140 412 1072
264 412 193
238 140 1044
152 199 420
342 208 786
152 342 1037
76 152 1274
152 238 1300
76 238 579
