96
774 401 947
720 401 947
775 401 314
774 475 682
720 475 933
775 475 1173
774 732 1044
720 732 654
775 732 611
774 742 764
720 742 1072
775 742 269
774 843 397
720 843 1258
775 843 273
774 851 952
720 851 1238
775 851 1045
775 75 474
779 774 1148
588 774 2
588 720 106
779 720 922
821 720 233
588 775 141
779 775 479
703 775 1
428 712 12
466 821 949
466 779 1087
466 703 1210
428 703 1125
217 703 458
46 703 337
466 588 1210
428 588 1125
217 588 458
361 46 28
412 46 199
409 428 931
361 428 777
414 428 670
412 428 588
409 217 724
361 217 221
412 466 651
409 466 1029
416 409 1256
408 409 1124
436 409 518
398 409 235
436 412 1194
398 412 1194
408 412 1040
416 412 668
408 361 555
416 361 363
436 361 363
398 361 363
398 414 1200
436 414 1195
416 414 467
408 414 463
255 398 1233
233 398 753
338 398 645
255 408 934
233 408 854
267 408 443
233 436 1186
255 436 1102
267 436 443
338 436 441
233 416 1186
338 416 645
255 416 398
389 264 1122
348 264 1042
346 264 997
348 255 430
330 338 725
348 338 430
330 233 651
348 233 324
389 267 829
346 267 829
348 267 829
69 330 1028
134 330 914
134 342 1293
69 342 921
134 346 1030
69 389 1060
69 349 1028
134 349 914
69 348 1094
