194
350 107 835
800 107 9
742 107 913
350 442 1006
800 442 896
742 442 1165
409 442 653
350 509 1006
800 509 723
742 509 1151
409 509 734
350 525 682
800 525 587
742 525 682
409 525 682
350 529 1001
800 529 699
742 529 1001
409 529 644
350 549 1006
800 549 1186
742 549 1199
409 549 338
350 574 745
800 574 1186
742 574 322
409 574 653
350 597 777
800 597 1186
742 597 777
409 597 777
350 625 642
800 625 642
742 625 391
409 625 628
350 627 784
800 627 706
742 627 963
409 627 963
350 643 894
800 643 699
742 643 894
409 643 578
350 838 674
800 838 1089
742 838 377
409 838 706
350 867 782
800 867 1089
742 867 571
409 867 245
520 350 813
755 350 709
719 350 683
436 350 371
454 350 361
184 350 201
755 800 194
184 800 698
436 800 264
184 742 1049
755 742 7
719 742 4
436 409 1033
184 409 999
454 409 934
755 409 648
719 409 532
520 409 355
177 755 27
278 719 584
192 719 228
159 719 8
262 454 1029
278 454 963
177 454 863
192 454 303
159 454 210
278 184 1237
192 184 873
177 436 1059
278 436 963
262 436 752
192 436 495
159 436 344
177 520 937
262 520 909
159 520 754
192 520 658
175 278 758
403 278 522
412 278 444
175 177 931
403 177 419
412 177 412
175 262 758
403 262 522
412 262 425
375 262 343
175 159 758
375 159 624
403 159 513
175 192 931
412 192 338
403 192 314
416 403 1236
412 403 1191
398 403 778
402 403 554
436 403 554
408 403 384
402 375 1125
398 375 726
436 375 530
416 375 482
412 375 350
408 175 719
402 175 370
436 412 1056
398 412 1056
402 412 1039
408 412 676
416 412 379
412 412 221
402 415 957
436 415 957
398 415 957
416 415 831
412 415 831
408 415 623
416 390 1236
402 390 1212
412 390 1191
398 390 455
408 390 384
436 390 101
436 414 1105
398 414 1097
402 414 1039
416 414 897
412 414 468
408 414 384
140 402 1300
208 402 1299
206 402 1210
218 402 763
235 402 291
206 398 1236
140 398 836
208 398 739
424 398 564
235 398 492
206 408 1010
208 408 1003
140 408 836
218 408 763
424 408 437
235 408 139
140 436 1078
208 436 1078
206 436 1070
218 436 763
235 436 492
424 436 264
206 416 1236
140 416 836
424 416 564
235 416 492
208 416 278
218 416 270
140 412 1206
218 412 763
235 412 492
424 412 293
206 412 292
214 208 1033
330 208 245
238 140 1107
385 424 843
330 424 337
349 424 192
330 218 1104
385 218 412
343 218 311
385 235 521
343 235 314
69 343 945
69 330 1044
152 214 1300
200 214 1103
69 385 945
69 349 923
152 238 1300
200 238 1103
