126
803 400 399
290 400 405
81 400 399
825 400 66
33 400 455
803 424 315
290 424 462
81 424 364
33 424 364
803 460 421
290 460 342
81 460 632
825 460 117
33 460 332
803 720 609
290 720 363
81 720 337
825 720 609
33 720 281
803 764 287
290 764 266
81 764 342
825 764 234
33 764 462
803 781 186
290 781 108
81 781 403
825 781 485
33 781 372
803 813 385
290 813 333
81 813 302
825 813 260
33 813 372
803 838 101
290 838 101
81 838 403
825 838 91
33 838 251
290 207 261
81 207 119
290 790 418
81 790 425
825 790 156
33 790 157
33 54 447
33 197 320
733 803 741
338 803 768
733 290 608
814 290 564
338 290 530
831 290 510
814 81 667
733 81 323
338 81 58
814 825 131
831 825 398
338 33 668
814 33 675
733 33 708
428 733 87
270 733 166
270 814 572
303 814 488
270 831 522
303 831 253
419 831 81
419 338 473
270 338 338
303 338 324
428 338 191
483 419 674
391 419 313
414 428 642
264 428 495
225 428 258
483 428 251
225 303 644
483 303 573
391 303 490
483 270 646
391 270 572
264 270 512
225 270 176
429 264 683
443 264 651
418 264 442
418 483 278
390 391 656
443 391 601
418 391 386
429 391 382
408 391 257
429 225 435
443 225 435
418 225 332
408 225 240
390 225 207
443 414 632
429 414 595
418 414 509
390 414 251
408 414 219
199 418 469
267 418 308
201 418 288
199 429 469
368 429 338
267 429 308
201 429 288
287 429 147
199 408 469
201 408 323
267 408 308
287 408 180
199 443 469
287 443 393
201 443 288
267 443 127
287 390 719
378 199 284
378 287 673
378 201 298
378 267 192
152 378 761
