211
97 409 754
240 409 838
265 409 389
190 409 445
106 409 196
740 409 445
97 416 854
240 416 788
265 416 379
190 416 641
106 416 666
740 416 681
97 450 1082
240 450 788
265 450 389
190 450 511
106 450 610
740 450 681
97 466 396
240 466 384
265 466 293
190 466 396
106 466 293
740 466 195
97 520 694
240 520 694
265 520 327
190 520 641
106 520 602
740 520 308
97 576 826
240 576 788
265 576 486
190 576 293
106 576 468
740 576 681
97 605 1123
240 605 788
265 605 357
190 605 461
740 605 681
97 691 1022
240 691 788
265 691 327
190 691 359
106 691 610
740 691 681
97 730 711
240 730 711
265 730 304
190 730 494
106 730 610
740 730 396
97 763 854
240 763 838
265 763 389
190 763 461
106 763 683
740 763 683
97 820 430
240 820 529
265 820 454
190 820 352
106 820 634
740 820 682
97 823 690
240 823 719
265 823 355
190 823 352
106 823 719
740 823 888
97 890 781
265 890 673
190 890 534
106 890 788
740 890 481
240 854 1040
265 854 454
190 854 352
106 854 820
740 854 443
611 97 521
713 97 96
698 240 1004
738 240 20
759 240 442
611 240 161
713 265 798
759 265 693
738 265 689
804 265 643
698 265 633
611 265 214
804 190 425
759 190 358
713 190 448
713 106 998
804 106 1084
611 106 206
698 740 118
738 740 325
713 740 66
804 740 207
759 740 1
431 713 1176
426 713 701
431 698 1190
426 698 723
225 698 663
483 698 466
477 698 244
431 759 573
477 759 975
426 759 561
431 738 7
483 611 730
431 611 446
477 611 419
225 611 165
431 804 628
426 804 1121
225 804 19
483 804 7
219 225 656
264 225 597
409 225 581
414 225 510
333 483 778
264 483 44
264 477 647
219 477 142
409 477 3
415 431 1126
409 431 734
219 431 187
409 426 734
415 426 517
219 426 187
408 333 873
439 333 618
429 333 491
418 333 289
436 333 284
439 409 1262
408 409 1146
418 409 837
396 409 815
429 409 504
436 409 442
429 264 837
396 264 788
418 264 755
439 264 412
396 219 701
429 219 648
439 219 503
436 219 503
418 219 481
408 219 444
408 415 1175
418 415 837
436 415 826
396 415 815
439 415 392
429 415 368
436 414 1224
418 414 837
396 414 815
429 414 650
439 414 549
408 414 419
267 418 528
307 418 429
303 418 371
208 418 293
307 429 706
391 429 579
267 429 528
208 429 395
303 429 371
208 408 848
267 408 528
208 396 511
307 396 343
303 396 343
391 396 318
267 396 252
264 396 190
267 436 528
307 436 429
303 436 371
208 436 293
267 439 528
208 439 293
264 439 183
374 208 400
387 208 399
368 307 1233
387 307 941
152 307 611
387 264 513
152 391 582
387 391 567
374 303 885
152 303 670
368 267 590
101 387 985
101 415 992
101 368 914
101 374 902
76 152 1279
