146
460 421 133
813 421 1143
550 421 274
330 421 392
739 421 702
460 603 664
813 603 778
550 603 429
330 603 776
739 603 827
460 673 664
813 673 1235
550 673 429
330 673 653
739 673 886
460 701 285
813 701 1070
550 701 602
330 701 413
739 701 874
460 821 639
330 821 1006
460 892 152
813 892 890
550 892 152
330 892 730
739 892 473
813 806 337
550 806 337
330 806 730
739 806 473
560 460 652
656 460 618
516 460 567
729 460 429
727 813 932
560 813 965
560 550 1172
656 550 642
516 550 539
729 550 431
727 550 426
560 330 800
656 330 763
727 330 629
729 330 517
516 330 449
560 739 1267
727 739 843
656 739 1
233 656 970
416 656 818
463 656 556
281 656 536
233 560 1151
281 560 1102
463 560 214
176 560 214
281 727 139
176 727 1
233 729 630
416 729 44
281 516 669
233 516 472
176 516 383
375 416 959
30 416 733
30 233 980
232 233 656
414 233 479
375 233 297
375 176 1061
414 176 729
30 176 580
232 176 404
415 176 307
30 281 1024
375 281 1024
232 281 305
375 463 1300
414 463 1216
415 463 308
407 30 3
408 30 3
407 232 497
447 232 497
402 375 1213
407 375 1213
447 375 604
436 375 579
398 375 569
407 415 797
402 415 746
436 415 746
398 415 746
408 415 693
402 414 1172
436 414 1014
398 414 991
408 414 327
407 414 307
140 447 1300
208 447 1300
440 447 519
424 447 481
208 407 1300
140 407 1300
424 407 367
440 407 367
140 402 1300
208 402 1300
440 402 609
424 402 158
208 408 1165
140 408 985
440 408 519
424 408 481
140 436 1194
208 436 1194
440 436 522
424 436 522
140 398 1080
208 398 933
440 398 801
424 398 587
168 140 78
238 140 1204
168 208 1202
214 208 1057
168 424 1127
379 424 870
372 424 601
368 424 365
168 440 913
379 440 870
372 440 563
214 440 561
368 440 369
152 372 1299
152 168 1300
134 368 1300
152 368 1068
152 214 1300
134 214 1183
134 379 1104
152 238 1300
