246
87 20 123
745 20 1
87 288 660
113 288 757
236 288 1169
87 370 978
236 370 36
87 449 195
113 449 656
388 449 209
236 449 446
745 449 311
252 449 1216
87 531 674
113 531 656
388 531 371
236 531 579
745 531 695
252 531 1233
87 636 374
113 636 240
388 636 209
236 636 907
745 636 311
252 636 957
87 652 463
113 652 612
388 652 371
236 652 680
745 652 383
252 652 957
87 747 674
113 747 656
388 747 371
236 747 292
745 747 695
252 747 1238
87 772 392
113 772 176
388 772 456
236 772 774
745 772 290
252 772 1219
87 821 163
113 821 315
388 821 465
236 821 1058
252 821 366
87 826 392
113 826 192
388 826 347
236 826 1058
745 826 374
252 826 1219
87 840 940
113 840 176
388 840 456
236 840 774
745 840 290
252 840 1219
87 883 740
113 883 402
388 883 465
236 883 1058
745 883 174
252 883 891
686 87 63
263 87 143
678 87 24
787 87 3
263 113 333
726 113 135
787 113 107
817 113 2
686 113 1
813 113 2
787 388 662
813 388 568
726 388 485
686 388 344
761 388 259
678 388 234
761 236 603
678 236 1212
817 236 284
263 236 326
813 745 344
761 745 351
787 745 237
263 252 737
761 252 837
817 252 1000
678 252 4
277 787 1065
159 263 1181
463 263 1050
38 263 918
302 263 744
277 263 677
416 263 543
82 263 274
159 761 1216
69 761 788
277 761 280
302 761 38
159 678 1215
38 678 743
463 678 332
326 678 328
302 678 283
416 678 169
82 817 1188
159 817 791
302 817 211
326 817 69
69 817 17
463 686 1287
159 686 796
38 686 743
416 686 623
302 813 16
277 813 8
159 726 919
82 726 600
326 726 951
416 726 400
159 744 1
302 744 2
375 416 1038
30 416 426
30 326 467
412 326 441
375 302 567
30 302 366
121 302 239
412 302 223
121 159 677
375 159 567
30 159 366
30 277 399
375 277 294
121 69 1053
121 82 1284
375 463 1298
414 463 1297
390 463 826
412 463 363
415 463 351
407 375 1286
442 375 1267
402 375 726
436 375 504
398 375 476
407 30 2
408 121 1
407 390 1237
402 390 1207
442 390 609
224 390 514
408 390 354
398 390 228
408 412 991
436 412 957
398 412 957
402 412 897
407 412 475
442 412 300
402 415 897
436 415 897
398 415 897
408 415 840
407 415 799
224 415 514
436 414 1107
398 414 1075
402 414 917
407 414 475
408 414 354
224 414 256
140 442 1294
208 442 1294
206 442 1003
298 442 862
312 442 596
381 442 303
140 407 1300
208 407 1299
312 407 815
298 407 793
206 407 741
381 407 303
208 224 1273
140 224 1273
312 224 1008
206 224 688
428 224 682
298 224 269
264 224 263
381 224 259
140 402 1300
208 402 1299
206 402 1254
298 402 862
312 402 815
381 402 303
208 408 1129
206 408 1014
140 408 835
298 408 802
381 408 497
206 398 1271
208 398 641
140 398 641
381 398 379
206 436 1110
208 436 917
140 436 917
298 436 862
381 436 303
214 208 1175
154 208 887
388 208 865
330 208 399
340 208 399
238 140 1194
340 312 734
330 312 734
154 312 441
154 264 590
330 298 213
154 428 1023
214 428 615
330 428 377
214 381 905
154 381 463
388 206 1106
134 330 740
152 214 1300
134 214 1251
200 214 1174
134 388 1175
134 340 1012
152 154 1300
200 154 1174
152 238 1300
200 238 1174
