112
774 197 1297
784 197 863
774 411 1118
784 411 1118
795 411 757
774 413 1186
784 413 1186
795 413 677
774 562 1013
784 562 658
795 562 1094
774 631 968
784 631 968
795 631 764
774 670 1093
784 670 571
795 670 778
774 787 1165
784 787 936
795 787 642
774 842 1165
784 842 576
795 842 869
774 1022 1237
784 1022 909
737 774 1172
750 774 4
486 784 463
750 784 1122
737 795 285
251 750 903
466 486 1197
431 486 1123
217 486 505
251 486 319
466 737 1242
217 737 1113
466 703 1283
431 703 819
217 703 460
407 251 629
409 251 485
412 251 399
413 251 274
409 466 1104
412 466 530
407 466 59
407 431 1255
409 431 1125
413 431 991
412 431 527
414 431 202
409 217 894
413 217 868
416 409 1231
408 409 1099
436 409 557
175 409 216
398 409 169
398 413 1186
436 413 1172
416 413 1067
408 413 1058
175 413 306
408 407 993
416 407 815
436 407 557
398 407 457
436 412 1121
398 412 1121
408 412 953
416 412 740
175 412 216
398 414 1172
436 414 1172
416 414 895
408 414 378
175 414 306
255 175 1103
233 175 1103
310 175 909
208 175 474
255 398 1147
233 398 759
208 398 304
199 398 276
208 408 852
199 408 746
255 408 735
233 408 527
310 408 392
255 436 1091
233 436 959
208 436 630
199 436 276
233 416 959
255 416 284
208 416 240
214 208 1095
330 208 399
370 199 1125
214 255 471
330 233 797
368 233 789
214 310 764
368 310 619
134 330 936
76 370 1019
134 368 1290
152 214 1300
134 214 1209
76 214 901
