136
791 287 1142
190 287 220
791 291 1246
190 291 119
6 291 704
791 540 956
732 540 826
190 540 582
6 540 826
791 600 956
732 600 613
190 600 826
6 600 956
791 659 1185
732 659 751
190 659 938
6 659 1020
791 742 1058
732 742 874
190 742 662
6 742 1116
791 776 704
732 776 554
190 776 1036
6 776 467
791 785 399
732 785 795
190 785 1036
6 785 667
791 789 704
732 789 517
190 789 1036
6 789 467
791 882 610
732 882 554
190 882 381
6 882 197
713 791 1043
714 791 463
713 732 1143
615 732 37
734 732 59
615 190 869
714 190 180
804 190 380
734 190 829
713 190 446
713 6 925
804 6 107
615 6 7
714 6 4
43 615 1162
488 615 997
426 615 863
436 615 492
431 615 123
43 713 1107
426 713 770
431 713 992
436 713 892
488 713 7
43 714 509
488 714 1106
436 714 859
436 804 966
426 804 1148
431 804 441
426 734 260
431 734 37
448 43 833
472 43 640
264 43 5
245 488 351
448 488 529
472 488 645
415 431 1137
448 431 285
448 426 497
415 426 410
245 426 322
414 436 1017
264 436 909
448 436 529
472 436 443
415 436 331
429 264 963
443 264 896
409 264 819
405 264 615
405 448 10
443 448 5
409 472 559
409 245 1090
408 245 418
443 245 197
408 415 1157
443 415 837
405 415 532
429 415 495
405 414 1175
443 414 872
429 414 768
408 414 421
268 409 809
267 409 187
267 405 557
268 405 386
268 429 809
267 429 534
268 408 809
267 408 557
268 443 809
267 443 292
352 247 656
370 247 367
323 268 868
352 268 451
370 268 367
323 264 694
352 264 585
370 264 367
379 264 316
370 267 729
323 267 694
352 267 590
379 267 316
101 323 1193
101 370 1231
69 343 1054
101 343 1041
101 352 1100
69 352 650
101 349 1292
69 349 980
134 349 873
134 379 1223
