182
1 122 301
757 122 1102
714 122 459
1 186 35
0 186 2
757 186 1116
714 186 55
1 480 358
0 480 255
757 480 605
650 480 261
714 480 718
1 525 419
0 525 612
757 525 616
650 525 247
714 525 482
1 582 409
0 582 564
757 582 770
650 582 293
714 582 615
1 625 403
0 625 556
757 625 605
650 625 247
714 625 740
1 666 358
0 666 633
757 666 819
650 666 304
714 666 1044
1 763 724
0 763 379
757 763 724
650 763 141
714 763 466
1 765 358
0 765 556
757 765 611
650 765 375
714 765 611
1 797 913
0 797 798
757 797 229
650 797 617
714 797 801
1 799 913
0 799 825
650 799 617
714 799 182
1 817 913
0 817 919
757 817 807
650 817 692
714 817 786
759 1 820
787 1 1234
36 1 1172
541 0 1032
400 0 1046
787 0 556
400 757 1037
541 757 723
787 650 1183
36 650 842
541 650 813
759 650 447
400 650 421
759 714 861
36 714 372
787 714 820
400 714 185
428 541 956
431 541 956
446 541 865
221 541 565
403 541 191
431 400 733
428 400 481
221 400 424
403 400 376
403 787 1020
431 759 322
221 759 52
428 759 17
221 36 1259
403 36 1087
446 36 795
415 403 991
409 403 832
216 403 775
172 403 460
414 403 442
216 221 632
409 221 518
172 221 377
216 446 775
414 446 693
409 446 542
172 446 487
414 428 1063
415 428 1063
172 428 919
409 428 707
216 428 373
390 428 156
415 431 991
409 431 881
172 431 724
216 431 383
414 431 164
439 409 1268
408 409 1110
436 409 467
175 409 309
398 409 257
408 216 1191
175 216 1121
436 216 875
398 216 314
175 172 287
398 172 265
436 172 265
408 172 260
439 172 236
398 390 611
408 390 335
439 390 229
175 390 131
408 415 1083
436 415 965
398 415 965
439 415 256
436 414 1184
398 414 1175
439 414 905
175 414 358
408 414 335
264 175 1071
310 175 1008
267 175 487
208 175 436
140 175 304
140 408 1242
208 408 984
310 408 517
267 408 324
140 436 510
208 436 501
267 436 324
310 436 282
140 398 787
208 398 405
310 398 276
140 439 1165
208 439 405
267 439 324
310 439 282
238 140 1142
214 208 946
330 208 417
374 208 417
214 310 485
368 310 418
379 310 418
152 264 505
379 264 338
368 267 631
379 267 338
101 330 805
134 330 771
76 152 1281
101 355 1005
134 368 1296
101 368 824
101 374 849
134 214 1178
76 214 657
101 214 495
134 379 1157
101 238 521
