172
379 186 260
73 186 3
379 268 483
73 268 5
190 268 187
768 268 2
379 385 278
218 385 441
73 385 682
190 385 669
768 385 1078
379 447 224
218 447 950
73 447 380
190 447 639
768 447 415
379 466 241
218 466 751
73 466 537
190 466 448
768 466 1109
379 493 278
218 493 131
73 493 426
190 493 639
768 493 1078
379 520 513
218 520 474
73 520 1008
190 520 669
768 520 1185
379 529 513
218 529 474
73 529 998
190 529 669
768 529 1078
379 627 500
218 627 751
73 627 441
190 627 500
768 627 1078
379 670 461
218 670 306
73 670 1008
190 670 669
768 670 1078
379 804 354
73 804 622
190 804 351
768 804 249
379 823 744
73 823 970
190 823 351
379 854 878
218 854 715
73 854 612
190 854 422
768 854 755
379 956 1
190 54 491
768 54 482
338 379 1175
759 379 922
713 379 567
734 379 268
734 218 1216
338 218 1060
713 218 1163
713 73 661
759 73 1022
734 73 868
734 190 1226
713 190 512
759 190 571
338 768 606
713 768 51
431 713 1238
428 713 226
428 734 707
225 734 1194
431 734 18
267 734 8
431 759 607
428 759 30
431 338 1161
267 338 1085
225 338 715
428 338 637
172 225 746
472 225 735
409 225 619
414 225 309
415 428 982
414 428 982
172 428 973
409 428 707
472 428 285
472 267 693
409 267 619
172 267 436
415 431 1123
409 431 825
172 431 640
414 431 200
408 409 1130
396 409 968
418 409 819
436 409 479
390 409 437
418 472 889
396 472 2
396 172 891
390 172 832
418 172 467
408 415 1097
390 415 979
396 415 968
436 415 868
418 415 819
436 414 1212
396 414 968
418 414 819
390 414 446
408 414 349
374 418 1169
199 418 746
220 418 610
267 418 535
208 418 299
208 408 965
374 408 920
220 408 915
199 408 746
267 408 535
374 436 910
199 436 596
220 436 591
267 436 535
208 436 324
374 396 1169
208 396 709
199 396 259
267 396 246
264 396 190
220 390 1020
374 390 679
208 390 192
214 208 1047
374 208 378
370 199 913
389 199 657
152 199 516
389 264 1107
368 264 259
370 264 253
214 220 1047
389 220 707
368 374 695
152 374 599
214 374 566
389 267 861
368 267 496
370 267 494
101 370 1218
101 343 1035
101 389 684
184 152 651
101 355 1071
101 368 905
101 374 950
200 214 1043
101 214 537
