148
1 21 865
415 21 833
47 21 78
413 21 3
1 40 919
413 40 968
1 140 796
47 140 1241
413 140 4
1 350 159
129 350 80
47 350 1097
1 428 609
415 428 301
129 428 646
47 428 930
413 428 179
1 473 172
415 473 343
129 473 828
47 473 343
413 473 485
1 668 402
415 668 201
129 668 203
47 668 1121
413 668 738
1 755 347
415 755 314
129 755 736
47 755 827
1 766 126
129 766 923
47 766 646
413 766 420
1 799 746
415 799 742
129 799 734
47 799 907
413 799 628
1 821 964
415 821 742
129 821 734
47 821 907
413 821 679
1 844 392
415 844 391
129 844 890
47 844 288
413 844 404
415 249 470
47 249 1158
413 249 987
47 181 535
36 1 1249
825 415 1082
36 415 802
792 415 611
831 415 413
831 129 470
825 129 966
36 129 378
831 47 1165
792 47 593
36 47 518
831 413 835
825 413 771
36 413 515
792 413 226
344 792 1282
446 792 433
344 825 1229
446 825 109
477 825 927
446 36 1048
403 36 1194
344 36 352
477 36 2
344 831 1048
477 831 737
460 344 1139
216 344 549
267 344 515
264 344 468
216 446 782
460 446 653
267 446 612
414 446 465
216 403 782
460 403 653
267 403 608
414 403 302
264 403 191
264 477 781
216 477 108
429 264 991
443 264 937
418 264 825
409 264 825
172 264 725
418 267 930
409 267 703
409 460 601
418 460 616
443 460 20
429 216 984
443 216 937
418 216 685
409 216 251
172 216 247
443 414 921
418 414 879
429 414 819
172 414 409
268 409 857
223 409 727
208 409 522
201 409 515
310 409 174
268 418 857
201 418 515
208 418 457
310 418 440
223 418 288
223 172 931
268 172 439
201 172 437
310 172 403
268 429 857
201 429 515
208 429 403
223 429 248
268 443 857
223 443 850
201 443 515
208 443 333
214 208 1043
378 208 274
378 268 942
378 201 506
214 201 452
214 310 752
378 310 747
214 223 1043
378 223 332
152 378 1278
152 214 1300
200 214 1214
