163
814 338 636
814 520 452
1 520 171
713 520 504
650 520 547
814 692 412
1 692 250
713 692 679
650 692 341
814 763 442
1 763 183
713 763 765
650 763 134
814 798 601
1 798 711
713 798 601
650 798 663
814 799 708
1 799 355
713 799 788
650 799 626
814 823 254
1 823 557
713 823 412
650 823 557
814 864 373
1 864 646
713 864 412
650 864 621
814 886 373
1 886 569
713 886 372
650 886 654
814 922 4
1 922 511
713 922 610
1 192 749
713 192 742
36 814 36
787 1 835
759 1 649
36 1 822
787 713 308
713 713 248
36 713 17
787 650 798
713 650 722
36 650 610
759 650 151
501 713 598
431 713 755
446 713 606
403 713 2
403 787 795
431 759 282
501 36 591
403 36 812
446 36 676
216 403 631
415 403 613
172 403 354
414 403 139
245 403 137
216 446 633
172 446 297
414 446 289
415 431 725
172 431 421
216 431 243
245 431 151
264 501 187
245 501 562
216 501 186
429 264 660
443 264 592
418 264 419
175 264 373
408 216 744
429 216 660
175 216 632
443 216 592
436 216 547
418 216 393
418 172 315
175 172 186
436 172 151
418 245 616
436 245 546
408 245 174
408 415 738
436 415 578
418 415 518
443 415 504
429 415 308
436 414 816
443 414 568
429 414 528
418 414 518
408 414 193
175 414 168
264 175 761
310 175 665
199 175 407
267 175 322
208 175 301
268 175 273
199 418 518
268 418 515
310 418 302
208 418 302
267 418 188
199 429 518
268 429 515
208 429 280
267 429 188
310 429 175
208 408 548
199 408 518
268 408 515
310 408 324
267 408 188
199 443 518
268 443 515
208 443 258
310 443 167
199 436 518
268 436 515
208 436 274
267 436 188
310 436 175
363 199 386
352 199 348
389 199 337
349 199 254
214 199 254
343 199 220
214 208 693
363 208 198
389 268 399
352 268 283
214 310 473
349 310 424
343 310 424
352 310 375
379 310 310
363 310 198
389 264 749
352 264 420
379 264 209
389 267 628
363 267 386
352 267 348
379 267 209
69 343 732
69 363 721
69 389 732
69 355 859
134 214 824
200 214 683
69 352 460
69 349 683
134 349 538
134 379 812
