104
154 193 102
717 193 4
65 193 356
154 425 405
248 425 552
717 425 273
65 425 544
154 428 499
248 428 614
717 428 226
65 428 787
154 668 577
248 668 233
717 668 381
65 668 270
154 730 577
248 730 378
717 730 297
65 730 297
154 763 480
248 763 390
717 763 637
65 763 270
154 963 84
248 963 147
717 963 614
65 963 8
248 54 174
717 54 699
65 54 286
248 122 345
65 122 120
248 931 542
717 931 1062
65 931 248
831 154 1079
734 154 26
831 248 1134
792 717 1051
734 717 613
831 65 1010
792 65 984
344 792 1152
419 792 779
139 792 11
344 734 980
139 734 269
426 734 31
431 734 14
344 831 963
431 831 101
419 831 55
460 419 760
18 419 484
264 419 278
460 344 1105
264 344 712
18 344 594
225 344 252
18 431 318
460 139 824
264 139 824
225 139 641
18 139 362
259 139 299
225 426 566
18 426 318
409 259 1094
429 259 824
443 259 824
418 259 753
429 264 1004
443 264 936
409 264 903
418 264 753
409 18 582
418 18 323
409 460 777
418 460 425
443 460 17
443 225 592
429 225 592
418 225 459
287 409 1059
268 409 740
223 409 657
201 409 379
268 418 740
267 418 488
201 418 379
223 418 209
268 429 740
267 429 475
201 429 379
287 429 220
223 443 793
268 443 740
287 443 519
201 443 379
267 443 214
214 201 454
214 223 877
200 214 1071
84 214 767
