156
1 140 882
18 140 600
1 192 1058
713 192 1022
18 192 467
1 237 726
713 237 463
101 237 866
1 386 357
713 386 908
18 386 1037
101 386 724
1 519 491
713 519 150
18 519 433
101 519 900
1 549 491
713 549 1050
18 549 1130
101 549 1127
1 643 491
713 643 898
18 643 898
101 643 900
1 716 491
713 716 1050
18 716 1146
101 716 1127
1 799 995
713 799 1221
18 799 1052
101 799 771
713 225 1092
18 225 147
101 225 668
759 1 901
787 1 1207
36 1 1260
787 713 275
36 713 33
763 713 4
759 18 932
36 18 1129
787 18 168
766 18 54
759 101 559
766 101 415
403 787 1189
431 759 365
221 759 67
446 36 1092
221 36 1290
403 36 1217
221 766 1010
403 766 851
446 766 439
446 763 493
403 763 629
216 403 898
471 403 884
415 403 884
172 403 565
414 403 316
264 403 149
471 221 883
216 221 713
172 221 331
264 221 235
216 446 898
471 446 703
414 446 510
172 446 433
471 431 1115
415 431 1092
172 431 469
216 431 424
429 264 995
443 264 935
418 264 746
409 264 746
175 264 517
443 471 98
418 471 280
409 471 81
175 471 82
175 216 1071
429 216 952
443 216 935
436 216 823
418 216 558
409 216 269
409 172 581
418 172 427
429 172 327
175 172 306
418 390 756
443 390 526
429 390 484
436 415 840
418 415 756
443 415 756
429 415 533
436 414 1200
443 414 902
429 414 813
418 414 756
175 414 263
310 175 971
267 175 587
208 175 532
268 175 370
201 175 284
268 409 740
208 409 653
201 409 365
310 409 216
268 418 740
201 418 365
310 418 354
208 418 354
267 418 340
268 429 740
208 429 546
201 429 365
267 429 340
310 429 250
268 443 740
208 443 431
201 443 365
310 443 252
268 436 740
208 436 376
201 436 365
267 436 340
310 436 250
214 208 1116
375 268 599
352 268 568
375 201 790
214 201 599
352 201 564
214 310 803
349 310 654
343 310 654
352 310 579
352 267 532
69 343 1088
101 343 1004
101 349 1289
69 349 1069
152 375 466
69 355 1298
101 355 1071
152 214 1300
101 214 524
101 352 1023
