170
129 494 801
249 494 958
713 494 934
77 494 747
190 494 427
129 540 493
249 540 694
713 540 694
77 540 359
190 540 689
129 607 866
249 607 513
713 607 660
77 607 805
190 607 639
129 625 1052
249 625 1052
713 625 1099
77 625 292
190 625 622
129 661 534
249 661 534
713 661 963
77 661 446
190 661 565
129 686 801
249 686 513
713 686 1099
77 686 747
190 686 588
129 730 581
249 730 944
713 730 866
77 730 571
190 730 581
129 763 1183
249 763 1108
713 763 1076
77 763 747
190 763 622
129 785 548
249 785 913
713 785 507
77 785 959
190 785 980
129 789 840
249 789 1163
77 789 750
190 789 980
129 854 965
249 854 808
713 854 507
77 854 714
190 854 533
129 878 495
249 878 1163
713 878 259
77 878 750
190 878 831
249 96 1152
713 96 870
190 96 618
249 249 93
713 249 166
190 249 548
722 129 1275
500 129 686
759 129 82
759 249 288
615 713 139
713 713 372
500 713 3
615 77 269
500 77 1191
713 77 14
615 190 875
713 190 402
759 190 391
43 713 1062
431 713 1118
426 713 794
428 713 60
43 615 1130
426 615 839
477 615 386
428 615 376
431 615 159
43 500 1096
431 500 1093
426 500 1059
428 500 754
477 500 257
477 759 1071
431 759 364
426 759 692
428 759 20
426 722 378
428 722 203
477 722 1
448 43 734
472 43 583
264 43 6
415 428 1066
414 428 1031
264 428 868
172 428 797
448 428 354
472 428 344
448 477 382
264 477 805
472 477 948
415 431 1133
172 431 508
448 431 220
415 426 459
448 426 405
172 426 395
429 264 960
443 264 884
418 264 739
443 448 17
418 172 452
443 172 237
418 472 692
408 415 1124
436 415 914
443 415 761
418 415 681
429 415 471
436 414 1181
443 414 848
429 414 739
418 414 681
408 414 349
268 418 903
220 418 562
267 418 519
208 418 343
220 429 973
268 429 903
267 429 519
208 429 433
208 408 920
268 408 903
220 408 872
267 408 519
268 443 873
220 443 786
208 443 437
267 443 257
268 436 670
220 436 522
267 436 519
208 436 365
214 208 1135
352 247 613
352 268 385
214 220 1135
352 220 613
352 264 600
352 267 509
69 343 1069
101 343 984
101 349 1278
69 349 1008
69 355 1286
101 355 1128
200 214 1223
101 352 1121
69 352 634
