78
774 197 1292
774 458 802
720 458 251
647 458 810
774 610 964
720 610 847
647 610 360
774 684 964
720 684 821
647 684 575
774 836 1268
720 836 536
647 836 797
720 47 1256
622 774 402
412 774 71
412 720 1
622 647 963
492 647 768
412 647 511
712 647 121
466 492 1279
246 492 1199
428 492 706
217 492 299
428 712 10
246 412 1199
466 412 1077
466 622 1250
428 622 1172
217 622 311
246 622 305
348 246 1157
409 246 597
361 246 370
409 428 833
361 428 798
414 428 778
348 428 621
348 466 1201
409 466 923
409 217 664
361 217 292
416 409 1247
408 409 1131
436 409 524
248 409 336
248 348 1133
436 348 396
416 348 396
248 361 1133
408 361 605
416 361 209
436 361 209
436 414 1202
248 414 745
416 414 676
408 414 532
338 248 749
264 248 347
267 248 216
233 248 210
233 408 750
267 408 496
233 416 1122
338 416 692
267 416 229
233 436 1122
338 436 496
267 436 496
330 338 723
330 233 643
346 264 1070
346 267 810
134 330 849
134 342 1294
134 346 922
123 346 875
