90
774 362 1231
751 362 1064
766 362 1242
774 506 1202
751 506 494
766 506 1166
774 631 893
766 631 1000
774 670 1016
751 670 620
766 670 1024
774 721 1102
751 721 836
766 721 718
774 806 1206
751 806 249
766 806 859
751 89 1133
766 89 1162
737 774 1112
622 774 464
622 751 26
737 766 63
703 766 3
466 604 1054
431 604 741
521 604 162
510 604 160
466 737 1248
510 737 434
466 703 1264
431 703 741
521 703 161
466 622 1264
431 622 741
521 622 663
510 622 476
409 510 948
409 466 1063
412 466 514
407 466 50
407 431 1221
409 431 1080
412 431 555
414 431 180
409 521 986
416 409 1197
408 409 1036
436 409 538
398 409 190
436 412 1084
398 412 1084
408 412 939
416 412 742
408 407 997
416 407 865
436 407 538
398 407 386
398 414 1183
436 414 1173
416 414 959
408 414 399
255 436 993
208 436 691
140 436 691
267 436 358
199 436 352
255 398 1157
140 398 634
208 398 337
199 398 337
267 398 205
140 408 1188
208 408 910
199 408 772
255 408 727
267 408 358
140 416 634
208 416 282
255 416 243
267 416 209
238 140 1106
370 199 1094
152 199 461
152 255 494
370 267 732
76 370 926
76 152 1219
200 152 594
200 238 1119
