165
218 122 1
44 122 978
65 122 86
544 122 306
218 286 1029
544 286 583
218 520 780
0 520 1047
44 520 615
65 520 527
544 520 521
218 540 756
0 540 926
44 540 387
65 540 320
544 540 489
218 596 764
0 596 1152
44 596 420
65 596 687
544 596 395
218 650 353
0 650 660
44 650 897
65 650 639
544 650 505
218 763 362
0 763 852
44 763 506
65 763 261
544 763 395
218 776 1074
0 776 1073
44 776 761
65 776 250
544 776 553
218 789 174
0 789 590
44 789 761
65 789 471
544 789 702
218 848 1192
0 848 1043
44 848 761
65 848 290
544 848 702
218 854 699
0 854 1101
44 854 526
65 854 250
544 854 702
713 218 1062
734 218 1178
614 218 4
713 0 1039
698 0 664
713 44 330
734 44 424
698 44 38
614 65 32
698 65 728
713 65 7
614 544 971
713 544 971
698 544 689
734 544 316
431 713 1171
344 713 128
426 713 653
162 713 25
431 698 1178
426 698 705
162 698 563
344 734 380
431 734 22
426 734 82
486 734 48
431 614 865
162 614 563
486 614 370
344 614 213
407 344 435
219 344 380
472 344 380
18 344 294
219 486 806
472 486 372
18 486 529
407 431 1174
415 431 1071
18 431 232
219 431 200
407 426 1174
415 426 503
219 426 260
18 426 232
219 162 410
407 162 388
18 162 239
418 18 282
429 219 643
436 219 482
439 219 454
418 219 410
408 219 325
439 407 1196
408 407 1123
418 407 632
429 407 524
436 407 503
418 472 684
418 390 632
408 390 373
429 390 293
439 390 152
408 415 887
436 415 746
418 415 632
429 415 377
439 415 222
436 414 1185
429 414 668
418 414 632
439 414 606
408 414 373
374 418 1134
267 418 492
230 418 447
324 418 443
208 418 404
381 418 220
267 429 492
324 429 468
208 429 433
374 429 294
381 429 210
374 408 981
208 408 931
324 408 586
267 408 492
381 408 464
230 408 158
374 436 913
267 436 492
208 436 455
324 436 443
230 436 353
374 439 1134
267 439 492
324 439 443
208 439 404
230 439 347
381 439 210
214 208 1016
368 230 390
368 374 813
214 374 599
368 267 616
379 267 308
214 381 659
368 381 390
379 324 308
134 368 1256
134 214 1200
134 379 1188
