285
816 408 334
663 408 386
73 408 325
665 408 425
805 408 1057
763 408 471
796 408 576
739 408 907
816 422 287
73 422 316
665 422 269
805 422 1124
763 422 533
796 422 494
739 422 907
816 524 252
663 524 365
73 524 316
665 524 548
805 524 1143
763 524 561
796 524 494
739 524 907
816 525 579
663 525 365
73 525 316
665 525 548
805 525 1073
763 525 561
796 525 494
739 525 907
816 540 272
663 540 363
73 540 316
665 540 176
805 540 957
763 540 567
796 540 603
739 540 907
816 550 256
663 550 365
73 550 316
665 550 548
805 550 1143
763 550 561
796 550 746
739 550 907
816 569 536
663 569 365
73 569 316
665 569 548
805 569 925
763 569 561
796 569 494
739 569 907
816 607 338
73 607 316
665 607 285
805 607 1110
763 607 521
796 607 918
739 607 632
816 625 534
663 625 365
73 625 316
665 625 548
805 625 1064
763 625 627
796 625 494
739 625 907
816 659 444
663 659 324
73 659 203
665 659 365
805 659 621
763 659 649
796 659 766
739 659 384
816 667 287
663 667 431
73 667 325
665 667 548
805 667 596
763 667 561
796 667 449
739 667 241
816 698 505
663 698 365
73 698 316
665 698 571
805 698 989
763 698 727
796 698 494
739 698 907
816 756 505
663 756 365
73 756 316
665 756 548
805 756 971
763 756 561
796 756 766
739 756 907
816 820 380
663 820 437
73 820 578
665 820 304
805 820 414
763 820 350
739 820 376
816 821 233
663 821 329
73 821 473
665 821 441
805 821 795
763 821 291
796 821 171
739 821 171
73 824 652
665 824 158
805 824 383
763 824 310
796 824 440
585 816 55
727 816 176
831 816 539
763 816 12
698 816 1
597 663 951
744 663 908
585 663 886
831 663 702
698 663 424
771 663 370
727 663 311
597 73 129
698 73 2
771 665 662
744 665 433
727 665 400
831 665 278
698 665 195
763 665 184
597 665 143
727 805 820
831 805 433
763 805 284
771 763 1200
831 763 235
727 763 1
585 796 233
831 796 37
727 739 627
763 739 386
771 739 7
744 739 19
585 739 19
597 739 1
463 597 1132
177 597 630
384 597 455
431 597 317
431 698 848
177 698 697
384 698 455
86 698 209
431 771 3
431 831 62
177 831 15
384 727 71
177 727 17
431 585 848
177 585 685
384 585 455
86 585 178
86 744 1077
219 86 38
375 86 20
409 177 359
413 177 304
412 177 287
219 177 247
219 486 779
409 486 295
412 486 43
375 384 715
413 384 324
415 431 954
413 431 819
375 431 785
409 431 703
412 431 269
414 431 217
375 463 1299
414 463 1296
390 463 926
415 463 656
409 463 537
413 463 304
412 463 139
439 409 1263
408 409 1140
416 409 1083
297 409 879
436 409 526
398 409 209
408 413 1145
436 413 1121
398 413 1113
416 413 1057
297 413 879
439 413 476
439 375 720
297 375 720
398 375 657
436 375 646
416 375 646
408 375 281
398 219 652
436 219 652
408 219 425
297 219 323
416 390 1185
297 390 879
408 390 435
398 390 380
439 390 119
436 412 1121
398 412 1113
408 412 858
416 412 426
439 412 426
297 412 181
436 415 983
398 415 983
408 415 919
297 415 794
416 415 794
439 415 164
436 414 1121
398 414 1113
439 414 994
416 414 703
297 414 594
408 414 435
374 398 1165
208 398 374
310 398 246
374 408 994
208 408 929
267 408 350
310 408 334
374 436 916
208 436 707
267 436 350
310 436 168
374 416 1091
208 416 236
310 416 229
267 297 770
264 297 650
208 297 377
374 439 1116
208 439 433
267 439 350
310 439 168
264 439 161
330 208 449
374 208 449
368 374 797
368 310 557
379 310 557
343 310 392
368 264 393
379 264 390
368 267 601
379 267 390
69 343 981
69 330 936
134 330 882
134 368 1295
152 368 929
69 415 981
69 355 1286
134 379 1176
152 374 1123
