71
774 496 991
720 496 1165
774 506 1167
720 506 911
774 562 754
720 562 903
774 709 1250
720 709 1250
720 47 1281
720 290 1283
720 1013 55
797 774 382
779 774 1287
18 774 429
779 720 1246
18 720 58
797 720 1
479 797 1289
431 797 329
466 797 1
479 18 1280
466 779 969
479 779 1274
76 479 1056
409 479 629
409 428 928
414 428 809
412 428 613
76 428 185
412 466 686
409 466 1021
409 431 1067
412 431 613
355 409 1214
416 409 1214
408 409 1102
436 409 571
355 76 968
436 412 1215
355 412 1151
408 412 1102
416 412 686
436 414 1218
355 414 1151
416 414 781
408 414 520
267 436 465
199 436 426
338 436 348
199 408 928
267 408 465
338 416 614
267 416 231
264 355 770
199 355 770
338 355 620
267 355 565
206 199 714
346 199 375
346 264 1047
206 264 877
330 338 666
346 267 817
206 267 462
134 330 922
134 342 1297
134 346 930
184 300 580
184 206 923
134 206 923
143 206 764
