171
249 225 3
713 225 1101
780 225 190
77 225 513
190 225 20
249 238 961
713 238 725
77 238 4
249 494 691
713 494 870
780 494 1065
77 494 870
190 494 343
249 553 430
713 553 687
780 553 450
77 553 456
190 553 640
249 576 670
713 576 796
780 576 801
77 576 456
190 576 670
249 585 434
713 585 873
780 585 873
77 585 664
190 585 588
249 607 434
713 607 796
780 607 1005
77 607 953
190 607 640
249 669 671
713 669 875
780 669 930
77 669 777
190 669 640
249 730 708
713 730 697
780 730 697
77 730 603
190 730 588
249 752 1008
713 752 953
780 752 730
77 752 329
190 752 640
249 789 1014
713 789 197
780 789 400
77 789 888
190 789 997
249 801 922
713 801 630
780 801 491
77 801 895
190 801 711
249 802 922
713 802 956
780 802 520
77 802 520
190 802 456
249 878 1052
713 878 473
780 878 256
77 878 699
190 878 699
249 1000 290
713 1000 558
780 1000 2
77 1000 243
763 249 292
615 713 262
713 713 172
722 780 1178
713 780 1024
500 77 1167
615 77 383
713 77 1
615 190 1024
713 190 282
763 190 4
43 713 1121
431 713 1127
426 713 921
428 713 67
43 615 1141
426 615 917
399 615 464
428 615 390
431 615 143
426 500 1119
43 500 1031
431 500 1031
399 500 787
428 500 768
399 722 483
426 722 426
428 722 224
43 763 921
448 43 717
264 43 5
258 399 902
264 399 874
448 399 536
172 399 288
415 428 1023
414 428 1023
264 428 815
172 428 813
448 428 315
258 428 248
415 431 1137
172 431 506
258 431 426
448 431 167
172 426 449
415 426 430
258 426 426
448 426 382
418 258 887
443 258 542
429 258 536
408 258 448
436 258 329
429 264 935
443 264 846
418 264 804
443 448 17
418 172 441
408 415 1184
436 415 852
443 415 776
418 415 711
429 415 473
436 414 1210
443 414 826
429 414 753
418 414 711
408 414 420
268 418 952
267 418 569
220 418 495
220 429 959
268 429 954
267 429 569
268 408 954
220 408 904
267 408 569
268 443 903
220 443 810
267 443 325
268 436 671
267 436 569
220 436 556
352 247 636
352 268 384
352 220 636
348 267 1041
352 267 549
379 267 284
348 264 1109
352 264 636
101 343 1085
101 355 1137
101 352 1149
101 349 1296
134 349 844
101 348 1079
134 379 1232
