104
774 242 22
720 242 722
714 242 1248
774 780 1281
720 780 1056
714 780 1237
774 794 1081
720 794 1056
714 794 1081
774 806 1258
720 806 419
714 806 1237
774 823 1251
720 823 352
714 823 1237
774 843 1227
720 843 1056
714 843 1227
69 774 909
737 774 1166
779 774 1214
210 774 278
779 720 1073
69 720 1146
210 720 547
69 714 1113
210 714 26
428 698 1097
468 698 949
177 698 826
330 698 336
258 698 215
468 69 1264
258 69 921
177 737 8
468 210 1139
258 210 873
428 210 150
330 779 802
468 779 819
258 779 752
192 468 1141
413 468 852
409 468 429
403 468 16
403 177 833
413 177 736
409 177 682
409 428 820
403 428 617
413 428 563
192 428 247
413 258 1090
409 258 780
192 258 542
403 258 464
413 330 796
409 330 780
192 330 542
403 330 438
412 192 718
416 192 718
436 192 652
398 192 592
412 403 1219
416 403 1219
398 403 1121
436 403 373
398 413 1227
412 413 1227
436 413 1175
416 413 1034
416 409 1234
412 409 1234
436 409 615
398 409 214
255 398 1198
140 398 1025
233 398 707
267 398 203
233 436 1106
255 436 1019
140 436 794
267 436 411
233 416 1133
140 416 1025
255 416 317
267 416 203
255 412 1198
140 412 722
233 412 498
267 412 411
238 140 1151
372 255 1108
372 233 781
330 233 452
152 372 1291
101 372 756
101 330 708
101 415 925
152 374 1281
101 374 797
152 238 1300
101 238 842
