219
113 449 504
786 449 804
744 449 581
236 449 475
252 449 1251
31 449 457
306 449 221
113 531 494
786 531 206
744 531 584
236 531 337
252 531 1251
31 531 663
306 531 494
113 533 819
786 533 545
744 533 584
236 533 819
252 533 955
31 533 739
306 533 556
113 569 715
786 569 717
744 569 663
236 569 663
252 569 1251
31 569 563
306 569 397
113 625 492
786 625 804
744 625 409
236 625 492
252 625 1033
31 625 563
306 625 397
113 677 653
786 677 804
744 677 584
236 677 653
252 677 1187
31 677 739
306 677 397
113 706 850
786 706 804
744 706 581
236 706 465
252 706 1251
31 706 440
306 706 556
113 747 494
786 747 674
744 747 581
236 747 218
252 747 1251
31 747 440
306 747 397
113 810 312
786 810 431
744 810 513
236 810 473
252 810 1204
31 810 306
306 810 540
786 826 431
744 826 181
236 826 803
252 826 1225
803 113 701
817 113 3
817 786 1124
742 786 303
719 744 2
678 236 1122
761 236 920
719 236 163
817 236 398
803 236 345
742 236 8
817 252 1055
761 252 1056
719 252 256
761 31 1080
678 31 7
761 306 1192
803 306 1150
678 306 649
817 306 344
742 306 282
700 306 266
719 306 225
159 719 95
265 803 687
322 803 386
98 803 72
69 761 991
315 761 871
159 761 1181
98 761 1233
322 761 7
265 761 4
322 742 955
82 742 258
159 817 622
82 817 1177
315 817 206
265 817 26
69 817 13
159 678 1203
265 678 881
177 678 422
463 678 256
98 678 169
82 678 142
463 700 1289
159 700 783
322 700 450
412 177 258
16 159 840
375 159 654
121 159 568
39 322 1226
375 322 546
412 322 395
121 69 1062
121 98 1179
414 315 583
121 315 568
412 315 398
375 315 341
16 265 840
121 82 1269
16 82 278
375 463 1300
414 463 1296
390 463 792
415 463 401
412 463 383
39 463 195
442 16 160
407 16 14
407 375 1294
442 375 1278
436 375 645
416 375 645
398 375 535
17 375 500
17 39 1299
436 412 1079
398 412 1079
408 412 944
407 412 457
17 412 305
442 412 234
416 412 222
407 390 1227
416 390 1175
442 390 508
408 390 372
398 390 273
436 415 912
398 415 912
408 415 909
407 415 878
416 415 680
408 121 1
436 414 1115
398 414 1099
416 414 600
407 414 457
408 414 372
208 407 1290
324 407 556
436 407 295
437 407 295
208 442 1275
208 408 1048
324 408 542
436 17 572
168 17 1300
437 17 295
208 436 719
324 436 556
324 398 500
208 398 481
437 398 232
436 398 232
324 416 556
208 416 356
437 416 286
214 208 1189
388 208 1023
342 208 1023
330 208 371
340 208 371
214 437 1182
388 437 1140
330 437 1134
342 437 1063
340 437 1063
214 436 1182
388 436 1179
330 436 1176
340 436 520
342 436 241
388 324 914
342 324 914
214 324 303
340 168 1159
388 168 1220
342 168 534
330 168 556
134 330 761
134 342 1300
152 342 1136
152 214 1300
134 214 1256
200 214 1205
134 340 1019
134 388 1220
