161
350 302 405
742 302 1104
409 302 20
350 361 658
813 361 1182
742 361 1130
350 525 852
813 525 656
742 525 1096
409 525 1037
350 529 1100
813 529 487
742 529 1180
409 529 1037
350 549 1100
813 549 607
742 549 1257
409 549 522
350 595 1100
813 595 356
742 595 1159
409 595 1037
350 625 582
813 625 889
742 625 889
409 625 490
350 806 279
813 806 562
742 806 1006
409 806 656
350 853 794
813 853 551
742 853 856
409 853 965
350 927 1019
813 927 2
742 927 648
409 927 894
813 35 380
742 35 1142
813 263 6
742 263 1187
520 350 771
561 350 602
375 350 536
322 350 390
744 350 161
744 813 1200
375 813 1217
561 813 47
184 742 918
375 742 640
744 742 79
561 742 9
184 409 909
561 409 759
322 409 390
744 409 380
520 409 364
132 184 739
416 184 59
262 322 1052
132 322 849
416 322 178
132 561 1076
416 561 833
262 561 696
176 561 260
176 375 1243
280 375 1033
132 375 550
416 375 434
262 375 189
132 520 1083
262 520 923
416 520 833
176 520 177
176 744 1279
280 744 162
132 744 3
375 416 930
30 416 638
375 280 1277
390 280 996
414 280 748
30 280 388
30 132 1246
390 176 996
375 176 909
414 176 748
30 176 341
30 262 1246
375 262 425
402 375 1225
407 375 1202
447 375 550
436 375 527
416 375 527
398 375 513
407 30 2
416 390 1268
407 390 1261
402 390 1261
398 390 410
402 414 1213
436 414 1105
398 414 1101
416 414 858
407 414 411
407 415 796
416 415 785
402 415 719
436 415 719
398 415 719
140 447 1300
208 447 1299
402 447 603
424 447 394
140 407 1300
208 407 1299
424 407 383
402 407 181
417 407 181
140 402 1300
208 402 1299
402 402 633
140 398 1059
208 398 923
424 398 523
417 398 414
402 398 257
140 436 1176
208 436 1176
417 436 247
424 436 247
402 436 149
140 416 1059
424 416 523
208 416 480
417 416 414
402 416 280
238 140 1170
168 140 98
168 208 1212
214 208 1073
342 208 893
214 402 1059
168 402 590
342 402 472
168 424 1163
342 424 599
214 417 1118
342 417 472
168 417 151
152 342 1187
152 168 1300
200 168 1110
152 214 1300
200 214 1110
152 238 1300
200 238 1110
