175
437 393 623
813 393 881
818 393 355
657 393 380
823 393 452
708 393 942
437 490 623
813 490 872
818 490 527
657 490 380
823 490 452
708 490 701
437 525 623
813 525 743
818 525 626
657 525 380
823 525 452
708 525 750
437 603 623
813 603 1150
818 603 181
657 603 393
823 603 452
708 603 942
437 640 623
813 640 1010
818 640 639
657 640 380
823 640 452
708 640 701
437 658 347
813 658 1095
818 658 1113
657 658 199
823 658 401
708 658 401
437 699 623
813 699 1201
818 699 355
657 699 380
823 699 727
708 699 701
437 775 391
813 775 377
818 775 977
657 775 340
823 775 161
708 775 171
437 819 340
818 819 728
657 819 475
823 819 721
708 819 534
813 62 1161
823 62 597
813 838 411
818 838 934
657 838 475
823 838 1046
708 838 534
813 877 474
818 877 551
657 877 475
823 877 968
708 877 480
658 437 594
744 437 594
752 437 407
516 437 337
767 437 271
375 437 230
375 813 1179
744 813 1212
767 813 21
744 818 433
658 818 393
752 657 1196
767 657 419
658 657 264
744 657 264
516 657 131
375 823 1084
767 823 72
744 823 1160
658 823 267
767 708 363
752 708 203
21 658 1145
176 658 1014
157 658 442
463 752 1
21 752 42
280 767 301
157 767 258
176 375 1277
280 375 1206
21 375 469
157 375 215
21 516 1071
176 516 236
280 516 211
176 744 1296
280 744 341
21 744 30
375 280 1265
390 280 1175
510 280 1126
414 280 933
4 280 592
510 157 1241
4 157 990
375 157 263
390 176 1175
414 176 933
375 176 756
510 176 606
4 176 564
510 21 1252
375 463 1299
414 463 1298
390 463 1190
415 463 392
402 510 1
416 4 1
402 375 1212
416 375 620
436 375 620
398 375 559
412 375 437
416 390 1262
402 390 1243
412 390 1220
398 390 508
436 390 96
416 415 978
412 415 978
402 415 877
436 415 877
398 415 877
402 414 1174
436 414 1115
398 414 1106
416 414 1015
412 414 485
140 402 1300
208 402 1300
206 402 1240
279 402 1203
298 402 681
206 416 1240
140 416 1000
208 416 348
298 416 223
279 436 1203
140 436 1118
208 436 1118
206 436 1106
298 436 681
206 398 1240
140 398 1000
279 398 956
208 398 798
140 412 1259
279 412 1203
298 412 681
206 412 332
208 412 198
238 140 1186
342 208 912
342 298 241
342 168 577
342 206 1060
152 342 1197
152 238 1300
200 238 1079
