152
780 338 634
780 410 687
713 410 510
190 410 317
26 410 696
780 557 691
713 557 692
190 557 158
26 557 689
780 576 690
713 576 588
190 576 337
26 576 272
780 585 602
713 585 602
190 585 348
780 598 692
713 598 588
190 598 268
26 598 682
780 671 700
713 671 588
190 671 154
26 671 592
780 691 692
713 691 588
190 691 406
26 691 696
780 730 580
713 730 402
190 730 242
26 730 580
780 763 668
713 763 697
190 763 253
26 763 668
780 789 382
713 789 179
190 789 564
26 789 579
780 802 98
713 802 653
190 802 90
26 802 234
780 840 362
713 840 522
190 840 279
26 840 478
713 780 676
249 780 633
713 713 292
249 713 513
597 713 163
615 713 136
713 190 324
615 190 536
759 190 243
615 26 450
713 26 704
249 26 665
428 597 600
431 597 342
43 597 311
426 597 121
43 615 651
426 615 478
450 615 396
428 615 235
431 615 84
43 713 617
431 713 603
426 713 407
450 713 191
428 713 27
426 759 355
431 759 229
428 759 14
450 759 5
43 249 96
428 249 2
75 43 428
264 43 2
415 428 646
414 428 514
264 428 481
172 428 435
75 428 328
245 428 193
415 450 444
75 450 268
415 431 652
172 431 259
75 431 217
172 426 274
415 426 256
245 426 193
429 264 573
443 264 504
418 264 442
443 75 125
418 75 78
429 75 8
418 172 224
436 245 492
418 245 453
408 245 228
443 245 105
436 414 693
443 414 477
429 414 442
418 414 382
408 414 230
408 415 639
436 415 455
443 415 442
418 415 382
429 415 295
268 418 455
265 418 381
267 418 257
424 418 235
208 418 230
268 429 455
208 429 334
267 429 257
424 429 235
208 408 554
265 408 531
268 408 455
267 408 257
424 408 189
268 443 455
265 443 320
208 443 283
424 443 235
267 443 121
268 436 373
267 436 257
208 436 235
424 436 235
214 208 634
355 424 359
214 265 173
352 268 214
352 267 292
352 264 324
101 343 548
101 355 630
152 214 732
200 214 645
101 352 641
101 349 729
