153
415 249 505
47 249 1157
413 249 969
415 428 290
129 428 662
47 428 1110
413 428 165
442 428 209
415 473 222
129 473 929
47 473 490
413 473 390
415 520 576
129 520 822
47 520 893
413 520 364
442 520 561
415 667 420
129 667 929
47 667 756
413 667 482
442 667 420
415 668 215
129 668 165
47 668 1029
413 668 694
442 668 199
415 755 310
129 755 779
47 755 506
413 755 165
442 755 343
415 785 186
129 785 522
47 785 887
413 785 320
442 785 186
415 844 358
129 844 770
47 844 599
413 844 431
415 859 339
129 859 770
47 859 300
413 859 619
47 181 476
442 181 177
442 927 554
825 415 1065
792 415 774
831 415 402
825 129 1009
722 129 1276
831 129 497
722 47 1132
831 47 1202
792 47 842
722 413 1277
831 413 844
825 413 566
792 413 278
831 442 780
825 442 667
792 442 648
722 442 582
344 792 1281
168 792 327
446 792 196
477 825 834
344 825 1228
446 825 48
308 831 1003
344 831 1077
477 831 551
168 831 67
344 722 154
168 722 17
477 722 5
460 344 1180
264 344 602
267 344 482
267 308 659
460 308 659
264 308 633
460 446 720
267 446 659
414 446 433
460 168 1078
225 168 423
264 168 423
264 477 796
429 264 1052
443 264 963
409 264 893
418 264 876
422 264 493
418 267 798
409 267 789
422 267 682
418 460 494
409 460 666
422 460 3
443 460 26
429 225 521
443 225 506
418 225 497
422 225 482
409 225 272
443 414 936
429 414 902
418 414 736
422 414 715
268 418 856
267 418 496
201 418 418
223 418 240
287 409 1126
268 409 856
223 409 703
201 409 418
268 422 684
201 422 418
223 422 240
267 422 214
268 429 856
267 429 496
201 429 418
268 443 856
223 443 822
287 443 600
201 443 418
378 287 1149
370 287 717
348 287 542
375 287 493
378 268 996
375 268 863
370 268 352
375 201 1002
378 201 543
370 201 352
348 267 792
370 267 731
378 267 486
375 267 405
375 223 1191
378 223 425
348 223 425
101 370 1229
152 378 1295
152 375 504
152 348 1295
101 348 1010
