221
577 437 655
456 437 512
242 437 861
692 437 395
752 437 988
27 437 808
577 445 655
456 445 500
242 445 826
692 445 234
752 445 988
27 445 800
577 488 574
456 488 283
242 488 826
692 488 570
752 488 988
27 488 570
577 507 574
456 507 520
242 507 826
692 507 224
752 507 988
27 507 338
577 512 655
242 512 861
692 512 234
752 512 988
27 512 808
577 525 574
456 525 577
242 525 826
692 525 668
752 525 988
27 525 742
577 570 655
456 570 512
242 570 829
692 570 397
752 570 988
27 570 808
577 614 574
456 614 512
242 614 826
692 614 395
752 614 988
27 614 220
577 625 574
456 625 279
242 625 826
692 625 668
752 625 988
27 625 742
577 632 574
456 632 258
242 632 826
692 632 234
752 632 988
27 632 787
577 657 655
456 657 556
242 657 826
692 657 322
752 657 988
27 657 798
577 728 573
456 728 233
242 728 826
692 728 481
752 728 988
27 728 481
577 769 340
456 769 602
242 769 618
692 769 258
752 769 604
27 769 156
577 883 306
456 883 262
242 883 462
692 883 462
752 883 325
27 883 186
581 577 1013
71 577 758
805 577 387
640 577 362
484 577 313
686 577 90
805 456 860
686 456 765
640 456 610
484 456 610
581 456 408
71 456 351
640 242 122
805 242 1140
484 242 7
686 692 1111
71 692 697
581 692 697
640 692 456
805 692 387
484 692 107
640 752 468
581 752 485
805 752 619
71 752 238
484 27 1242
686 27 3
805 27 384
71 27 9
292 484 866
194 484 643
525 484 443
217 484 420
23 484 398
13 484 305
480 484 292
292 71 803
525 71 1094
194 71 449
23 71 11
194 640 809
480 640 667
13 640 331
525 640 225
292 640 150
23 640 133
292 805 1057
480 805 509
194 805 18
194 581 809
13 581 656
217 581 569
292 581 150
194 686 809
480 686 801
13 686 513
525 686 297
292 686 150
29 194 907
39 194 486
375 194 486
440 194 421
321 194 364
440 480 1196
321 480 149
29 480 585
29 292 944
375 292 493
39 292 493
321 292 285
440 292 259
321 525 1126
39 525 1128
375 13 1300
321 13 2
440 217 869
321 217 669
375 217 669
29 217 467
77 217 326
39 217 297
77 23 632
375 23 1300
402 375 1053
17 375 562
241 375 316
226 375 233
402 77 567
402 440 1261
193 440 688
377 440 343
17 321 1047
377 321 963
402 321 828
193 321 154
226 321 135
17 39 1255
226 39 464
226 29 805
426 226 431
208 226 414
208 402 1294
168 17 1281
437 17 377
168 193 1100
437 193 1085
426 193 609
424 193 609
208 193 304
168 377 1245
424 377 374
437 377 366
426 377 349
168 241 1100
437 241 1085
426 241 498
208 241 256
388 208 957
340 208 532
379 424 949
388 424 508
343 424 225
340 424 225
340 437 984
388 437 973
343 437 622
388 168 1019
340 168 1054
388 426 802
379 426 595
343 426 390
146 343 1019
150 379 1223
146 379 859
146 340 1201
150 340 908
150 388 1059
146 388 826
