135
803 396 297
713 396 1149
190 396 599
647 396 641
803 508 741
713 508 1044
190 508 585
803 516 874
713 516 1161
190 516 388
647 516 422
803 520 633
713 520 533
190 520 543
647 520 305
803 526 626
713 526 1161
190 526 606
647 526 548
803 604 1214
713 604 1214
190 604 606
647 604 118
803 607 776
713 607 801
190 607 653
803 741 310
713 741 1134
190 741 433
647 741 683
803 752 1099
713 752 1138
190 752 571
647 752 102
803 789 568
713 789 319
190 789 1015
647 789 121
803 878 568
713 878 596
190 878 793
803 882 1040
713 882 974
190 882 195
803 885 1077
713 885 679
190 885 195
647 885 859
713 899 189
190 899 246
734 803 837
713 803 14
759 803 3
713 713 328
734 713 467
615 713 84
713 190 298
734 190 1072
615 190 842
759 190 323
713 647 1204
615 647 922
759 647 921
734 647 895
517 615 973
426 615 942
426 713 850
431 713 1056
501 713 551
517 734 849
426 734 246
431 734 11
431 759 295
426 759 762
224 517 537
448 517 71
224 431 431
448 431 268
414 431 174
245 501 910
264 501 463
448 426 548
224 426 431
245 426 357
409 224 916
418 224 805
443 224 471
429 264 991
443 264 946
418 264 789
409 264 789
443 448 16
409 245 1072
418 245 805
436 245 567
443 245 275
436 414 1230
443 414 924
429 414 840
418 414 668
268 409 953
199 409 638
368 409 598
299 409 414
208 409 379
267 409 132
268 418 953
199 418 638
267 418 561
299 418 414
208 418 277
268 429 953
199 429 638
368 429 598
267 429 558
299 429 414
208 429 379
268 443 953
199 443 638
299 443 414
368 443 411
208 443 379
267 443 259
268 436 908
199 436 638
267 436 561
299 436 414
208 436 307
379 368 685
349 368 446
349 199 384
379 299 609
379 267 304
134 349 901
134 379 1239
