158
610 411 136
830 411 199
47 411 290
0 411 586
768 411 614
265 411 332
610 428 124
830 428 199
47 428 644
0 428 298
768 428 145
265 428 109
610 494 178
830 494 418
47 494 620
0 494 348
768 494 154
265 494 183
610 520 225
830 520 187
47 520 558
0 520 503
768 520 509
265 520 187
610 540 243
830 540 153
47 540 372
0 540 298
768 540 625
265 540 463
610 661 240
830 661 183
47 661 138
0 661 102
768 661 643
265 661 235
610 668 96
830 668 233
47 668 587
0 668 357
768 668 217
265 668 129
610 730 225
830 730 199
47 730 504
0 730 545
768 730 377
265 730 223
610 769 307
830 769 387
47 769 145
0 769 208
768 769 126
265 769 368
610 808 307
830 808 631
47 808 314
0 808 103
768 808 126
265 808 251
610 839 224
830 839 411
47 839 314
0 839 351
768 839 370
265 839 172
610 854 253
830 854 335
47 854 155
0 854 393
768 854 357
265 854 245
804 610 536
792 610 348
698 610 271
792 830 241
831 830 1
831 47 586
792 47 490
698 0 438
792 0 479
831 768 10
792 265 549
831 265 414
804 265 362
698 265 328
431 698 676
428 698 609
426 698 479
344 698 142
344 792 730
431 831 137
344 831 583
431 804 341
426 804 679
460 344 673
258 344 467
414 428 567
415 428 567
390 428 325
460 428 315
258 428 163
415 431 638
258 431 284
258 426 284
415 426 224
418 258 539
390 258 429
443 258 384
429 258 371
408 258 288
418 460 339
443 460 13
390 390 613
418 390 448
429 390 301
408 390 246
443 390 217
390 415 605
408 415 602
418 415 448
443 415 448
429 415 341
443 414 521
429 414 498
418 414 448
390 414 253
408 414 246
268 418 446
265 418 359
267 418 313
208 418 182
268 429 446
267 429 313
208 429 182
265 408 561
208 408 497
268 408 446
267 408 313
287 408 219
268 443 446
287 443 363
265 443 330
208 443 200
267 443 158
287 390 648
208 390 200
268 390 119
214 208 566
378 247 326
378 287 694
378 265 612
378 268 577
378 267 210
200 152 430
152 378 734
152 214 738
200 214 704
