158
813 352 1293
742 352 923
278 352 9
813 361 1294
742 361 1068
278 361 202
813 393 1034
742 393 379
278 393 653
823 393 1034
813 501 843
742 501 778
278 501 338
823 501 778
813 505 1292
742 505 1012
278 505 301
823 505 644
813 539 1126
742 539 908
278 539 555
823 539 500
813 541 657
742 541 927
278 541 587
823 541 353
813 556 1272
742 556 1041
278 556 305
823 556 975
813 694 780
742 694 896
278 694 184
823 694 470
813 695 1190
742 695 1195
278 695 173
823 695 895
813 762 1022
742 762 1022
278 762 843
823 762 684
813 784 368
742 784 368
278 784 390
823 784 1040
813 821 522
742 821 597
278 821 1102
813 874 461
742 874 1113
278 874 448
823 874 556
791 813 215
680 813 520
464 813 33
816 813 4
315 813 2
315 742 1262
680 742 853
464 742 939
791 278 1246
816 278 1201
680 278 745
464 278 684
315 278 321
464 823 1126
791 823 523
315 823 668
680 823 450
816 823 110
200 791 1105
163 791 1041
485 791 1293
163 816 1177
200 816 479
200 315 1173
365 315 1168
485 315 1160
163 315 978
9 315 677
463 315 313
485 464 1190
200 464 1173
365 464 1168
163 464 978
9 464 971
463 464 169
200 680 1085
485 680 774
365 680 601
9 680 369
463 680 147
83 9 613
60 485 582
30 485 234
30 163 1041
375 163 861
40 163 827
83 163 816
60 163 522
107 163 384
30 200 895
40 200 827
60 200 615
83 200 414
107 200 214
30 365 926
375 365 861
60 365 698
107 365 444
40 365 330
375 463 1300
83 463 666
40 463 309
107 463 163
464 107 741
231 107 99
464 40 254
172 40 412
464 60 11
464 30 714
231 30 210
464 83 255
172 83 251
402 375 1154
231 375 627
185 375 501
316 375 263
232 172 1222
223 172 1075
140 172 674
140 402 1300
208 402 1298
223 402 372
232 402 252
232 231 1222
223 231 1075
208 231 596
140 231 596
223 464 1034
232 464 1047
140 185 1285
232 185 1217
223 185 1075
208 185 1035
140 316 1195
208 316 904
223 316 288
238 140 1187
214 208 1020
348 232 288
214 223 1020
348 223 383
152 214 1300
76 214 771
152 348 1297
152 238 1300
