173
1 122 478
47 122 475
33 122 1068
1 186 194
47 186 290
1 391 865
47 391 1166
650 391 298
33 391 1146
1 402 187
47 402 943
33 402 930
1 424 467
47 424 574
650 424 788
33 424 1008
1 441 865
47 441 1224
650 441 281
33 441 580
1 446 865
47 446 1224
650 446 343
33 446 968
1 496 865
47 496 1224
650 496 788
33 496 1105
1 690 865
47 690 1224
650 690 323
33 690 803
1 757 865
47 757 1185
650 757 548
33 757 1215
1 797 1083
47 797 219
650 797 950
33 797 771
1 825 680
47 825 570
650 825 979
33 825 1085
1 864 1081
47 864 298
650 864 682
33 864 650
1 889 546
47 889 163
650 889 650
33 889 705
814 1 545
610 1 1166
36 1 1258
787 1 1246
36 47 762
814 47 10
787 650 1208
713 650 987
610 650 862
814 650 549
36 650 524
713 33 1146
814 33 1240
446 713 1003
431 713 1082
344 713 232
403 610 1096
344 610 936
446 610 734
403 787 1182
431 814 15
344 814 29
446 36 1022
403 36 1212
344 36 160
415 403 931
216 403 811
375 403 613
414 403 392
460 403 295
216 446 811
375 446 528
414 446 528
460 446 295
460 344 1036
40 344 873
216 344 579
415 431 1104
375 431 613
216 431 397
40 431 349
414 431 241
436 40 268
408 40 507
175 40 337
398 40 69
416 40 3
398 375 813
436 375 656
416 375 602
439 375 355
439 460 1
408 216 1139
175 216 1127
416 216 892
436 216 851
398 216 255
416 390 1255
398 390 590
408 390 337
439 390 172
175 390 155
436 414 1209
398 414 1162
416 414 792
439 414 692
408 414 337
175 414 307
408 415 1124
398 415 868
436 415 868
416 415 621
439 415 172
175 415 155
264 175 1092
310 175 1034
229 175 963
374 175 687
208 175 617
307 175 322
208 408 1023
374 408 987
310 408 576
229 408 233
374 416 1042
307 416 372
310 416 347
208 416 347
229 416 233
374 398 1139
208 398 403
307 398 372
310 398 320
229 398 233
374 436 994
208 436 510
307 436 372
310 436 320
374 439 1139
208 439 511
310 439 320
214 208 1092
152 307 441
348 229 799
355 229 740
349 229 272
214 374 615
152 374 441
214 310 811
349 310 361
343 310 361
348 310 324
348 264 995
101 343 908
184 152 726
101 355 1031
101 415 908
152 214 1300
101 349 1273
152 348 1286
101 348 1000
