89
774 812 1242
789 812 1256
131 812 963
774 816 1148
789 816 647
131 816 1103
774 819 1023
789 819 950
131 819 831
774 838 1242
789 838 1256
131 838 963
774 852 1242
789 852 1256
131 852 963
774 894 1242
789 894 1256
131 894 963
779 774 1166
168 774 9
486 789 1120
748 789 1178
168 789 110
486 131 643
748 131 1291
168 131 440
466 748 598
97 748 1008
25 748 1262
466 486 1164
97 486 1107
25 486 366
217 486 350
466 779 1195
25 168 1291
466 168 225
409 466 1043
412 466 557
407 466 67
407 97 167
412 97 17
409 97 114
409 217 766
412 217 171
416 409 1210
408 409 1052
436 409 587
398 409 197
408 407 953
416 407 891
436 407 587
398 407 490
436 412 1084
398 412 1084
408 412 1052
416 412 545
398 414 1193
436 414 1187
416 414 920
408 414 445
255 398 1164
233 398 748
199 398 289
255 408 801
199 408 747
233 408 640
267 408 425
255 436 1096
233 436 1051
267 436 425
199 436 349
233 416 1051
255 416 233
267 416 233
370 199 1189
214 199 517
370 264 496
379 264 369
214 255 454
330 233 736
379 233 534
370 267 780
379 267 369
76 370 1069
134 342 1295
134 330 928
134 214 1209
76 214 1060
134 379 1213
