183
154 441 131
0 441 834
47 441 1155
391 441 168
442 441 607
154 446 596
0 446 862
47 446 1155
391 446 765
442 446 107
154 496 573
0 496 862
47 496 1155
391 496 221
442 496 225
154 517 361
0 517 1021
47 517 1155
391 517 765
442 517 607
154 520 573
0 520 956
47 520 1155
391 520 151
442 520 404
154 540 666
0 540 690
47 540 1155
391 540 765
442 540 686
154 649 543
0 649 862
47 649 521
391 649 688
442 649 607
154 667 427
0 667 840
47 667 1155
391 667 151
442 667 329
154 763 634
0 763 862
47 763 456
391 763 307
442 763 148
154 820 479
0 820 682
47 820 218
391 820 117
442 820 135
154 854 494
0 854 933
47 854 239
391 854 386
442 854 239
713 154 357
698 154 697
713 0 1180
698 0 694
792 0 687
763 47 1186
792 47 847
713 391 1096
763 391 1073
792 391 514
698 391 215
713 442 841
763 442 629
792 442 629
698 442 449
431 713 1214
446 713 850
344 713 392
428 713 15
431 698 1223
428 698 1107
344 698 408
446 698 185
344 792 1284
305 792 480
446 792 148
344 763 1158
446 763 219
460 344 1127
407 344 461
216 344 412
264 344 299
407 446 770
216 446 657
460 446 570
414 446 423
415 428 1096
414 428 946
407 428 770
264 428 641
460 428 464
390 428 338
216 428 267
407 431 1246
415 431 1137
414 431 227
216 431 183
460 305 1007
264 305 722
415 305 691
390 305 639
407 305 344
443 264 862
418 264 684
439 264 334
418 460 542
443 460 10
408 216 1066
436 216 983
443 216 781
418 216 599
390 216 516
439 407 1245
408 407 1181
390 407 1057
418 407 829
443 407 600
436 407 436
390 390 1009
418 390 829
443 390 510
408 390 392
439 390 206
408 415 1079
390 415 1009
436 415 829
418 415 829
443 415 758
439 415 258
436 414 1233
418 414 829
443 414 824
439 414 554
390 414 408
408 414 392
374 418 1188
307 418 434
208 418 379
267 418 354
310 418 267
374 408 964
208 408 934
310 408 377
267 408 354
374 443 481
307 443 459
208 443 442
374 390 681
307 390 459
208 390 250
374 436 1026
307 436 434
208 436 379
267 436 354
374 439 1188
208 439 379
267 439 354
310 439 146
214 208 1039
374 208 369
368 307 1250
152 307 521
368 374 777
152 374 542
214 374 406
214 310 742
343 310 618
349 310 618
368 310 315
368 267 636
101 343 988
76 152 1282
101 349 1294
101 355 1083
101 368 872
101 374 921
200 214 1022
76 214 629
