97
774 475 1291
720 475 1291
804 475 1275
774 511 1283
720 511 1283
804 511 1275
774 562 1117
720 562 509
804 562 605
774 609 1293
720 609 1293
804 609 1275
774 677 1277
720 677 1185
804 677 1163
774 843 671
720 843 1098
804 843 784
779 774 1271
69 774 645
814 774 263
779 720 1220
814 720 711
69 720 956
779 804 1165
69 804 426
431 698 1119
405 698 1036
488 698 515
330 698 405
405 69 1100
431 69 247
488 69 1
488 814 789
431 814 1
330 779 560
488 779 317
499 779 883
409 488 822
407 405 1183
409 405 1022
413 405 782
414 405 386
409 499 926
407 431 1183
409 431 1022
413 431 782
409 330 786
413 330 786
407 330 474
436 413 1157
398 413 1152
408 413 1134
355 413 456
408 409 1134
355 409 1122
436 409 462
398 409 194
408 407 1143
355 407 1070
436 407 462
398 407 342
436 414 1157
398 414 1152
355 414 1066
408 414 540
267 398 286
199 398 264
310 398 257
267 436 537
199 436 341
310 436 281
199 408 827
267 408 537
310 408 491
267 355 659
199 355 656
264 355 656
310 355 494
389 199 622
346 199 391
348 199 327
389 264 1114
346 264 1061
348 264 1049
389 310 505
349 310 310
346 310 300
389 267 852
346 267 852
348 267 852
69 343 1038
69 389 1038
134 346 992
69 349 843
134 349 843
69 348 1038
