84
227 150 1053
106 150 1045
227 387 424
803 387 1016
106 387 1021
227 603 515
803 603 1225
106 603 515
227 616 763
803 616 1167
106 616 472
227 723 790
803 723 1221
106 723 1115
227 749 165
803 749 1147
106 749 607
227 800 174
803 800 861
106 800 836
227 801 530
803 801 530
106 801 895
227 886 618
803 886 1227
106 886 826
338 227 1135
733 227 1281
733 803 1280
338 803 1290
338 106 1091
831 106 235
501 733 843
517 733 1290
501 831 918
419 831 132
517 338 1282
419 338 778
501 338 548
426 338 185
224 419 471
264 419 444
259 517 660
224 517 532
86 517 1298
259 501 392
264 501 425
224 426 418
409 259 1138
418 259 936
429 259 910
443 259 910
409 86 123
418 86 444
409 224 960
418 224 936
443 224 573
429 264 1112
443 264 1069
409 264 844
418 264 844
268 409 918
368 409 761
199 409 685
268 418 918
199 418 685
267 418 538
268 429 918
199 429 685
368 429 603
267 429 538
268 443 918
199 443 685
267 443 257
368 443 242
362 368 1208
362 199 1048
214 199 381
362 268 728
214 369 683
362 369 559
152 362 1145
152 214 1300
200 214 1224
