131
333 29 616
154 29 323
47 29 4
333 400 274
415 400 181
814 400 1048
154 400 616
47 400 1125
333 417 542
415 417 357
814 417 1048
154 417 616
47 417 873
333 428 542
415 428 428
814 428 1048
154 428 616
47 428 1125
333 586 570
415 586 277
814 586 570
154 586 367
47 586 1125
333 618 542
415 618 157
814 618 757
154 618 771
47 618 950
333 668 386
415 668 426
814 668 149
154 668 771
47 668 1126
333 972 626
415 972 386
814 972 77
154 972 351
415 52 1096
814 52 293
415 193 699
814 193 95
154 193 243
47 193 318
415 461 511
814 461 1048
154 461 616
47 461 1125
814 224 27
154 224 7
831 333 1125
825 333 1104
792 333 986
82 333 865
825 415 1109
792 415 986
82 415 689
831 415 249
82 814 767
82 154 626
831 154 1238
825 154 401
792 47 1026
831 47 1224
344 825 1271
168 792 527
344 792 1289
344 82 700
270 82 799
303 82 550
168 82 214
270 831 574
344 831 1199
168 831 109
303 831 228
460 403 961
267 403 710
245 403 291
264 403 223
460 344 1238
264 344 583
267 344 308
245 344 308
225 344 239
460 168 1186
225 168 601
264 168 251
460 303 1224
225 303 1180
267 303 247
245 303 169
460 270 1120
264 270 914
267 270 670
245 270 670
225 270 239
429 264 1155
443 264 1096
409 264 962
418 264 871
409 267 898
418 267 871
409 460 697
418 460 461
443 460 9
443 225 645
429 225 559
418 225 492
409 225 215
409 245 1189
418 245 871
443 245 209
287 409 1171
223 409 804
201 409 505
201 418 505
267 418 479
223 418 342
232 418 212
201 429 505
232 429 496
267 429 387
223 429 310
287 429 226
223 443 949
287 443 635
201 443 505
348 287 782
348 201 375
348 267 946
348 223 497
152 348 1285
