152
1 90 830
728 90 233
1 202 137
728 202 1248
1 491 434
728 491 974
763 491 974
688 491 413
1 503 167
728 503 1149
763 503 1036
688 503 835
1 557 191
728 557 1125
763 557 1074
688 557 862
1 607 477
728 607 1240
763 607 1036
688 607 574
1 642 150
728 642 860
763 642 876
688 642 752
1 667 227
728 667 1186
763 667 1074
688 667 859
1 695 627
728 695 1280
763 695 1074
688 695 859
1 700 627
728 700 1221
763 700 1074
688 700 859
1 842 597
728 842 834
763 842 645
688 842 676
1 868 597
728 868 440
763 868 345
688 868 212
1 921 1231
787 1 1247
771 1 1185
610 1 1124
698 728 90
771 728 13
771 763 1276
771 688 1271
585 688 1006
698 688 523
610 688 237
787 688 187
381 610 1074
403 610 666
203 610 581
177 610 369
177 698 718
403 698 666
217 698 650
203 698 581
381 698 321
403 787 839
217 787 1131
203 787 34
403 771 631
381 585 1036
217 585 762
403 585 543
177 585 369
292 203 565
216 203 437
413 203 412
292 177 975
216 177 437
413 177 412
216 403 768
413 403 538
292 403 359
414 403 302
413 217 707
216 217 437
292 217 345
414 217 281
292 381 700
413 381 436
307 381 319
216 381 303
297 413 1151
436 413 1137
398 413 1097
408 413 995
175 413 556
175 307 1227
408 307 1227
297 307 1131
398 307 659
436 307 496
175 292 1227
408 292 1227
297 292 1131
408 216 1225
175 216 1142
436 216 759
398 216 439
297 216 387
436 414 1137
398 414 1078
297 414 953
175 414 556
408 414 548
310 175 1029
374 175 892
264 175 778
303 175 567
208 175 277
374 398 1152
208 398 600
310 398 461
303 398 421
374 408 912
208 408 817
310 408 685
208 436 962
374 436 860
310 436 450
303 436 284
303 297 476
310 297 400
264 297 381
208 297 210
336 264 482
379 264 364
374 208 546
368 374 575
374 303 915
355 303 285
336 310 668
368 310 592
379 310 542
134 336 1286
101 336 1212
69 336 1052
69 355 1262
101 355 772
134 368 1286
101 368 699
101 374 754
134 379 1132
