231
113 288 429
236 288 1212
443 288 15
178 288 2
113 334 86
252 334 2
113 449 463
236 449 537
443 449 201
278 449 304
178 449 894
252 449 1012
113 531 463
236 531 667
443 531 483
178 531 647
252 531 1054
113 533 1053
236 533 1135
443 533 225
178 533 1013
252 533 659
113 636 263
236 636 1050
278 636 255
178 636 894
252 636 659
113 652 383
236 652 896
443 652 119
178 652 792
252 652 864
113 662 770
236 662 880
443 662 119
278 662 122
178 662 894
252 662 719
113 853 359
236 853 1190
278 853 566
178 853 272
252 853 479
236 41 1139
278 41 538
236 836 1020
443 836 568
252 836 1074
236 840 1020
443 840 568
178 840 433
252 840 1078
726 113 174
678 236 1122
761 236 451
817 236 240
742 236 15
589 236 11
678 443 1056
817 443 468
742 443 277
726 443 187
761 443 159
700 443 159
678 278 978
589 278 494
761 278 490
726 278 459
594 278 456
742 278 282
817 278 246
606 278 228
700 278 223
726 178 976
700 178 73
594 178 84
678 178 56
742 178 9
817 178 5
817 252 981
761 252 727
678 252 2
159 761 1152
322 761 10
56 761 1
416 761 1
159 606 912
322 606 721
353 606 588
56 606 465
416 606 459
463 606 431
322 742 1013
82 742 254
416 742 13
82 817 1176
159 817 717
353 817 5
416 817 1
159 678 1115
353 678 588
56 678 465
463 678 324
416 678 193
82 678 145
159 589 1115
463 589 657
322 589 462
416 589 457
56 589 229
416 594 851
322 594 721
159 594 717
353 594 680
463 594 431
56 594 217
463 700 1286
159 700 717
322 700 462
416 700 457
159 726 862
37 726 1252
82 726 625
416 726 497
375 416 969
30 416 382
121 246 758
121 37 2
412 353 535
30 353 408
375 353 329
375 159 666
121 159 542
30 159 348
375 322 535
30 322 535
412 322 419
121 82 1257
121 56 1248
412 56 2
375 463 1299
414 463 1296
390 463 786
412 463 340
415 463 338
407 30 3
407 375 1280
442 375 1263
447 375 1000
402 375 665
436 375 539
398 375 529
407 121 1
408 121 1
407 390 1235
402 390 1195
442 390 562
408 390 355
398 390 288
408 412 1016
436 412 976
398 412 976
402 412 852
407 412 446
442 412 307
447 412 214
407 415 976
408 415 871
436 415 854
398 415 854
402 415 852
447 415 162
436 414 1083
398 414 1063
402 414 887
407 414 446
408 414 355
208 447 1295
298 447 762
424 447 464
208 442 1288
298 442 886
208 407 1295
298 407 843
424 407 436
437 407 314
436 407 314
208 408 1119
298 408 825
424 408 464
208 402 1295
298 402 886
208 398 559
424 398 549
298 436 886
208 436 869
214 208 1190
388 208 909
342 208 909
340 208 368
330 208 368
214 437 1213
388 437 1139
340 437 1085
342 437 1085
330 437 1070
214 436 1213
388 436 1178
330 436 1139
379 436 988
340 436 452
342 436 196
379 298 605
379 424 970
342 424 649
388 424 649
330 424 324
340 424 324
330 168 540
340 168 1165
388 168 1200
342 168 474
134 330 738
134 342 1299
152 342 1125
152 214 1300
134 214 1242
200 214 1174
134 340 977
134 388 1185
134 379 1185
