118
87 54 592
67 54 1035
767 54 1
85 54 19
87 197 14
85 197 3
87 289 713
67 289 768
767 289 139
85 289 456
87 479 929
154 479 226
67 479 712
767 479 345
85 479 765
87 509 1147
154 509 543
67 509 714
767 509 716
85 509 973
87 512 1147
154 512 674
67 512 1175
767 512 1192
85 512 1220
87 551 929
154 551 617
67 551 488
767 551 793
85 551 793
87 591 640
154 591 567
67 591 558
767 591 567
85 591 818
87 726 929
154 726 585
67 726 502
767 726 528
85 726 125
87 730 1147
154 730 419
67 730 502
767 730 415
85 730 973
87 867 931
154 867 506
67 867 297
767 867 582
85 867 331
87 962 1
767 962 759
67 52 334
792 87 631
831 154 1231
734 154 21
792 67 1182
831 67 1277
831 767 990
734 767 1241
792 85 541
344 792 1292
419 792 939
139 792 131
139 734 736
344 734 1076
344 831 1083
270 831 665
419 831 83
460 419 886
18 419 528
264 419 341
225 419 239
460 344 1256
264 344 688
18 344 447
225 344 340
460 139 854
264 139 767
225 139 564
18 139 459
460 270 1083
264 270 845
18 270 362
225 270 340
429 264 1196
443 264 1144
409 264 959
418 264 759
418 18 375
409 18 638
418 460 446
409 460 838
443 460 19
443 225 731
429 225 731
418 225 426
223 409 909
268 409 770
201 409 537
268 418 770
227 418 731
267 418 566
201 418 537
223 418 285
227 429 1019
268 429 770
201 429 537
267 429 509
223 429 215
223 443 949
227 443 870
268 443 770
201 443 537
267 443 247
348 267 825
348 223 512
152 348 1288
