142
813 352 1275
795 352 77
813 391 997
58 391 522
795 391 997
306 391 904
813 452 952
58 452 537
795 452 1113
306 452 1143
813 489 952
58 489 707
795 489 707
306 489 904
813 562 952
58 562 563
795 562 1025
306 562 1025
813 638 1075
58 638 527
795 638 1075
306 638 527
813 760 1089
58 760 720
795 760 1089
306 760 745
813 776 731
58 776 1161
795 776 752
306 776 943
813 822 426
58 822 1161
306 822 689
813 851 671
58 851 1161
795 851 130
306 851 671
813 870 652
58 870 1161
795 870 457
306 870 969
107 813 1087
193 813 556
748 58 1191
107 58 412
193 795 960
107 795 1208
785 795 287
107 306 965
193 306 964
748 306 574
785 306 402
49 193 409
499 193 1216
486 193 1105
177 193 86
9 107 1300
499 107 1
9 748 1073
177 748 17
499 748 66
486 785 1036
49 785 672
75 9 541
121 229 476
246 229 275
375 229 249
37 49 623
121 49 2
37 486 1264
246 486 267
246 177 222
37 499 519
121 499 64
259 246 837
407 246 433
259 37 220
407 37 8
408 37 1
407 375 1256
402 375 953
436 375 602
416 375 602
398 375 536
407 75 11
416 390 1225
407 390 1222
402 390 1222
259 390 417
398 390 264
408 390 202
408 121 1
436 414 1075
398 414 1035
402 414 1020
416 414 725
259 414 417
407 414 291
408 414 202
208 407 1299
206 407 816
324 407 451
424 407 320
267 407 277
381 407 256
208 402 1299
206 402 1236
267 402 277
381 402 256
324 402 183
208 408 1094
206 408 917
324 408 422
381 408 417
424 408 358
267 408 277
381 259 640
324 259 477
424 259 441
208 259 294
206 398 1273
208 398 672
424 398 512
324 398 451
381 398 267
206 436 1103
208 436 981
324 436 451
267 436 277
381 436 256
424 436 225
206 416 1273
424 416 512
324 416 451
208 416 301
381 416 301
214 208 1133
214 381 794
214 324 404
200 271 1293
152 214 1300
200 214 1238
