210
73 105 54
713 105 454
732 105 1078
391 105 354
73 287 382
190 287 140
73 385 303
713 385 1081
732 385 1032
190 385 497
280 385 692
391 385 392
73 520 1015
713 520 194
732 520 1032
190 520 752
280 520 486
73 528 384
713 528 469
732 528 1032
190 528 698
280 528 195
391 528 469
73 569 283
713 569 1150
732 569 941
190 569 280
280 569 692
391 569 230
73 570 855
713 570 817
732 570 716
190 570 752
280 570 517
391 570 267
73 682 679
713 682 631
732 682 631
190 682 700
280 682 742
391 682 589
73 763 474
713 763 1200
732 763 941
190 763 524
280 763 692
391 763 176
73 799 616
713 799 1092
732 799 649
190 799 180
280 799 384
391 799 175
73 823 922
713 823 315
732 823 595
190 823 384
280 823 585
391 823 164
73 934 687
713 934 1
190 934 332
391 934 69
732 338 645
391 338 607
190 54 480
280 54 7
190 1018 231
280 1018 764
713 73 563
734 73 548
759 73 1084
713 713 428
734 713 534
6 713 8
763 713 1
734 732 85
713 732 1070
6 732 685
713 190 369
734 190 997
759 190 628
763 190 3
713 280 913
759 280 887
734 280 684
6 280 682
763 280 286
734 391 910
713 391 910
6 391 750
759 391 732
763 391 425
431 713 1091
501 713 617
446 713 548
428 713 86
501 6 1148
428 734 405
225 734 964
431 734 11
431 759 284
428 759 17
446 763 91
225 763 57
501 763 208
472 225 972
172 225 723
264 225 484
245 225 382
18 225 343
414 446 552
172 446 452
472 446 452
18 446 188
415 428 1118
414 428 1019
172 428 846
264 428 815
472 428 270
245 428 227
415 431 1118
172 431 637
18 431 283
264 501 312
245 501 687
18 501 96
414 463 1288
415 463 694
264 463 504
472 463 237
443 264 804
418 264 560
439 264 267
418 472 699
418 18 260
418 172 446
408 172 204
398 172 204
436 172 204
408 415 1122
436 415 883
398 415 883
443 415 687
418 415 665
439 415 216
436 414 1183
398 414 1175
443 414 752
439 414 679
418 414 665
408 414 335
418 245 872
436 245 663
398 245 663
408 245 319
439 245 267
268 418 729
199 418 726
267 418 470
208 418 342
308 418 258
208 408 939
268 408 729
199 408 726
267 408 470
308 443 788
268 443 729
199 443 726
208 443 484
267 443 186
268 398 659
199 398 659
208 398 342
308 398 258
199 436 682
268 436 682
267 436 470
208 436 417
308 436 258
268 439 729
199 439 726
267 439 470
208 439 342
308 439 258
370 199 1101
352 199 442
214 199 318
349 199 318
214 208 1150
352 268 358
370 268 324
355 308 756
352 264 483
370 264 324
370 267 695
352 267 442
379 267 304
101 370 1280
69 343 1055
101 343 955
101 349 1284
69 349 991
134 349 867
69 355 1299
101 355 1092
134 214 1244
101 352 1083
69 352 683
134 379 1227
