107
774 17 1266
795 17 1146
774 445 821
766 445 1138
795 445 1073
774 452 1095
766 452 1138
795 452 999
774 506 1022
766 506 1138
795 506 593
774 562 1095
766 562 531
795 562 1219
774 588 1061
766 588 903
795 588 999
774 631 1095
766 631 874
795 631 1034
774 670 1174
766 670 1033
795 670 1111
774 852 1220
766 852 161
795 852 714
774 878 1048
766 878 539
795 878 1066
779 774 1268
703 766 17
779 795 674
761 795 1081
466 703 1257
251 703 145
349 761 216
466 761 1010
466 779 1197
499 779 1086
409 349 819
412 349 556
391 349 483
407 349 462
121 349 344
121 251 954
412 251 471
407 251 455
391 251 327
409 251 327
409 499 963
391 499 500
121 499 63
409 466 1036
391 466 655
412 466 491
407 466 63
416 409 1195
408 409 1062
230 409 554
436 409 509
398 409 150
408 121 3
408 407 1011
416 407 817
230 407 554
436 407 509
398 407 377
416 391 817
408 391 589
230 391 554
436 391 509
398 391 150
436 412 1018
398 412 1018
408 412 1014
416 412 604
230 412 554
208 408 840
255 408 769
199 408 666
267 408 441
208 416 332
255 416 294
267 416 255
264 416 230
255 436 1059
208 436 695
267 436 441
199 436 293
255 398 1151
208 398 385
267 398 240
199 398 224
264 230 1042
255 230 875
267 230 564
199 230 279
214 208 1127
342 208 788
330 208 418
214 255 400
134 330 881
134 342 1296
152 342 1062
152 214 1300
134 214 1196
76 214 701
