159
774 392 1213
720 392 1213
795 392 873
306 392 660
774 475 1107
720 475 1107
795 475 686
306 475 660
774 569 1245
720 569 1243
795 569 747
306 569 360
774 609 1206
720 609 1206
795 609 408
306 609 176
774 610 952
720 610 1003
795 610 873
306 610 660
774 613 715
720 613 1129
795 613 1025
306 613 196
774 702 710
720 702 1282
795 702 747
306 702 660
774 794 698
720 794 1175
795 794 349
774 843 423
720 843 1212
795 843 270
306 843 198
774 851 594
720 851 1175
795 851 336
306 851 535
69 774 657
779 774 1267
797 774 163
69 720 923
779 720 1143
779 795 650
797 795 655
69 795 103
734 795 25
597 795 18
734 306 841
779 306 827
597 306 757
797 306 739
698 306 656
69 306 585
428 698 1022
479 698 756
330 698 412
217 698 386
258 698 261
428 597 1022
479 597 756
330 597 732
217 597 386
258 597 332
258 69 969
330 797 684
479 797 1275
258 797 41
330 779 731
479 779 1199
258 779 734
428 734 482
258 734 626
330 734 672
217 734 181
479 734 1
414 428 805
409 428 721
50 428 663
413 428 359
390 428 178
50 479 913
76 479 634
409 479 454
413 479 111
413 258 1030
50 258 848
409 258 671
76 258 236
50 217 848
413 217 823
409 217 531
50 330 848
413 330 707
409 330 671
390 330 405
76 330 340
408 50 90
398 413 1186
436 413 1173
416 413 1102
408 413 995
355 413 347
416 409 1234
408 409 1079
355 409 1044
436 409 526
398 409 160
416 390 1257
355 390 960
398 390 712
408 390 397
436 414 1173
398 414 1163
355 414 960
416 414 722
408 414 397
355 76 730
374 408 875
255 408 780
267 408 423
338 408 170
374 416 1211
338 416 516
255 416 248
267 416 220
374 436 1031
255 436 1031
267 436 423
338 436 312
374 398 1248
255 398 1118
338 398 516
267 398 220
374 355 1209
255 355 1092
267 355 582
264 355 487
338 355 468
152 255 801
374 338 774
152 338 409
152 374 806
368 374 722
152 264 437
379 264 376
368 264 324
368 267 546
379 267 376
101 343 965
76 152 1195
134 368 1292
101 368 879
101 415 965
101 374 797
101 349 1262
134 349 847
134 379 1147
