192
87 415 1014
388 415 165
0 415 726
47 415 1204
265 415 300
87 417 1000
388 417 226
0 417 569
47 417 1000
265 417 500
87 441 1014
388 441 664
0 441 825
47 441 1204
265 441 300
87 494 166
388 494 182
0 494 603
47 494 965
265 494 300
87 496 1014
388 496 646
0 496 569
47 496 1204
87 517 1014
388 517 212
0 517 1004
47 517 1204
265 517 534
87 520 1014
388 520 134
0 520 836
47 520 1204
265 520 580
87 565 1005
388 565 634
0 565 982
47 565 1005
265 565 580
87 667 1014
388 667 161
0 667 569
47 667 1122
265 667 300
87 668 879
388 668 664
0 668 576
47 668 879
265 668 300
87 673 1014
388 673 590
0 673 569
47 673 1204
265 673 374
87 799 254
388 799 655
0 799 898
47 799 659
265 799 551
87 854 979
388 854 316
0 854 850
47 854 433
265 854 553
47 122 587
792 87 427
713 87 370
831 388 1085
713 388 1048
792 388 915
734 388 765
763 388 513
713 0 1093
792 0 698
763 47 1128
792 47 804
831 47 914
713 265 1116
792 265 963
763 265 513
831 265 509
734 265 382
344 713 479
446 713 738
431 713 1192
428 713 46
344 792 1268
446 792 150
344 734 958
428 734 295
431 734 58
295 734 11
344 831 1067
431 831 255
446 763 212
344 763 1120
241 763 165
460 344 1018
407 344 405
18 344 288
407 446 729
375 446 487
414 446 487
460 446 418
415 428 1053
414 428 994
407 428 729
390 428 464
460 428 326
407 431 1217
415 431 1116
375 431 556
18 431 209
460 241 785
407 241 559
375 241 511
460 295 900
407 295 454
436 375 670
439 375 462
418 375 339
429 375 339
443 375 339
418 18 302
418 460 487
443 460 15
439 407 1227
408 407 1165
418 407 757
429 407 577
443 407 577
436 407 416
418 390 757
443 390 515
408 390 397
429 390 360
439 390 161
436 414 1213
443 414 799
418 414 757
429 414 708
439 414 686
408 414 397
408 415 1067
436 415 788
418 415 757
443 415 725
429 415 397
439 415 246
268 418 690
220 418 635
208 418 424
267 418 419
307 418 328
220 429 873
268 429 690
208 429 424
267 429 419
307 429 365
208 408 989
220 408 751
268 408 690
267 408 419
220 443 810
268 443 690
208 443 440
307 443 364
268 436 690
220 436 459
208 436 424
267 436 419
307 436 328
268 439 690
220 439 646
208 439 424
267 439 419
368 307 1234
214 208 1043
374 208 381
214 220 1043
370 267 597
368 267 538
101 370 1223
101 343 987
101 355 1032
152 368 1021
101 368 867
152 374 1102
101 374 952
152 214 1300
200 214 1148
101 214 542
