121
774 197 1291
774 494 1246
181 494 871
795 494 365
774 561 1200
181 561 1039
795 561 1024
774 579 1265
181 579 1072
795 579 470
774 587 1246
181 587 635
795 587 365
774 610 1158
181 610 635
795 610 858
774 631 1234
181 631 1072
795 631 607
774 749 1149
181 749 1072
795 749 960
779 774 1153
737 774 919
754 774 122
737 181 33
754 181 1297
698 181 644
754 795 836
737 795 161
779 795 425
466 698 1233
475 698 1167
431 698 1136
521 698 582
475 754 1140
521 754 1286
431 754 1
475 486 1226
466 486 1071
431 486 987
521 486 841
475 779 89
466 779 1126
466 737 1159
475 737 1092
521 737 4
413 475 308
409 475 519
391 475 272
409 466 994
391 466 639
407 466 39
407 431 1231
409 431 1024
413 431 920
391 431 153
414 431 153
409 521 881
413 521 150
391 521 304
412 409 1178
416 409 1178
408 409 1056
436 409 573
398 409 217
436 413 1199
398 413 1188
412 413 1188
408 413 1071
416 413 1053
416 391 867
436 391 573
408 391 536
398 391 217
412 391 175
408 407 978
416 407 867
436 407 573
412 407 434
398 407 434
436 414 1199
398 414 1188
416 414 945
412 414 735
408 414 383
255 398 1149
233 398 741
208 398 325
199 398 268
267 398 197
255 436 1020
233 436 995
208 436 625
267 436 325
199 436 301
208 408 846
199 408 734
255 408 725
233 408 601
267 408 325
233 416 995
208 416 364
255 416 269
267 416 197
255 412 1149
233 412 370
267 412 325
152 199 415
342 208 841
330 208 378
152 255 343
330 233 775
368 233 731
368 267 685
134 342 1299
152 342 1149
134 330 901
134 368 1299
152 368 815
76 152 1257
