113
227 396 472
803 396 216
713 396 918
190 396 519
227 483 368
803 483 969
713 483 969
190 483 431
227 494 642
803 494 583
713 494 829
190 494 406
227 516 389
803 516 689
713 516 925
190 516 525
227 520 703
803 520 260
713 520 596
190 520 734
227 583 368
803 583 400
713 583 991
190 583 519
227 607 472
803 607 592
713 607 797
190 607 573
227 789 544
803 789 460
713 789 197
190 789 806
227 882 608
803 882 636
713 882 583
190 882 272
227 885 642
803 885 673
713 885 613
190 885 272
713 899 158
190 899 289
615 227 382
759 227 69
734 803 719
713 803 53
759 803 8
713 713 446
734 713 415
615 713 115
734 190 894
615 190 678
713 190 416
759 190 269
517 615 785
426 615 735
428 615 429
431 615 142
426 713 639
431 713 928
428 713 46
426 759 583
431 759 368
428 759 8
517 734 658
428 734 390
426 734 161
431 734 14
224 517 352
86 517 1019
448 517 59
414 428 781
264 428 709
448 428 270
224 428 212
224 431 289
448 431 163
448 426 323
224 426 289
414 426 157
418 86 259
418 224 712
443 224 301
408 224 233
429 264 749
443 264 688
418 264 608
408 264 233
443 448 14
436 414 971
443 414 664
429 414 616
418 414 606
408 414 358
268 418 697
199 418 604
267 418 458
268 429 697
199 429 604
267 429 448
268 436 695
199 436 604
267 436 458
268 408 697
199 408 604
267 408 458
268 443 697
199 443 604
267 443 242
379 267 260
379 264 260
134 349 664
134 379 976
