202
73 416 927
249 416 574
190 416 685
86 416 287
768 416 1210
391 416 150
73 466 450
249 466 355
190 466 474
86 466 1082
768 466 1149
391 466 579
73 520 927
249 520 783
190 520 685
86 520 315
768 520 1210
391 520 282
73 529 927
249 529 574
190 529 685
86 529 263
768 529 1158
73 704 694
249 704 431
190 704 685
86 704 257
768 704 1086
391 704 483
73 730 927
249 730 783
190 730 685
86 730 280
768 730 1029
391 730 125
73 763 351
249 763 682
190 763 577
86 763 264
768 763 1076
73 789 696
249 789 797
190 789 851
86 789 608
768 789 579
391 789 358
73 804 475
249 804 545
190 804 403
86 804 608
768 804 218
391 804 247
73 823 908
249 823 370
190 823 403
86 823 221
391 823 237
73 854 466
249 854 545
190 854 449
768 854 755
391 854 358
73 885 597
249 885 797
190 885 403
86 885 1231
768 885 164
249 956 323
391 956 25
86 89 439
768 89 569
391 89 62
713 73 819
759 73 1047
734 73 654
698 73 1
759 249 572
759 190 599
713 190 634
734 190 1103
759 86 736
713 86 1237
713 768 156
713 391 1003
759 391 723
734 391 723
698 391 285
431 698 1253
428 698 1182
426 698 647
426 713 580
431 713 1222
428 713 184
428 734 762
426 734 84
431 734 43
477 734 14
431 759 668
426 759 422
477 759 979
428 759 39
415 428 1102
325 428 1082
172 428 1031
414 428 838
409 428 674
264 428 619
264 477 606
409 477 1
415 431 1102
172 431 817
325 431 817
409 431 796
414 431 197
409 426 796
172 426 694
325 426 654
415 426 418
414 426 197
439 409 1262
408 409 1122
396 409 1006
418 409 841
436 409 464
396 264 764
418 264 653
439 264 500
408 264 262
396 172 842
418 172 508
439 172 250
408 172 196
436 172 196
436 414 1223
396 414 1006
418 414 841
439 414 675
408 414 397
408 415 1170
396 415 1006
436 415 918
418 415 841
439 415 339
396 325 1039
408 325 404
439 325 267
418 325 230
374 418 1224
199 418 762
338 418 596
267 418 520
303 418 390
208 418 260
374 408 922
208 408 852
199 408 762
267 408 520
338 408 229
374 436 998
199 436 558
267 436 520
338 436 477
303 436 323
208 436 289
374 396 1224
208 396 751
338 396 596
303 396 299
264 396 266
267 396 250
199 396 236
374 439 1224
199 439 762
338 439 536
267 439 520
208 439 260
303 439 208
389 199 658
152 199 643
214 208 975
374 208 358
374 338 806
214 338 540
355 338 383
152 338 364
152 374 650
214 374 351
374 303 962
152 303 694
389 303 466
389 264 1145
389 267 958
101 343 1064
101 389 696
76 152 1265
101 349 1290
134 349 809
101 355 1091
101 374 947
134 214 1199
76 214 644
101 214 591
