117
774 514 986
720 514 1285
795 514 850
774 531 668
720 531 1285
795 531 850
774 574 1100
720 574 1270
795 574 1068
774 610 825
720 610 825
795 610 781
774 613 668
720 613 1245
795 613 1200
774 702 1045
720 702 1285
795 702 683
774 803 1099
720 803 1178
795 803 467
774 843 500
720 843 1241
795 843 359
69 774 676
779 774 1256
823 774 211
69 720 965
779 720 1144
779 795 608
69 795 120
125 823 44
475 69 3
177 699 887
428 699 729
475 699 481
125 699 481
475 779 136
475 703 1267
428 703 1084
177 703 887
125 703 663
403 125 754
409 125 572
403 177 797
409 177 658
413 177 440
409 428 843
50 428 776
414 428 640
403 428 566
413 428 312
50 475 575
413 475 332
409 475 384
403 475 423
408 50 66
416 409 1254
412 409 1225
408 409 1081
436 409 557
398 409 230
416 403 1261
412 403 1225
398 403 1035
436 403 456
408 403 398
412 413 1223
398 413 1223
416 413 1191
436 413 1155
408 413 839
398 414 1164
436 414 1155
412 414 793
416 414 702
408 414 398
255 398 1158
140 398 810
338 398 565
267 398 236
255 436 968
140 436 695
267 436 403
338 436 341
140 408 826
255 408 787
267 408 403
338 408 184
140 416 810
338 416 494
255 416 287
267 416 236
264 416 193
255 412 1158
140 412 861
267 412 403
338 412 271
264 412 246
238 140 1023
152 264 421
368 264 352
379 264 347
152 255 815
349 255 324
152 338 414
368 267 578
379 267 347
415 267 270
76 152 1210
101 415 936
134 368 1293
101 368 891
101 349 1272
134 349 840
134 379 1158
101 238 650
