118
720 472 1137
795 472 1199
306 472 1102
720 475 962
795 475 972
306 475 907
720 562 1118
795 562 1013
306 562 1102
720 610 1158
795 610 1013
306 610 1102
720 648 1135
795 648 1027
306 648 1072
720 663 1235
795 663 1212
306 663 773
720 843 1261
795 843 276
306 843 330
779 720 1013
588 720 54
298 720 348
734 795 27
779 795 352
734 306 879
779 306 557
298 306 308
428 734 582
139 734 289
479 734 4
479 699 887
428 699 788
232 699 594
384 699 473
139 699 186
232 298 740
428 298 501
479 298 303
139 779 723
384 779 863
479 779 1243
428 588 1102
479 588 884
414 428 792
409 428 776
50 428 721
121 428 188
390 428 188
409 479 450
121 479 596
50 479 992
390 384 451
409 384 436
121 384 412
50 384 262
121 139 1100
50 139 606
409 139 436
414 139 251
50 232 761
121 232 694
409 232 572
408 50 92
416 409 1235
408 409 1130
355 409 1063
436 409 625
398 409 163
355 121 344
408 121 6
436 414 1223
398 414 1161
355 414 963
416 414 758
408 414 462
416 390 1275
355 390 963
398 390 695
408 390 462
436 390 109
255 408 839
381 408 669
267 408 408
255 398 1172
338 398 520
381 398 226
255 436 1057
267 436 408
381 436 376
338 436 373
338 416 430
255 416 288
264 416 242
255 355 1137
381 355 714
264 355 650
338 355 604
267 355 548
389 264 1063
379 264 372
368 264 355
349 255 277
389 267 890
368 267 546
379 267 372
349 381 298
368 381 264
69 389 1055
69 415 1055
101 415 967
134 368 1295
101 368 805
101 349 1276
69 349 1017
134 349 949
134 379 1208
