149
728 393 1047
805 393 820
688 393 731
763 393 1018
728 405 1047
805 405 424
688 405 731
763 405 1018
728 487 1047
805 487 231
688 487 731
763 487 1018
728 493 962
805 493 962
688 493 534
763 493 962
728 525 1047
805 525 273
688 525 731
763 525 1018
728 625 1047
805 625 537
688 625 731
763 625 1055
728 659 523
805 659 535
688 659 649
763 659 682
728 667 1047
805 667 245
688 667 731
763 667 1018
728 698 1004
805 698 865
688 698 731
763 698 1004
728 700 1047
805 700 361
688 700 731
763 700 1018
727 728 1121
771 728 39
42 728 227
727 805 1075
428 805 77
771 688 1122
727 688 1095
428 688 873
621 688 560
42 688 516
428 763 1121
771 763 1124
727 763 1
507 621 980
414 621 865
203 621 717
48 621 607
373 621 180
373 771 1010
507 771 1146
507 727 1065
48 727 1149
507 428 1123
463 428 968
373 428 343
203 428 294
48 428 129
373 42 562
48 42 1076
203 42 109
375 373 1139
414 373 830
390 373 813
415 373 529
287 203 531
375 48 656
415 48 1
287 507 3
414 414 1148
375 414 1136
390 414 927
415 414 927
287 414 393
375 463 1150
414 463 1136
390 463 908
415 463 500
402 375 1108
297 375 929
398 375 544
436 375 444
297 307 1024
408 307 982
398 307 582
436 307 434
402 307 227
297 287 1091
402 287 841
398 287 781
436 287 610
297 390 1031
402 390 1011
408 390 524
398 390 347
436 390 116
402 415 953
436 415 938
398 415 929
297 415 864
408 415 524
402 414 1026
436 414 938
398 414 929
297 414 891
408 414 524
374 398 911
208 398 672
339 398 436
310 398 239
208 402 1144
374 402 911
339 402 436
267 402 223
310 402 170
374 408 796
208 408 768
339 408 436
310 408 312
267 408 223
208 436 948
374 436 703
339 436 355
267 436 223
310 436 166
339 297 746
267 297 528
208 297 199
154 208 782
374 208 350
368 374 577
368 310 448
154 310 219
154 267 645
368 267 463
154 339 905
134 368 1129
152 368 797
152 374 1084
152 154 1150
