204
665 44 697
800 44 986
236 44 147
742 44 47
665 542 351
800 542 348
236 542 995
443 542 256
742 542 989
665 544 468
800 544 1034
236 544 1115
443 544 708
742 544 939
665 625 468
800 625 817
236 625 1006
443 625 708
742 625 939
665 683 739
800 683 1088
236 683 897
443 683 374
742 683 987
665 708 781
800 708 635
236 708 1115
443 708 635
742 708 939
665 769 836
236 769 259
443 769 426
742 769 937
665 777 572
800 777 372
236 777 716
443 777 773
742 777 1053
665 787 595
800 787 185
236 787 716
443 787 773
742 787 514
665 826 357
800 826 629
236 826 947
443 826 773
742 826 842
665 840 368
800 840 225
236 840 716
443 840 773
742 840 657
665 871 357
800 871 272
236 871 947
443 871 773
742 871 1053
665 878 230
800 878 372
236 878 716
443 878 773
742 878 315
381 665 741
729 665 555
744 665 444
263 665 102
381 800 77
678 236 841
263 236 503
381 236 72
729 443 1076
678 443 793
744 443 525
263 443 391
381 443 109
263 742 1017
678 742 176
729 742 188
744 742 52
381 742 252
350 381 676
176 381 490
159 381 490
243 381 332
463 381 273
463 263 1124
159 263 978
82 263 543
37 263 381
350 263 137
159 678 1001
243 678 515
463 678 304
82 678 191
37 729 9
176 744 1245
121 350 1211
375 350 1122
30 350 361
412 350 317
121 37 6
390 176 1062
414 176 994
121 176 661
375 176 633
30 176 339
375 159 559
30 159 422
121 159 181
375 243 349
412 243 297
121 82 1253
30 82 2
414 463 1300
375 463 1298
390 463 1094
415 463 288
412 463 136
402 375 1121
398 375 772
436 375 695
416 375 540
412 375 290
408 375 288
408 30 14
408 121 3
416 390 1257
402 390 1198
412 390 1175
398 390 559
408 390 414
436 390 164
436 412 1154
398 412 1127
402 412 1010
408 412 901
416 412 371
412 412 187
402 415 991
436 415 991
398 415 991
416 415 857
412 415 857
408 415 782
436 414 1198
398 414 1127
402 414 1071
416 414 883
412 414 605
408 414 414
140 402 1300
208 402 1296
440 402 522
402 402 516
267 402 301
324 402 216
140 408 927
208 408 912
402 408 715
324 408 526
440 408 499
267 408 301
140 398 736
440 398 628
208 398 538
324 398 513
402 398 275
140 436 983
208 436 983
324 436 513
267 436 301
440 436 215
140 416 736
440 416 572
324 416 513
208 416 290
402 416 275
140 412 1170
267 412 301
324 412 216
440 412 181
238 140 1202
342 208 909
330 208 285
379 402 742
342 402 420
330 402 381
379 440 867
342 440 602
359 440 431
330 440 424
379 267 368
342 324 577
379 324 368
349 324 348
134 359 1176
134 342 1298
152 342 1190
134 330 828
134 379 1176
134 349 828
152 238 1300
200 238 1136
