153
73 64 1105
748 64 1093
73 393 323
685 393 176
748 393 678
742 393 710
73 505 474
430 505 441
685 505 474
748 505 485
742 505 1201
73 597 653
430 597 223
685 597 223
748 597 577
742 597 737
73 636 318
430 636 398
685 636 398
748 636 577
742 636 1089
73 658 229
430 658 361
685 658 410
748 658 688
742 658 1137
73 667 808
430 667 268
685 667 601
748 667 688
742 667 1000
73 883 948
430 883 543
685 883 323
748 883 497
742 883 960
430 242 11
685 242 867
742 242 1289
685 162 2
748 162 3
742 162 880
729 73 963
785 73 1132
767 73 1157
819 73 260
767 430 1244
184 430 1149
819 430 851
729 430 410
785 430 397
729 685 1023
767 685 970
184 685 665
785 685 481
767 748 1247
819 748 124
184 742 1157
729 742 219
785 742 14
278 184 1264
93 184 499
93 819 738
485 819 850
278 819 25
93 767 1165
485 767 960
278 767 63
485 785 718
93 785 1296
522 785 987
278 785 10
278 729 194
93 729 746
522 729 825
459 485 1104
459 278 991
485 278 895
485 93 530
39 93 2
459 522 940
375 463 1300
414 463 1293
415 463 456
485 463 456
459 463 400
39 463 330
29 485 1286
229 485 37
398 375 721
436 375 715
29 375 594
226 375 473
408 375 259
226 39 604
229 39 7
229 459 664
226 459 401
436 415 848
398 415 848
408 415 565
226 415 393
436 414 1210
398 414 1165
226 414 393
29 414 267
408 414 216
417 226 1284
403 226 1280
426 226 432
407 226 384
424 29 79
403 29 27
417 29 21
424 408 517
424 229 636
407 229 431
426 229 347
403 229 314
417 229 246
424 436 380
417 436 380
424 398 655
417 398 502
437 398 306
379 424 1042
342 424 635
330 424 319
342 437 1165
330 437 1139
343 437 839
330 417 1169
379 417 1030
342 417 757
343 417 376
342 403 1230
343 403 839
379 403 570
330 403 474
330 407 1169
379 407 1030
342 407 757
343 407 571
342 426 991
330 426 723
343 426 571
379 426 570
69 343 1082
69 330 1159
134 330 931
134 342 1300
69 342 1025
134 379 1234
