144
751 386 1118
774 386 526
110 386 352
544 386 526
751 447 1033
774 447 819
110 447 383
544 447 693
751 518 1114
774 518 1257
110 518 383
544 518 464
751 524 1086
774 524 1245
110 524 383
544 524 464
751 557 1103
774 557 1153
110 557 402
544 557 464
751 569 1033
774 569 1263
110 569 383
544 569 464
751 640 1033
774 640 1263
110 640 383
544 640 730
751 823 1064
774 823 925
544 823 865
168 751 1251
716 751 777
412 774 31
737 774 839
716 774 1003
779 774 1174
168 774 20
168 110 83
716 110 632
737 110 681
716 544 1115
779 544 982
412 544 594
168 544 520
737 544 272
25 716 1006
510 716 338
431 716 1
25 168 1261
510 168 849
510 779 13
217 737 1071
510 737 226
96 737 6
431 412 801
96 412 621
463 412 570
217 412 173
409 510 666
23 510 759
216 510 7
413 510 2
23 25 1283
413 217 786
409 217 616
216 217 480
23 217 276
415 431 1088
409 431 900
413 431 890
216 431 447
414 431 294
23 431 210
409 96 88
414 463 1292
415 463 884
409 463 813
216 463 813
23 463 482
413 463 444
408 409 1156
416 409 1137
355 409 893
436 409 555
26 409 291
398 409 179
398 413 1191
408 413 1177
436 413 1169
416 413 987
355 413 266
26 23 1278
355 23 22
408 216 1197
436 216 862
416 216 781
355 216 631
398 216 294
26 216 294
398 414 1191
436 414 1169
355 414 840
416 414 763
408 414 470
26 414 375
408 415 915
355 415 840
436 415 771
398 415 771
416 415 732
374 398 1232
324 398 572
374 436 1013
324 436 572
267 436 332
374 408 1041
324 408 635
267 408 332
324 26 1
374 416 1160
324 416 572
374 355 1200
264 355 533
324 355 519
267 355 486
368 374 766
359 264 439
349 264 432
368 264 345
368 267 583
359 267 439
374 324 1239
355 324 1106
359 324 439
343 324 243
69 359 1293
134 359 1247
69 343 1045
69 355 1293
134 368 1297
69 374 795
69 349 1104
134 349 992
