100
774 469 1043
362 469 257
766 469 715
714 469 1070
774 537 1103
362 537 438
766 537 668
714 537 783
774 588 1119
362 588 171
766 588 969
714 588 689
774 601 1053
362 601 543
766 601 798
714 601 543
774 631 768
362 631 711
766 631 768
714 631 444
774 670 1091
362 670 328
766 670 839
714 670 839
774 852 1271
362 852 802
766 852 497
714 852 659
295 774 211
295 362 1152
492 362 1128
604 362 961
492 766 555
492 714 594
295 714 64
486 714 16
466 492 1281
521 492 1218
246 492 1160
251 492 664
466 604 1117
246 604 230
466 295 1281
521 295 1218
246 295 906
251 295 257
466 486 1255
521 486 1218
246 486 906
251 486 493
409 246 689
407 246 372
412 251 766
407 251 515
409 251 445
409 466 1042
412 466 606
407 466 43
409 521 937
416 409 1209
408 409 1072
436 409 565
398 409 179
408 407 1084
416 407 855
436 407 565
398 407 347
436 412 1135
398 412 1135
408 412 1029
416 412 665
436 414 1185
398 414 1152
416 414 908
408 414 409
255 398 1151
140 398 557
208 398 386
199 398 353
255 436 1019
140 436 716
208 436 716
199 436 424
140 408 1239
208 408 915
255 408 755
199 408 752
140 416 557
255 416 303
208 416 229
238 140 1029
214 199 457
214 208 1105
342 208 826
214 255 409
152 342 1097
152 214 1300
200 214 1082
152 238 1300
200 238 1082
