226
87 80 87
350 80 259
577 80 63
87 430 372
728 430 957
350 430 545
530 430 460
577 430 428
813 430 451
209 430 266
87 442 389
728 442 445
350 442 678
530 442 531
577 442 283
813 442 490
209 442 247
87 512 372
728 512 1052
350 512 489
530 512 681
577 512 481
813 512 882
209 512 234
87 525 176
728 525 1175
350 525 346
530 525 455
577 525 417
813 525 504
209 525 447
87 528 209
728 528 445
350 528 489
530 528 279
577 528 253
813 528 479
209 528 447
87 547 193
728 547 1207
350 547 161
530 547 279
577 547 417
813 547 695
209 547 250
87 595 388
728 595 491
350 595 280
530 595 718
577 595 518
813 595 618
209 595 447
87 603 372
728 603 1207
350 603 116
530 603 526
577 603 417
813 603 526
209 603 262
87 633 640
728 633 593
350 633 280
530 633 267
577 633 417
813 633 303
209 633 447
87 733 460
728 733 699
350 733 489
530 733 390
577 733 355
813 733 884
209 733 232
87 999 323
350 999 263
577 999 1
813 999 55
209 999 632
728 62 901
813 62 860
728 393 1207
350 393 489
530 393 409
577 393 417
813 393 875
209 393 234
728 625 1207
350 625 298
530 625 186
577 625 417
813 625 635
209 625 368
350 361 65
530 361 248
813 361 1256
209 361 44
772 87 845
729 87 322
677 87 23
727 87 1
727 728 1119
799 728 1124
745 728 163
727 350 944
745 350 934
799 350 725
677 350 380
772 350 267
729 350 231
745 530 934
736 530 607
799 530 424
729 530 404
727 530 397
677 530 280
772 530 204
799 577 984
677 577 729
729 577 625
736 577 618
772 577 288
745 577 248
637 577 223
727 813 1074
799 813 1012
677 813 28
736 813 2
729 209 958
736 209 913
727 209 299
48 799 836
489 799 974
4 799 421
48 745 1290
489 745 1279
489 736 198
4 736 1288
23 772 110
48 772 1
48 677 635
4 677 473
463 677 469
325 677 469
23 677 137
489 727 711
48 727 1297
4 727 20
489 729 106
463 637 1300
325 637 1261
48 637 1178
23 637 739
4 637 471
375 489 952
77 489 173
415 489 2
77 4 8
375 48 965
415 48 6
77 23 814
375 23 1300
375 325 1274
77 325 1129
390 325 392
415 325 225
375 463 1300
77 463 1110
390 463 985
415 463 376
412 463 263
402 375 998
436 375 579
416 375 579
385 375 305
408 375 242
402 77 261
408 412 934
385 412 905
402 412 631
436 412 567
416 412 349
295 412 264
416 390 1205
402 390 1190
385 390 905
408 390 433
295 390 264
416 415 877
402 415 831
385 415 692
408 415 666
436 415 562
295 415 264
402 68 177
267 68 3
208 402 1298
402 402 665
267 402 388
208 436 1120
267 436 388
402 436 211
168 436 160
208 408 980
402 408 843
267 408 388
208 385 1129
402 385 260
267 385 198
168 295 1234
208 295 976
208 416 358
402 416 358
379 402 740
342 402 609
349 402 524
330 402 397
342 208 1026
330 208 374
379 267 478
330 168 593
342 168 602
134 330 845
134 342 1298
152 342 1215
134 349 845
134 379 1200
