105
774 440 1265
766 440 1131
125 440 1126
774 478 1237
766 478 1244
125 478 1126
774 559 1282
766 559 843
125 559 1126
774 562 1190
766 562 377
125 562 1126
774 812 1181
766 812 173
125 812 1005
774 838 1239
766 838 779
125 838 720
774 859 1081
766 859 647
125 859 287
100 774 768
486 774 1
100 766 1229
358 125 931
486 125 10
466 503 1114
261 503 989
251 503 966
148 503 183
466 486 1252
261 486 989
251 486 479
251 100 745
466 100 1287
261 100 1
466 358 1281
251 358 636
261 358 455
148 358 270
409 261 793
407 261 546
391 261 527
412 261 409
412 251 678
407 251 535
409 251 301
409 148 677
391 148 545
407 148 535
412 148 380
409 466 984
412 466 489
391 466 773
407 466 15
416 409 1177
408 409 1033
436 409 543
398 409 172
416 391 901
436 391 543
408 391 526
398 391 156
408 407 905
416 407 901
436 407 543
398 407 432
436 412 1105
398 412 1105
408 412 1017
416 412 639
436 414 1177
398 414 1158
416 414 994
408 414 422
255 398 1151
233 398 778
208 398 305
267 398 244
255 436 1098
233 436 995
208 436 691
267 436 476
208 408 900
255 408 762
233 408 560
267 408 476
233 416 995
208 416 363
267 416 256
255 416 256
214 208 1138
342 208 885
330 208 415
214 255 525
330 233 780
379 233 638
379 267 424
379 264 424
134 330 922
134 342 1295
152 342 1158
152 214 1300
134 214 1202
134 379 1201
