206
388 441 699
25 441 240
804 441 710
780 441 831
47 441 1229
0 441 707
388 520 112
25 520 494
804 520 710
780 520 831
47 520 1144
0 520 795
388 565 651
25 565 479
804 565 479
780 565 343
47 565 889
0 565 952
388 651 222
25 651 634
804 651 909
780 651 162
47 651 1142
0 651 445
388 667 112
25 667 254
804 667 710
780 667 831
47 667 1045
0 667 445
388 673 373
25 673 231
804 673 710
780 673 831
47 673 1234
0 673 445
388 695 210
25 695 254
804 695 710
780 695 831
47 695 1045
0 695 445
388 854 347
25 854 592
804 854 632
780 854 405
47 854 596
0 854 726
25 540 358
804 540 740
780 540 736
47 540 1117
0 540 445
25 621 254
804 621 710
780 621 870
47 621 1045
0 621 445
713 388 1048
792 388 796
763 388 573
722 388 299
202 388 249
713 25 956
722 25 9
722 804 1153
713 780 1096
722 780 1222
202 47 162
722 47 1208
763 47 1176
792 47 560
713 0 1067
792 0 567
446 713 782
431 713 1147
344 713 294
428 713 35
463 713 1
344 792 1268
446 792 175
446 202 921
344 202 1080
428 722 90
241 722 132
344 722 41
344 763 1046
446 763 189
241 763 192
460 344 953
258 344 592
407 344 414
18 344 236
258 446 947
407 446 716
375 446 441
414 446 441
460 446 345
18 446 197
415 428 1045
414 428 1045
407 428 716
390 428 516
460 428 317
258 428 186
407 431 1245
415 431 1141
375 431 553
258 431 330
18 431 269
460 241 767
407 241 563
375 241 381
258 241 352
375 463 1298
414 463 1284
415 463 632
390 463 526
407 463 214
460 463 161
436 375 667
439 375 445
418 375 399
443 375 399
429 375 399
418 258 898
443 258 464
429 258 464
408 258 401
439 258 311
436 258 233
418 18 296
439 407 1227
408 407 1161
418 407 735
443 407 629
429 407 629
436 407 436
418 460 516
443 460 8
418 390 735
443 390 470
408 390 408
429 390 384
439 390 197
408 415 1144
443 415 791
436 415 771
418 415 735
429 415 410
439 415 259
436 414 1199
443 414 862
418 414 735
429 414 726
439 414 720
408 414 408
268 418 753
220 418 659
267 418 474
307 418 387
208 418 375
220 429 942
268 429 753
267 429 474
307 429 387
208 429 375
208 408 999
220 408 833
268 408 753
267 408 474
220 443 833
268 443 753
208 443 448
307 443 399
267 443 221
268 436 727
267 436 474
220 436 433
307 436 387
208 436 375
268 439 753
220 439 582
267 439 474
208 439 375
214 208 1063
368 307 1233
152 307 478
352 268 463
370 268 290
214 220 1063
352 220 463
370 267 719
368 267 540
352 267 405
352 264 463
370 264 290
101 343 938
101 370 1237
200 152 767
101 355 1051
152 368 1027
101 368 880
152 214 1300
200 214 1214
101 352 1051
