181
732 9 24
705 9 55
732 338 907
732 427 1076
713 427 1056
705 427 697
811 427 650
732 493 1160
713 493 466
647 493 145
705 493 869
811 493 918
732 494 1160
713 494 254
705 494 869
811 494 918
732 520 1160
713 520 231
647 520 120
705 520 869
811 520 918
732 566 1125
713 566 946
705 566 869
811 566 973
732 578 945
713 578 945
705 578 766
811 578 614
732 632 1160
713 632 495
705 632 869
811 632 918
732 651 1160
713 651 576
705 651 869
811 651 918
732 655 1016
713 655 688
705 655 173
811 655 825
732 670 1172
713 670 1056
647 670 183
705 670 697
811 670 973
732 703 1160
713 703 400
705 703 869
811 703 958
732 785 1056
713 785 253
811 785 411
732 821 981
713 821 243
647 821 767
705 821 135
6 732 649
713 732 1170
597 732 113
615 732 5
615 713 164
713 713 503
597 713 321
763 713 2
6 713 3
713 647 1234
763 647 1037
615 647 1003
597 647 921
6 647 452
763 705 1185
713 705 230
615 705 72
615 811 408
713 811 11
597 811 2
501 713 547
43 713 966
446 713 749
431 713 1133
428 713 49
43 615 1141
446 615 651
428 615 398
431 615 175
501 6 1240
43 6 114
428 597 1098
446 597 998
431 597 749
43 597 391
43 763 778
446 763 168
501 763 149
224 43 394
448 43 766
264 43 5
448 446 658
172 446 486
414 446 438
224 446 390
415 428 1080
414 428 1064
172 428 841
264 428 818
448 428 329
224 428 164
415 431 1162
172 431 546
224 431 390
414 431 199
264 501 299
409 224 1000
418 224 870
443 224 500
408 224 236
429 264 997
443 264 926
409 264 891
418 264 863
443 448 25
409 172 701
418 172 444
408 172 214
408 415 1146
443 415 833
418 415 741
429 415 536
443 414 908
429 414 839
418 414 741
408 414 369
268 409 924
307 409 850
199 409 754
208 409 428
299 409 358
268 418 924
199 418 754
267 418 482
307 418 424
299 418 358
208 418 351
268 429 924
307 429 850
199 429 754
267 429 482
208 429 368
299 429 358
268 408 924
208 408 861
199 408 754
267 408 482
299 408 358
268 443 924
199 443 754
307 443 472
208 443 428
299 443 358
370 199 1159
352 199 586
352 299 907
370 299 736
379 299 556
214 299 503
214 208 1070
352 268 444
370 268 356
370 267 885
352 267 586
101 370 1265
69 343 1117
101 343 1070
101 349 1292
69 349 1047
134 349 880
134 214 1246
101 352 1083
69 352 652
134 379 1233
