121
774 437 1217
804 437 1294
720 437 1294
774 475 1241
804 475 1296
720 475 1299
774 569 1241
804 569 1276
720 569 1276
774 609 1241
804 609 1296
720 609 1299
774 712 1217
804 712 1296
720 712 1296
774 789 447
804 789 1069
720 789 1200
774 843 433
804 843 1028
720 843 1249
18 774 440
797 774 862
779 774 1289
814 774 60
18 804 503
779 804 1123
797 804 1265
779 720 1230
814 720 299
18 720 45
797 720 3
330 797 737
63 797 701
479 797 1290
69 797 1101
479 814 533
330 18 933
479 18 1270
63 18 1199
69 18 17
330 779 861
479 779 1242
48 63 295
76 63 1262
413 63 118
409 479 430
76 479 982
48 479 994
413 479 110
76 330 739
409 330 529
413 330 529
76 69 1184
48 69 1163
413 69 92
409 69 43
436 413 1192
398 413 1185
408 413 1142
355 413 349
408 409 1142
355 409 1019
436 409 589
398 409 161
88 48 1047
355 48 568
88 76 976
355 76 694
355 415 933
408 415 933
436 415 920
398 415 920
436 414 1192
398 414 1185
355 414 933
408 414 557
310 88 23
255 408 743
267 408 488
310 408 477
255 398 1087
307 398 517
310 398 286
267 398 245
255 436 1062
267 436 488
307 436 289
310 436 222
255 355 1007
267 355 635
264 355 539
310 355 469
389 264 1140
348 264 1117
349 264 406
368 264 380
368 307 1219
349 307 290
348 255 594
389 255 280
343 255 280
368 310 456
389 310 431
349 310 411
348 267 967
389 267 967
368 267 622
69 343 1079
101 343 1006
101 349 1290
69 349 1021
134 349 844
69 389 1102
101 389 694
134 368 1292
101 368 943
101 374 955
69 374 645
101 348 1201
69 348 1106
