207
249 313 286
249 385 667
0 385 422
732 385 811
190 385 642
647 385 233
86 385 332
391 385 422
249 520 667
0 520 1018
732 520 783
190 520 642
647 520 139
86 520 332
391 520 201
249 528 667
0 528 482
732 528 783
190 528 414
647 528 407
86 528 485
391 528 459
249 566 667
0 566 372
732 566 783
190 566 642
647 566 141
86 566 332
391 566 459
249 627 667
732 627 811
190 627 376
647 627 238
86 627 682
391 627 682
249 656 667
0 656 1070
732 656 783
190 656 444
86 656 172
391 656 459
249 763 626
0 763 802
732 763 811
190 763 444
86 763 238
391 763 184
249 820 616
0 820 591
732 820 711
190 820 311
647 820 387
86 820 368
391 820 158
249 823 310
0 823 638
732 823 384
190 823 311
86 823 462
391 823 158
249 851 468
0 851 698
732 851 384
190 851 311
647 851 698
86 851 368
391 851 158
249 854 581
0 854 719
732 854 418
190 854 337
647 854 138
391 854 380
249 885 851
0 885 750
732 885 563
190 885 298
647 885 764
86 885 1185
0 229 481
391 229 1
732 243 442
190 243 2
86 243 488
391 243 262
732 338 389
391 338 608
759 249 532
713 0 1112
597 0 299
734 0 4
713 732 1129
597 732 111
734 732 124
759 190 631
734 190 1153
713 190 512
713 647 1179
734 647 1086
597 647 984
759 647 781
759 86 690
713 86 1168
713 391 862
734 391 787
597 391 708
759 391 671
431 713 1186
428 713 169
501 713 418
446 713 495
428 597 1176
431 597 686
446 597 634
225 597 213
428 734 614
225 734 1076
431 734 28
431 759 565
428 759 27
172 225 884
409 225 602
264 225 514
325 225 352
414 225 350
172 446 659
414 446 571
409 446 540
415 428 1063
172 428 1005
325 428 980
414 428 913
409 428 667
264 428 627
415 431 1063
325 431 908
172 431 847
409 431 803
264 501 231
439 409 1249
408 409 1127
396 409 958
418 409 815
436 409 450
396 264 715
418 264 671
439 264 460
408 264 279
396 172 837
418 172 534
439 172 208
436 414 1217
396 414 958
439 414 826
418 414 815
408 414 451
408 415 1196
436 415 958
396 415 958
418 415 815
439 415 345
396 325 946
408 325 561
439 325 326
418 325 233
374 396 1228
255 396 1144
199 396 358
264 396 285
267 396 215
374 418 1228
255 418 1144
199 418 828
267 418 538
374 408 919
199 408 828
255 408 599
267 408 538
374 436 988
255 436 988
199 436 662
267 436 538
374 439 1228
255 439 1144
199 439 828
267 439 538
264 439 157
389 199 658
152 199 594
152 255 649
389 255 227
368 374 772
152 374 637
389 267 922
368 267 535
379 267 285
389 264 1166
379 264 285
101 343 1040
101 389 623
76 152 1233
134 368 1296
101 368 895
101 374 859
101 349 1288
134 349 832
134 379 1200
