221
751 475 1192
774 475 817
720 475 1252
688 475 227
795 475 544
65 475 948
751 503 566
774 503 703
720 503 833
688 503 452
795 503 591
65 503 833
751 562 932
774 562 703
720 562 932
688 562 192
795 562 591
65 562 932
751 610 1192
774 610 842
720 610 1252
688 610 693
795 610 591
65 610 948
751 663 657
774 663 566
720 663 983
688 663 693
795 663 827
65 663 242
751 712 507
774 712 617
720 712 1064
688 712 403
795 712 509
65 712 297
751 768 209
774 768 555
720 768 1228
688 768 158
795 768 242
65 768 359
751 786 392
774 786 1079
720 786 821
688 786 158
65 786 392
751 803 199
774 803 1079
720 803 1181
795 803 328
65 803 174
751 840 483
774 840 175
720 840 1179
688 840 158
795 840 118
65 840 294
751 843 544
774 843 534
720 843 1189
688 843 158
795 843 238
65 843 395
751 855 204
774 855 670
720 855 996
688 855 158
795 855 204
65 855 328
751 870 314
774 870 738
720 870 1083
688 870 158
795 870 484
65 870 484
751 887 209
720 887 1130
688 887 158
795 887 594
65 887 727
751 889 488
774 889 792
720 889 528
688 889 134
795 889 424
65 889 424
774 751 973
624 751 21
698 751 1
69 774 629
779 774 1228
774 774 101
412 774 31
69 720 933
779 720 985
774 720 1
779 688 1099
774 688 662
698 688 511
412 688 128
69 688 128
624 688 128
779 795 337
69 795 44
412 795 8
698 65 718
69 65 249
412 65 140
774 65 5
475 698 819
479 698 715
384 698 553
372 698 301
217 698 286
258 698 259
258 69 943
384 624 553
479 624 490
463 624 423
475 624 358
258 624 338
217 624 286
372 774 1055
217 774 905
258 774 44
475 774 2
258 779 757
479 779 1165
384 779 985
372 779 199
475 779 7
479 412 908
372 412 667
463 412 618
475 412 572
409 479 444
413 479 87
413 258 1027
409 258 734
413 217 799
409 217 515
413 384 452
390 384 429
409 384 357
409 475 240
413 475 411
413 372 531
409 372 499
390 372 429
414 463 1284
415 463 939
390 463 863
409 463 771
413 463 540
416 409 1176
408 409 1159
436 409 569
208 409 400
398 409 169
436 413 1204
398 413 1180
416 413 1094
408 413 1048
208 413 600
416 390 1249
398 390 641
408 390 526
208 390 400
436 415 1000
398 415 1000
416 415 961
408 415 810
208 415 600
436 414 1204
398 414 1180
416 414 742
408 414 526
208 414 400
267 208 1008
233 208 999
264 208 976
381 208 574
374 398 1258
233 398 787
381 398 247
267 398 234
374 408 952
233 408 710
381 408 508
267 408 429
374 436 1056
233 436 1056
267 436 429
381 436 263
374 416 1206
233 416 1056
264 416 254
267 416 234
368 264 388
368 374 735
368 233 770
349 233 341
343 233 341
368 267 569
415 267 310
355 381 497
368 381 341
349 381 339
69 343 997
101 343 922
101 349 1255
69 349 962
134 349 851
69 355 1292
101 355 917
134 368 1295
101 368 812
69 415 997
101 415 922
101 374 809
