105
530 440 81
774 440 1261
362 440 312
766 440 716
530 562 442
774 562 1006
362 562 691
766 562 907
530 670 443
774 670 1258
362 670 499
766 670 1049
774 105 1281
774 506 1197
362 506 809
766 506 1240
703 530 1147
779 530 1027
492 530 1007
486 530 189
779 774 1211
703 362 1147
779 362 1027
492 362 935
492 766 480
703 766 9
466 492 1288
246 492 1162
251 492 703
499 492 388
466 486 1248
499 486 1049
246 486 1009
251 486 496
499 779 1085
466 779 1257
466 703 1281
251 703 308
246 703 173
348 246 1158
409 246 672
407 246 386
412 246 287
348 251 1158
412 251 786
407 251 458
409 251 414
409 499 946
348 499 316
409 466 1008
348 466 1081
407 466 29
412 466 563
412 409 1181
416 409 1181
408 409 1032
436 409 465
398 409 154
416 348 735
412 348 735
398 348 555
436 348 516
436 412 1100
398 412 1100
408 412 910
416 412 685
412 412 186
408 407 1006
416 407 924
436 407 465
412 407 330
398 407 330
398 414 1165
436 414 1156
416 414 955
412 414 589
408 414 389
140 398 594
208 398 362
267 398 268
208 436 771
140 436 771
267 436 461
140 408 1207
208 408 906
267 408 461
140 416 594
267 416 321
208 416 277
140 412 1029
267 412 461
264 412 192
238 140 1108
342 208 909
330 208 359
379 264 409
379 267 409
69 330 1000
134 330 895
134 342 1296
152 342 1130
69 342 958
69 415 988
134 379 1204
152 238 1300
