259
744 370 83
665 370 56
236 370 31
744 449 838
299 449 686
665 449 128
800 449 343
236 449 280
252 449 1068
744 486 836
299 486 604
665 486 267
800 486 836
236 486 781
252 486 957
744 531 838
299 531 604
665 531 415
800 531 911
236 531 358
252 531 872
744 533 743
299 533 604
665 533 308
800 533 714
236 533 706
252 533 678
744 544 325
665 544 331
800 544 911
236 544 1153
252 544 1078
744 562 833
299 562 604
665 562 415
800 562 378
236 562 434
252 562 1130
744 625 374
299 625 238
665 625 378
800 625 777
236 625 466
252 625 818
744 652 948
299 652 432
665 652 403
800 652 899
236 652 781
252 652 968
744 688 883
665 688 376
800 688 883
236 688 1035
252 688 883
744 787 466
299 787 375
665 787 585
800 787 397
236 787 536
252 787 1071
744 810 453
299 810 375
665 810 585
800 810 773
236 810 536
252 810 1071
744 826 387
299 826 171
665 826 304
800 826 626
236 826 790
252 826 1071
744 836 743
299 836 375
665 836 585
800 836 263
236 836 536
252 836 1071
744 871 563
665 871 269
800 871 396
236 871 886
252 871 1071
744 975 794
299 975 421
665 975 180
252 975 1134
299 44 387
665 44 468
800 44 839
236 44 50
769 744 137
787 744 46
719 744 5
678 299 959
787 299 647
761 299 502
719 299 384
769 299 374
589 299 249
752 299 163
752 665 460
719 665 248
589 665 148
761 665 136
752 800 711
769 800 80
761 236 520
678 236 1026
752 236 238
719 236 200
589 236 11
761 252 699
719 252 346
752 252 78
678 252 3
52 719 509
159 719 60
277 787 1076
52 787 58
277 761 395
159 761 1082
265 761 13
302 761 5
265 769 111
52 769 153
277 752 19
159 678 1078
265 678 709
177 678 536
463 678 417
277 678 173
82 678 151
159 589 1078
265 589 709
463 589 509
350 589 207
177 589 182
121 350 1121
375 350 1060
403 350 358
412 350 256
403 177 545
412 177 303
375 159 582
121 159 436
403 159 390
50 159 247
403 277 390
403 265 390
121 82 1206
50 52 387
375 52 9
375 302 582
121 302 286
50 302 247
412 302 226
375 463 1298
414 463 1297
390 463 937
50 463 353
415 463 317
412 463 278
403 463 139
408 50 53
407 375 1253
402 375 865
398 375 570
436 375 512
416 375 512
416 403 1196
398 403 755
402 403 554
436 403 554
408 403 313
407 403 271
402 415 885
436 415 885
398 415 885
416 415 868
408 415 863
407 415 799
416 390 1196
407 390 1186
402 390 1186
398 390 416
408 390 313
398 412 1062
436 412 1062
408 412 949
402 412 942
407 412 407
416 412 247
436 414 1085
398 414 1074
402 414 961
416 414 679
407 414 389
408 414 313
408 121 1
140 407 1299
273 407 1299
208 407 1299
206 407 768
374 407 715
267 407 256
140 402 1300
273 402 1300
208 402 1299
206 402 1223
374 402 999
267 402 256
208 408 1125
374 408 959
206 408 959
140 408 858
273 408 742
267 408 256
206 398 1252
374 398 1128
273 398 688
208 398 688
140 398 688
273 436 1099
206 436 1081
140 436 975
208 436 975
374 436 880
267 436 256
206 416 1252
374 416 999
140 416 644
273 416 350
208 416 302
238 140 1182
214 208 1128
388 208 878
330 208 321
340 208 321
379 264 411
214 374 281
214 273 1128
379 273 332
379 267 411
388 206 1097
379 206 587
69 343 983
69 330 1116
134 330 797
152 214 1300
134 214 1229
134 388 1185
69 388 725
134 340 1033
69 349 958
134 349 797
134 379 1185
152 238 1300
