110
774 471 1249
804 471 950
795 471 1076
774 473 1255
804 473 1255
795 473 689
774 475 1280
804 475 1275
795 475 501
774 484 1126
804 484 1272
795 484 1049
774 490 1220
804 490 1005
795 490 826
774 677 1290
804 677 1250
795 677 1099
774 702 1126
804 702 1172
795 702 1049
774 724 781
804 724 970
795 724 781
774 788 1055
804 788 1233
779 774 1292
797 774 475
823 774 196
779 804 1191
797 804 1245
779 795 786
797 795 1165
428 698 1116
431 698 1067
162 698 689
499 823 29
431 797 184
499 797 88
499 779 1088
414 428 983
393 428 913
409 428 864
412 428 415
409 499 851
393 431 994
409 431 993
412 431 415
393 162 664
409 162 629
416 409 1199
412 409 1199
408 409 1083
436 409 494
398 409 212
416 393 1274
412 393 1257
436 393 744
398 393 744
408 393 395
436 412 1169
398 412 1164
408 412 971
416 412 650
412 412 261
436 414 1169
398 414 1164
416 414 921
412 414 636
408 414 395
140 398 760
338 398 543
208 398 326
267 398 223
140 408 954
208 408 947
267 408 391
140 436 652
208 436 652
267 436 391
338 436 347
140 416 760
338 416 543
208 416 244
267 416 223
140 412 831
267 412 391
338 412 281
264 412 224
238 140 1143
342 208 809
330 208 306
152 264 354
379 264 331
368 264 299
330 338 793
152 338 491
368 267 639
379 267 331
134 342 1299
101 342 561
101 330 816
134 330 815
134 336 1298
101 336 1284
134 368 1299
101 368 931
76 152 1263
134 379 1168
101 238 614
