93
774 475 1051
720 475 1061
795 475 571
774 521 1105
720 521 1105
795 521 812
774 610 1057
720 610 1034
795 610 616
774 711 896
720 711 818
795 711 991
774 803 1205
720 803 1111
795 803 852
774 843 738
720 843 1205
795 843 330
779 774 1172
821 720 487
779 720 1000
821 795 486
779 795 410
236 821 657
479 821 983
496 821 492
479 779 1230
330 779 888
496 703 817
177 703 763
479 703 742
330 703 312
236 703 125
212 496 741
409 496 104
413 496 27
409 177 570
212 177 479
413 177 458
409 479 552
413 479 99
212 330 827
409 330 573
413 330 562
390 330 405
212 236 775
414 236 250
413 236 239
408 212 296
436 212 296
398 212 296
416 409 1231
408 409 1145
436 409 610
398 409 231
398 413 1190
436 413 1175
416 413 1155
408 413 901
416 390 1263
398 390 667
408 390 433
436 414 1175
398 414 1154
416 414 637
408 414 433
255 398 1153
140 398 779
208 398 394
267 398 196
208 408 904
140 408 779
255 408 747
267 408 345
140 416 779
255 416 264
208 416 219
255 436 959
208 436 712
140 436 712
267 436 345
374 208 324
238 140 1061
348 264 1112
152 264 536
152 255 713
348 255 571
348 267 834
76 152 1230
152 374 1231
152 348 1281
152 238 1300
76 238 548
