181
803 40 8
811 40 1157
803 192 956
713 192 1093
732 192 415
803 536 336
713 536 579
732 536 921
811 536 921
803 543 410
713 543 584
732 543 647
811 543 856
803 587 996
713 587 619
732 587 1016
811 587 1210
803 777 310
713 777 279
732 777 152
811 777 997
803 780 777
713 780 1145
811 780 993
803 846 521
713 846 929
732 846 661
811 846 869
803 864 888
713 864 279
732 864 579
811 864 155
803 875 888
713 875 293
732 875 214
811 875 983
803 888 888
713 888 293
732 888 869
811 888 1124
713 280 294
732 280 15
732 9 9
733 803 1265
338 803 1251
6 713 3
338 732 749
733 732 1152
708 732 141
6 732 742
632 732 113
338 811 971
632 811 129
733 811 379
708 811 8
517 733 1271
270 733 212
501 733 889
431 733 70
501 6 1238
431 708 117
517 708 490
270 708 1001
501 708 965
501 632 1043
270 632 800
431 632 529
403 632 280
517 632 220
517 338 1242
431 338 802
501 338 633
270 338 509
403 338 192
216 403 828
415 403 804
18 403 612
181 403 352
224 403 244
414 403 220
224 517 567
415 431 1107
224 431 405
216 431 325
18 431 288
414 431 196
18 501 67
264 501 189
216 501 182
181 501 11
264 270 876
18 270 639
224 270 606
181 270 287
409 181 1073
418 181 742
409 224 927
418 224 742
443 224 374
408 224 298
175 224 286
429 264 1019
443 264 963
409 264 812
418 264 742
175 264 466
409 18 418
418 18 237
175 18 5
408 216 1075
175 216 911
443 216 765
429 216 765
409 216 524
418 216 402
443 414 932
429 414 797
418 414 611
408 414 348
175 414 231
408 415 1136
443 415 778
418 415 611
429 415 471
199 409 739
208 409 482
310 409 178
264 175 1160
310 175 920
298 175 598
267 175 575
208 175 525
199 175 470
199 418 739
298 418 729
310 418 372
208 418 372
267 418 348
199 429 739
208 429 482
298 429 482
267 429 348
208 408 893
199 408 739
298 408 729
310 408 382
267 408 348
199 443 739
208 443 441
363 199 605
352 199 517
389 199 513
214 199 297
349 199 297
343 199 297
214 208 1131
363 208 328
389 264 1188
352 264 641
379 264 298
343 310 766
349 310 755
214 310 718
352 310 593
379 310 454
363 310 328
389 298 647
379 298 595
343 298 294
389 267 1028
363 267 605
352 267 517
379 267 298
69 363 1108
69 343 1108
69 389 1108
134 214 1257
69 352 723
69 349 1041
134 349 893
134 379 1245
