207
460 428 407
200 428 690
47 428 1027
780 428 731
822 428 842
129 428 263
460 496 246
200 496 667
47 496 1216
780 496 115
822 496 842
129 496 630
460 520 580
200 520 877
47 520 1068
780 520 654
822 520 842
129 520 507
460 540 246
200 540 537
47 540 1019
780 540 757
822 540 842
129 540 280
460 582 655
200 582 681
47 582 374
780 582 872
822 582 681
129 582 826
460 625 579
200 625 583
47 625 684
780 625 971
822 625 851
129 625 826
460 651 338
200 651 991
47 651 1080
780 651 329
822 651 842
129 651 449
460 667 549
200 667 458
47 667 928
780 667 499
822 667 842
129 667 826
460 668 579
200 668 583
47 668 833
780 668 819
822 668 692
129 668 551
460 673 579
200 673 628
47 673 1208
780 673 971
822 673 842
129 673 433
460 854 572
200 854 928
47 854 638
780 854 306
822 854 591
129 854 638
200 840 310
47 840 805
780 840 128
822 840 591
129 840 873
722 460 993
713 460 813
763 460 633
831 460 479
792 460 224
792 200 173
763 200 1
792 47 488
722 47 1183
763 47 1149
831 47 878
722 780 1217
713 780 1056
713 822 372
792 822 1
722 129 1281
831 129 96
344 792 1243
446 792 237
446 713 772
431 713 1135
344 713 319
428 713 81
344 831 877
431 831 182
241 722 157
428 722 181
344 722 77
446 763 214
241 763 218
344 763 949
460 344 966
267 344 629
172 344 613
264 344 609
407 344 402
407 446 683
267 446 612
414 446 472
460 446 399
172 446 343
415 428 1055
414 428 1052
264 428 699
407 428 683
172 428 674
390 428 394
267 428 370
460 428 369
407 431 1221
415 431 1119
172 431 497
414 431 187
460 241 752
267 241 752
172 241 613
264 241 431
407 241 338
443 264 917
429 264 914
418 264 695
439 264 301
398 267 821
436 267 821
418 267 807
439 267 301
439 407 1209
418 407 728
443 407 629
429 407 629
436 407 403
398 407 206
418 172 478
429 172 285
418 460 499
443 460 10
418 390 728
443 390 478
398 390 478
429 390 416
439 390 170
436 414 1194
398 414 1176
443 414 875
418 414 728
429 414 726
439 414 665
436 415 877
398 415 877
443 415 770
418 415 728
429 415 435
439 415 245
268 418 824
220 418 715
267 418 454
299 418 368
208 418 336
220 429 1027
268 429 824
208 429 491
267 429 454
299 429 368
220 443 870
268 443 824
208 443 418
299 443 368
268 436 722
220 436 466
267 436 454
299 436 368
208 436 347
220 398 841
268 398 693
299 398 368
208 398 336
268 439 824
220 439 679
267 439 454
299 439 368
208 439 336
214 208 1082
370 299 651
214 299 614
214 220 1082
348 264 1021
348 267 835
370 267 650
101 370 1244
101 343 974
101 355 1040
152 214 1300
200 214 1220
101 349 1295
152 348 1290
101 348 1016
