142
25 391 500
0 391 894
47 391 1090
33 391 1173
25 402 663
0 402 663
47 402 888
33 402 820
25 417 885
0 417 894
47 417 986
33 417 1241
25 424 633
0 424 1002
47 424 863
33 424 1000
25 441 447
0 441 894
47 441 1090
33 441 649
25 763 885
0 763 725
47 763 356
33 763 1158
25 820 1073
0 820 1014
47 820 142
33 820 847
25 854 397
0 854 1071
47 854 199
33 854 147
713 25 1012
591 25 15
713 0 1137
698 0 812
591 47 408
713 33 1198
431 713 1210
319 713 389
344 713 124
162 713 7
431 698 1204
241 698 713
319 698 614
162 698 494
241 614 997
431 614 951
319 614 881
162 614 494
344 614 302
344 591 1180
431 591 851
319 591 838
440 319 1192
429 319 558
40 319 183
375 319 183
40 344 914
440 344 203
415 431 1122
440 431 808
375 431 742
429 431 654
40 431 311
40 241 638
40 162 842
429 162 379
440 162 379
396 429 792
390 429 792
439 429 548
436 40 288
408 40 641
398 40 49
398 375 711
436 375 673
439 375 451
390 375 264
390 440 629
396 440 629
390 390 966
396 390 890
408 390 516
398 390 459
436 414 1186
398 414 1150
396 414 779
439 414 734
390 414 526
408 414 516
396 415 890
390 415 830
408 415 805
436 415 750
398 415 750
439 415 208
208 408 1022
290 408 1011
267 408 322
230 408 261
230 396 1158
290 396 1011
208 396 833
307 396 189
290 398 628
307 398 428
230 398 358
208 398 299
230 390 1158
290 390 961
307 390 428
208 390 280
290 436 1071
208 436 576
307 436 428
267 436 322
230 436 284
290 439 1025
208 439 558
230 439 341
267 439 322
214 208 1027
342 208 776
330 208 417
374 208 417
368 307 1222
330 307 607
152 307 576
374 230 354
368 230 323
368 267 682
374 290 1186
355 290 651
330 290 585
101 342 596
101 330 900
76 152 1262
101 368 886
101 355 1060
101 374 961
76 214 665
