117
774 475 1275
720 475 1275
795 475 885
774 562 513
720 562 912
795 562 753
774 569 1280
720 569 1280
795 569 864
774 610 1016
720 610 1016
795 610 647
774 843 1019
720 843 1270
795 843 445
774 866 1059
720 866 1288
795 866 137
774 893 775
720 893 1243
795 893 1113
720 839 1169
795 839 1113
779 774 1246
797 774 281
588 774 7
779 720 1088
588 720 94
797 720 1
797 795 862
779 795 485
597 795 23
381 597 1140
428 597 1087
189 597 995
479 597 951
125 597 477
479 797 1293
381 797 383
479 779 1274
428 703 1087
479 703 1030
189 703 995
125 703 477
428 588 1087
189 588 995
479 588 951
125 588 477
381 588 411
50 428 808
409 428 739
414 428 653
413 428 384
390 428 185
409 125 477
390 125 243
50 479 1018
409 479 415
413 479 52
50 189 938
409 189 615
413 189 498
390 189 243
50 381 990
409 381 554
413 381 329
408 50 90
412 409 1211
416 409 1211
408 409 1114
436 409 600
398 409 210
412 413 1207
398 413 1207
436 413 1187
416 413 1141
408 413 933
416 390 1256
412 390 1226
398 390 733
408 390 473
436 390 130
398 414 1196
436 414 1187
412 414 801
416 414 629
408 414 473
255 398 1167
233 398 715
267 398 218
255 408 801
233 408 739
267 408 401
233 436 1076
255 436 1016
267 436 401
255 412 1167
233 412 472
267 412 401
264 412 223
233 416 1076
255 416 300
264 416 223
267 416 218
152 264 401
379 264 365
152 255 796
368 233 676
379 233 498
349 233 293
152 233 274
368 267 568
379 267 365
76 152 1181
134 349 888
134 368 1293
134 379 1169
