191
734 398 635
819 398 519
665 398 391
47 398 886
796 398 974
734 408 341
819 408 929
665 408 469
47 408 137
796 408 819
734 474 293
819 474 929
665 474 469
47 474 886
796 474 1129
734 519 783
819 519 118
665 519 511
47 519 886
796 519 1026
734 634 568
819 634 173
665 634 463
47 634 886
796 634 349
734 651 677
819 651 678
665 651 578
47 651 520
796 651 476
734 659 552
819 659 570
665 659 391
47 659 552
796 659 1012
734 666 628
819 666 188
665 666 866
47 666 789
796 666 768
734 728 370
819 728 831
665 728 391
47 728 886
796 728 535
734 786 504
819 786 457
665 786 416
47 786 208
796 786 380
734 797 488
819 797 460
665 797 460
47 797 95
796 797 847
734 850 836
819 850 837
665 850 416
47 850 208
796 850 674
819 283 435
665 283 808
47 283 50
796 283 1142
819 997 202
47 997 142
796 997 1117
665 140 1
47 140 1074
202 734 1091
823 734 57
689 819 401
202 819 1215
823 819 525
766 819 704
763 819 1
823 665 983
689 665 934
766 665 731
763 665 307
202 665 190
763 47 1257
202 47 523
689 796 319
202 796 1105
823 796 507
221 823 6
486 823 1
454 689 1014
446 689 863
162 689 453
221 689 156
486 202 1211
454 202 744
221 202 273
446 202 914
221 766 731
446 766 242
454 766 2
446 763 253
162 763 4
471 221 996
433 221 386
375 446 961
414 446 961
471 446 835
433 446 397
471 486 725
471 454 924
375 454 722
414 454 722
415 454 722
433 454 689
390 454 506
471 162 184
439 433 1234
396 433 941
416 433 925
422 433 892
436 433 523
416 375 696
436 375 696
398 375 578
439 375 342
422 375 326
422 471 299
416 390 1256
396 390 941
422 390 892
398 390 454
439 390 129
396 415 941
422 415 892
436 415 877
398 415 877
416 415 624
439 415 131
436 414 1173
398 414 1123
439 414 830
416 414 830
396 414 687
422 414 687
140 396 1163
208 396 688
324 396 390
208 422 1092
140 422 1092
265 422 658
424 422 418
324 422 297
265 416 976
140 416 858
424 416 418
324 416 390
208 416 355
265 398 976
140 398 858
208 398 459
424 398 418
324 398 390
140 436 616
208 436 616
424 436 418
324 436 390
267 436 380
140 439 1180
265 439 747
208 439 566
324 439 390
267 439 380
238 140 1151
214 208 1006
355 424 653
368 424 334
368 265 1254
214 265 421
355 265 330
368 267 588
355 324 994
415 324 397
76 152 1288
101 355 1033
101 415 895
152 368 1032
101 368 910
152 214 1300
76 214 563
101 214 428
152 238 1300
101 238 544
