168
44 289 573
0 289 657
768 289 721
210 289 404
44 338 60
44 493 773
0 493 474
768 493 991
210 493 271
33 493 474
44 529 773
0 529 997
768 529 1064
210 529 287
33 529 415
44 655 773
0 655 727
768 655 991
210 655 721
33 655 322
44 668 792
0 668 727
768 668 641
210 668 483
33 668 683
44 670 773
0 670 346
768 670 1132
210 670 721
33 670 721
44 763 773
0 763 897
768 763 951
210 763 677
33 763 486
44 804 514
0 804 629
768 804 185
210 804 730
33 804 294
44 854 514
0 854 937
768 854 597
0 186 44
0 262 1106
210 262 964
33 262 175
33 375 503
698 44 164
713 44 458
734 44 187
713 0 1170
597 0 167
698 0 753
713 768 53
713 210 262
625 210 82
713 33 1225
597 33 441
428 713 229
431 713 1190
344 713 117
424 713 1
428 597 1135
344 597 1007
431 597 681
424 597 174
431 698 1203
428 698 1135
424 698 199
428 734 697
344 734 442
431 734 45
431 625 971
428 625 699
424 625 687
344 625 223
415 424 1248
219 424 729
414 424 566
325 424 414
172 424 414
409 424 309
172 344 777
219 344 572
325 344 509
409 344 475
415 428 1037
325 428 916
414 428 910
172 428 863
409 428 654
219 428 311
415 431 1060
409 431 773
172 431 612
325 431 564
219 431 265
439 409 1242
408 409 1133
396 409 915
418 409 817
390 409 337
396 219 869
439 219 687
418 219 466
408 219 388
390 219 291
396 172 891
390 172 754
418 172 454
439 172 231
396 414 915
418 414 817
439 414 631
390 414 472
408 414 396
408 415 1091
390 415 952
396 415 915
418 415 817
439 415 296
390 325 1032
396 325 957
408 325 450
439 325 248
418 325 220
208 396 675
303 396 309
307 396 309
267 396 215
264 396 203
267 418 508
307 418 437
303 418 396
208 418 348
208 408 929
267 408 508
307 390 494
303 390 396
208 390 263
267 439 508
208 439 348
303 439 244
214 208 973
374 208 375
368 307 1213
152 307 753
389 264 1117
348 264 945
152 264 346
374 303 949
152 303 795
389 303 366
389 267 835
348 267 835
368 267 571
101 389 656
76 152 1285
152 368 993
101 368 871
101 415 965
152 374 1192
101 374 874
152 214 1299
76 214 754
152 348 1282
101 348 1001
