138
803 396 329
713 396 1225
77 396 713
190 396 682
803 483 1083
713 483 1083
77 483 626
190 483 669
803 520 385
713 520 434
77 520 713
190 520 824
803 533 1083
713 533 1202
77 533 622
190 533 682
803 559 743
713 559 1122
77 559 713
190 559 739
803 607 501
713 607 666
77 607 713
190 607 739
803 752 830
713 752 1154
77 752 622
190 752 682
803 789 523
713 789 378
77 789 709
190 789 1071
803 801 485
713 801 720
77 801 986
190 801 823
803 818 261
713 818 677
77 818 986
713 899 125
77 899 893
190 899 390
734 803 911
713 803 6
759 803 3
615 713 312
734 713 557
713 713 161
615 77 529
713 77 5
713 190 189
759 190 330
734 190 1089
615 190 1042
43 713 1185
431 713 1060
426 713 899
43 615 1171
517 615 960
426 615 922
225 615 293
517 734 807
225 734 1056
426 734 168
431 734 4
426 759 701
431 759 192
224 43 382
448 43 872
264 43 6
264 225 972
448 225 773
245 225 660
224 225 648
224 517 498
448 517 121
224 431 369
448 431 269
448 426 573
224 426 369
245 426 219
409 224 971
418 224 795
443 224 475
429 264 995
443 264 934
409 264 849
418 264 786
443 448 16
409 245 1120
418 245 786
436 245 601
443 245 291
436 414 1223
443 414 908
429 414 828
418 414 667
268 409 982
208 409 463
267 409 148
268 418 982
220 418 593
267 418 544
208 418 305
220 429 998
268 429 982
267 429 544
208 429 463
268 443 982
220 443 791
208 443 430
267 443 260
268 436 878
220 436 556
267 436 544
208 436 305
214 208 1127
322 247 844
352 247 712
214 247 272
348 264 1134
322 264 808
352 264 712
322 268 1141
352 268 489
214 220 1127
322 220 844
352 220 712
348 267 1050
352 267 634
69 343 1096
69 322 811
134 214 1248
200 214 1142
69 352 709
69 349 1019
134 349 911
69 348 1096
