199
0 289 395
47 289 433
44 289 657
768 289 658
210 289 275
0 402 194
47 402 1080
44 402 1080
768 402 215
391 402 392
210 402 374
0 466 486
47 466 991
44 466 867
768 466 1119
391 466 353
210 466 131
0 493 355
47 493 869
44 493 867
768 493 997
210 493 355
0 520 728
47 520 920
44 520 867
768 520 1126
391 520 216
210 520 331
0 668 486
47 668 973
44 668 904
768 668 345
391 668 272
210 668 422
0 670 311
47 670 634
44 670 867
768 670 997
391 670 710
210 670 561
0 839 677
47 839 417
44 839 465
768 839 559
391 839 317
210 839 762
0 854 765
47 854 152
44 854 584
768 854 559
391 854 317
210 854 152
47 122 565
44 122 1064
768 122 26
47 231 947
391 231 95
47 338 1
44 338 102
391 338 732
47 375 33
792 0 546
713 0 1099
698 0 643
792 47 566
763 47 1169
763 44 905
792 44 480
698 44 73
713 44 291
734 44 277
713 768 44
763 768 7
713 391 909
763 391 902
734 391 895
792 391 599
698 391 175
713 210 195
763 210 355
792 210 646
225 792 879
344 792 1251
344 713 217
431 713 1164
428 713 153
424 713 3
431 698 1187
428 698 1159
225 698 416
424 698 222
225 734 1183
344 734 632
428 734 534
431 734 27
344 763 936
424 763 32
225 763 60
415 424 1244
219 424 736
407 424 712
414 424 554
460 424 350
172 424 316
325 424 316
219 225 728
172 225 615
460 225 494
407 225 419
414 225 417
460 344 976
172 344 667
219 344 521
325 344 427
407 344 402
415 428 998
414 428 998
325 428 879
172 428 807
407 428 712
219 428 350
460 428 319
407 431 1237
415 431 1057
325 431 570
172 431 570
219 431 256
443 219 680
439 219 567
436 219 567
418 219 523
408 219 332
418 460 586
443 460 11
439 407 1249
408 407 1176
418 407 809
443 407 629
436 407 423
418 172 509
439 172 273
436 414 1201
418 414 809
443 414 763
439 414 654
408 414 348
408 415 1133
436 415 892
418 415 809
443 415 636
439 415 290
443 325 504
408 325 446
439 325 267
418 325 266
268 418 718
267 418 441
208 418 357
307 418 331
303 418 276
208 408 977
268 408 718
267 408 441
268 443 718
307 443 417
208 443 414
303 443 276
267 443 206
268 436 628
267 436 441
208 436 357
307 436 331
303 436 276
268 439 718
267 439 441
208 439 357
264 439 149
368 307 1219
152 307 634
214 208 1038
374 208 385
374 303 874
152 303 664
348 264 1026
348 267 872
370 267 583
368 267 541
101 370 1206
76 370 815
76 152 1267
101 415 974
152 368 994
101 368 890
152 374 1152
101 374 897
152 214 1299
76 214 630
152 348 1288
101 348 972
