84
279 316 275
202 316 997
279 473 534
535 473 505
109 473 1214
202 473 1130
279 514 507
535 514 324
109 514 946
202 514 1002
279 531 771
535 531 566
109 531 955
202 531 1084
279 588 534
535 588 607
109 588 995
202 588 995
279 699 856
535 699 517
109 699 597
202 699 101
279 832 168
535 832 322
109 832 799
202 832 1034
279 851 232
535 851 123
109 851 1175
202 851 1034
791 279 1258
767 279 1052
823 279 383
791 535 1203
767 535 1081
791 109 1292
767 202 191
791 202 29
123 791 1239
485 791 1277
188 791 912
224 791 705
224 823 27
485 767 1070
224 767 23
72 123 896
316 123 280
375 123 278
72 485 886
72 224 857
375 224 288
72 188 857
375 188 380
402 316 962
396 316 389
231 316 386
402 375 1263
231 375 611
172 375 332
351 375 269
172 72 820
231 72 318
402 390 1228
396 390 970
172 390 492
402 414 1231
172 414 712
396 414 497
140 396 1214
223 351 423
232 351 349
140 351 244
232 172 1159
223 172 1002
140 172 724
140 402 1300
223 402 416
232 402 270
232 231 1159
223 231 1002
140 231 540
238 140 1227
76 152 1285
152 238 1300
