167
751 422 1250
774 422 1155
720 422 1139
767 422 309
751 466 1233
774 466 1192
720 466 1139
767 466 309
751 475 1250
774 475 901
720 475 1106
767 475 309
751 546 1250
774 546 562
720 546 1106
767 546 202
751 562 1083
774 562 418
720 562 1083
767 562 564
751 607 1232
774 607 808
720 607 1106
767 607 309
751 610 1250
774 610 1084
720 610 1106
767 610 759
751 616 1250
774 616 446
720 616 1106
767 616 202
751 663 932
774 663 241
720 663 631
767 663 1123
751 667 1250
774 667 569
720 667 1106
767 667 202
751 725 952
774 725 1085
720 725 1085
767 725 432
751 794 693
774 794 844
720 794 979
767 794 1100
751 803 378
774 803 1036
720 803 1162
767 803 932
751 840 712
774 840 495
720 840 979
767 840 1100
751 843 767
774 843 477
720 843 1196
767 843 1100
751 889 812
774 889 1004
720 889 339
767 889 290
338 751 286
737 751 8
698 751 2
779 774 1215
737 774 900
412 774 42
779 720 1079
338 720 1
698 767 37
737 767 300
412 767 2
384 698 585
217 698 491
139 698 399
258 698 299
381 698 221
217 737 986
384 779 907
139 779 673
258 779 696
139 412 595
381 412 284
217 412 174
139 338 1114
258 338 498
381 338 284
217 338 215
413 258 983
409 258 782
403 258 419
413 217 736
409 217 603
403 217 501
409 384 552
403 384 550
413 384 501
390 384 454
403 139 472
409 139 459
413 139 285
403 381 711
409 381 603
413 381 340
416 403 1239
398 403 991
355 403 966
436 403 527
408 403 486
416 409 1201
408 409 1143
355 409 1036
436 409 573
398 409 203
436 413 1194
398 413 1172
416 413 1097
408 413 1044
355 413 333
416 390 1239
355 390 966
398 390 703
408 390 486
436 414 1194
398 414 1172
355 414 966
416 414 761
408 414 486
255 398 1118
233 398 703
267 398 242
255 436 1026
233 436 986
267 436 447
255 408 755
233 408 625
267 408 447
233 416 986
255 416 296
267 416 242
255 355 1103
233 355 1094
264 355 680
267 355 597
389 264 1061
379 264 351
349 264 306
389 255 263
330 233 696
379 233 556
389 267 844
379 267 351
69 343 986
101 343 877
69 330 971
134 330 923
101 330 733
101 349 1218
69 349 971
134 349 923
69 389 986
69 355 1269
101 355 857
134 379 1180
