93
720 354 285
242 354 615
306 354 1193
720 514 1285
242 514 771
795 514 382
306 514 1260
720 610 928
242 610 318
795 610 764
306 610 1260
720 663 1220
242 663 771
795 663 717
306 663 1138
720 702 1297
242 702 771
795 702 382
306 702 1260
720 843 1185
242 843 209
795 843 209
306 843 535
720 851 1158
242 851 505
306 851 512
306 370 1079
779 720 1087
298 720 520
769 720 30
769 242 50
797 795 753
779 795 242
797 306 726
298 306 427
769 306 427
779 306 370
350 298 1279
232 298 619
421 298 524
428 298 422
139 797 1
428 769 240
232 769 2
139 779 601
82 779 8
415 428 1052
414 428 913
50 428 663
415 421 452
50 139 550
50 82 1
50 232 651
408 50 108
436 414 1178
398 414 1156
439 414 978
416 414 750
408 414 473
436 415 1019
398 415 1019
416 415 937
408 415 834
439 415 204
381 408 835
324 408 650
267 408 499
324 398 561
381 398 344
267 398 260
324 416 561
381 416 263
267 416 260
324 436 561
267 436 499
381 436 474
324 439 561
267 439 499
381 439 474
264 439 212
348 267 1112
379 267 430
348 264 1205
379 264 430
349 381 505
348 324 948
379 324 430
101 343 1027
101 349 1276
134 349 998
101 415 1027
101 348 1085
134 379 1249
