154
47 181 498
344 181 375
313 181 1
47 231 1174
344 231 51
175 231 12
47 272 790
344 272 736
313 272 5
45 272 354
47 402 761
344 402 526
313 402 148
175 402 1041
45 402 963
47 519 618
344 519 442
313 519 590
175 519 735
45 519 1030
47 651 834
344 651 442
313 651 586
175 651 735
45 651 1030
47 667 675
344 667 151
313 667 590
175 667 1123
45 667 963
47 723 1148
344 723 151
313 723 204
175 723 1207
45 723 963
344 242 857
175 242 699
831 47 1241
763 47 1274
763 344 1058
831 344 1002
713 344 897
6 344 424
831 313 1265
713 313 953
6 313 828
763 313 713
763 175 1116
6 175 617
713 175 226
831 175 92
763 45 1238
501 6 1245
501 713 533
344 713 216
446 713 853
431 713 1012
501 831 764
308 831 1170
344 831 859
431 831 68
344 763 972
501 763 91
308 763 322
446 763 119
460 344 1011
182 344 622
245 344 378
264 344 320
182 308 869
460 308 733
245 308 733
264 308 346
460 446 444
414 446 427
415 431 1110
414 431 192
245 501 1003
264 501 253
429 264 1061
443 264 1024
409 264 889
418 264 841
403 264 684
409 182 1110
418 182 841
429 182 729
443 182 729
403 182 684
403 460 451
409 460 696
418 460 458
443 460 18
443 415 848
418 415 716
429 415 618
403 415 181
409 245 1118
418 245 841
403 245 684
443 245 328
443 414 996
429 414 896
418 414 716
403 414 433
268 409 853
223 409 713
208 409 580
201 409 416
268 418 853
220 418 828
267 418 438
201 418 416
208 418 383
220 429 968
268 429 853
267 429 438
201 429 416
208 429 360
220 443 968
268 443 853
223 443 790
201 443 416
208 443 333
220 403 968
208 403 883
268 403 853
267 403 594
201 403 416
223 403 115
214 208 1085
214 220 1085
352 220 487
378 220 438
378 268 826
352 268 487
370 268 297
378 201 516
352 201 516
214 201 448
415 201 394
370 267 807
352 267 468
378 267 373
214 223 1085
352 223 487
415 223 339
378 223 304
101 370 1229
152 378 1294
101 415 942
152 214 1300
200 214 1168
101 352 1020
