156
819 395 151
665 395 322
435 395 536
0 395 574
757 395 1100
819 474 803
665 474 340
435 474 283
0 474 809
757 474 1202
819 550 412
665 550 301
435 550 195
0 550 545
757 550 924
819 621 861
665 621 515
435 621 195
0 621 391
757 621 1010
819 622 563
665 622 322
435 622 225
0 622 659
757 622 1100
819 634 192
665 634 515
435 634 195
0 634 882
757 634 1154
819 666 444
665 666 515
435 666 363
0 666 525
757 666 1187
819 728 861
665 728 282
435 728 275
0 728 882
757 728 1202
665 122 293
757 122 1247
220 819 302
202 819 1090
823 819 685
809 819 513
823 665 1167
763 665 244
809 665 138
809 435 1032
763 435 761
202 435 622
541 435 594
220 435 572
823 435 533
823 0 766
541 0 983
809 0 233
220 757 723
823 757 1000
809 757 197
541 757 426
499 823 9
46 541 1186
162 541 1151
446 541 892
418 541 362
486 541 247
499 809 124
46 809 566
486 809 754
162 809 448
446 202 890
486 202 1223
486 220 821
499 220 967
162 220 24
46 763 655
446 763 96
418 763 416
162 763 4
471 418 808
219 418 803
375 418 735
414 418 370
471 446 834
219 446 803
375 446 704
414 446 704
471 486 609
219 486 963
219 499 113
219 162 353
416 375 765
429 375 387
443 375 387
409 375 384
422 471 228
443 471 35
409 471 72
416 219 632
439 219 608
409 219 517
443 219 372
429 219 372
443 414 897
439 414 882
416 414 830
429 414 710
422 414 622
422 415 928
443 415 771
416 415 626
429 415 416
140 409 1296
206 409 795
208 409 750
223 409 681
371 409 244
140 422 1091
208 422 1091
371 422 960
206 422 600
267 422 217
140 429 1246
208 429 628
267 429 465
371 429 277
206 443 993
140 443 874
223 443 681
208 443 628
267 443 217
206 416 1279
140 416 663
208 416 405
267 416 217
140 439 1175
206 439 1097
371 439 960
208 439 628
267 439 506
238 140 1203
214 208 1230
342 208 872
368 267 578
214 223 1230
368 223 275
342 206 1061
368 206 755
76 152 1295
152 342 1210
152 368 962
152 214 1300
76 214 755
152 238 1300
