152
1 21 860
415 21 905
47 21 67
413 21 7
1 29 1012
47 29 8
129 29 486
1 40 862
413 40 986
1 417 189
415 417 189
47 417 633
413 417 633
129 417 833
1 428 527
415 428 251
47 428 1160
413 428 479
129 428 384
1 539 232
415 539 129
47 539 1159
413 539 692
129 539 189
1 618 232
415 618 254
47 618 1038
413 618 795
129 618 795
1 668 301
415 668 358
47 668 1139
413 668 692
129 668 216
1 730 232
47 730 1139
413 730 692
129 730 587
1 755 392
415 755 164
47 755 807
413 755 214
129 755 739
1 797 921
47 797 288
413 797 388
129 797 159
1 821 921
415 821 815
47 821 839
413 821 661
129 821 792
1 864 743
415 864 438
47 864 824
413 864 633
129 864 859
1 889 467
415 889 299
47 889 644
413 889 661
129 889 838
1 891 232
415 891 322
47 891 288
413 891 630
129 891 639
36 1 1173
825 415 1083
36 415 728
792 415 521
831 415 406
792 47 543
722 47 1152
36 47 469
831 47 1084
722 413 1257
825 413 779
831 413 667
36 413 452
792 413 326
825 129 978
722 129 1275
831 129 268
36 129 286
344 792 1292
446 792 323
344 825 1231
446 825 67
477 825 863
446 36 1013
403 36 1193
344 36 348
477 36 9
344 831 1049
477 831 683
477 722 16
344 722 100
460 344 1204
264 344 632
267 344 449
460 446 653
267 446 606
414 446 449
415 403 846
460 403 653
267 403 641
414 403 312
264 403 191
264 477 815
429 264 1080
443 264 1021
418 264 885
409 264 885
409 460 645
418 460 524
443 460 16
418 267 871
409 267 780
434 267 562
418 415 820
443 415 791
434 415 727
429 415 620
443 414 992
429 414 922
418 414 820
268 409 836
223 409 679
201 409 458
310 409 167
268 418 836
201 418 458
310 418 385
223 418 247
268 429 836
201 429 458
223 443 842
268 443 836
201 443 458
223 434 842
268 434 836
201 434 492
310 434 385
378 268 954
378 201 475
378 310 673
348 310 430
378 223 410
348 223 410
152 378 1285
152 348 1285
