174
333 140 642
154 140 514
47 140 1238
333 325 776
415 325 1
154 325 111
333 402 183
415 402 232
154 402 702
47 402 778
333 428 659
415 428 381
154 428 702
47 428 768
650 428 587
333 446 730
415 446 319
154 446 539
47 446 1096
650 446 413
333 448 190
415 448 319
154 448 702
47 448 778
650 448 234
333 519 803
415 519 171
154 519 702
47 519 675
650 519 587
333 542 369
415 542 418
154 542 685
47 542 557
650 542 587
333 668 298
415 668 319
154 668 670
47 668 1174
650 668 287
333 730 678
154 730 685
47 730 1129
650 730 587
333 821 230
415 821 900
154 821 854
47 821 899
650 821 854
415 122 220
47 122 846
154 350 1031
47 350 1078
763 333 1142
825 333 1128
831 333 893
792 333 641
825 415 1106
763 415 910
792 415 653
831 415 254
831 154 1125
825 154 335
792 47 746
763 47 1252
831 47 1086
763 650 1129
792 650 1014
831 650 335
825 650 270
344 792 1286
446 792 291
344 825 1249
446 825 79
344 831 1153
308 831 1132
431 831 51
344 763 1198
403 763 458
446 763 190
308 763 274
415 403 882
267 403 690
460 403 678
414 403 330
264 403 194
460 308 654
267 308 654
264 308 413
460 344 1175
267 344 386
264 344 386
225 344 232
460 446 678
267 446 566
414 446 566
415 431 1050
414 431 196
429 264 1031
443 264 989
409 264 853
418 264 853
403 264 650
422 264 453
418 267 811
409 267 763
422 267 674
403 267 650
409 460 565
403 460 351
418 460 460
443 460 13
422 460 2
429 225 579
443 225 579
418 225 453
422 225 433
403 225 408
443 414 919
429 414 852
418 414 726
422 414 708
403 414 357
422 415 991
443 415 800
418 415 726
429 415 556
403 415 144
223 409 763
268 409 734
208 409 632
201 409 434
268 418 734
201 418 443
208 418 443
223 418 268
208 422 886
268 422 627
201 422 434
223 422 268
268 429 734
201 429 434
208 429 414
232 429 400
223 443 867
268 443 734
201 443 434
208 443 426
208 403 973
268 403 734
201 403 434
223 403 230
214 208 1073
404 208 375
378 208 205
378 268 917
404 268 507
404 232 507
214 201 523
378 201 489
415 201 474
404 201 456
214 223 1073
404 223 853
378 223 418
348 223 418
415 223 348
152 378 1291
101 415 900
101 404 916
152 214 1300
200 214 1086
152 348 1291
101 348 984
