165
744 279 1213
813 279 868
252 279 883
744 482 950
813 482 846
252 482 771
800 482 687
744 531 1089
813 531 434
252 531 1151
800 531 1097
744 562 1104
813 562 898
252 562 1100
800 562 333
744 625 468
813 625 940
252 625 608
800 625 932
744 652 1111
813 652 434
252 652 931
800 652 1065
744 717 967
813 717 434
252 717 599
800 717 1002
744 769 444
813 769 580
252 769 546
744 778 201
813 778 580
252 778 374
800 778 466
744 787 676
813 787 197
252 787 1129
800 787 497
744 810 201
813 810 197
252 810 1129
800 810 887
744 975 1050
813 975 26
252 975 1197
787 744 40
769 744 143
744 813 1134
787 813 42
767 813 28
678 252 6
686 800 120
769 800 104
277 787 1205
176 769 191
265 769 99
159 678 1186
265 678 717
463 678 421
277 678 346
280 678 318
280 767 51
265 767 116
463 686 1295
159 686 867
265 686 717
280 686 318
277 686 184
176 744 1246
280 744 132
375 280 1284
390 280 1041
414 280 813
50 280 264
50 176 1103
390 176 1041
375 176 820
414 176 813
415 176 225
403 159 604
375 159 572
50 159 456
403 277 604
375 277 282
50 277 282
403 265 604
375 463 1300
414 463 1296
390 463 1099
50 463 645
415 463 253
403 463 170
52 50 1273
398 403 755
52 403 712
402 403 453
436 403 453
407 403 220
407 375 1242
402 375 1098
52 375 980
447 375 600
398 375 545
436 375 321
407 390 1210
402 390 1210
52 390 712
398 390 399
402 415 953
398 415 953
436 415 953
407 415 922
52 415 712
447 415 171
402 414 1162
398 414 1081
436 414 1054
52 414 712
407 414 231
140 447 1300
208 447 1300
312 447 326
360 447 326
208 407 1300
140 407 1300
312 407 850
360 407 563
397 407 297
140 402 1300
208 402 1300
312 402 850
360 402 563
140 398 987
208 398 980
140 436 1184
208 436 1184
397 52 27
238 140 1158
168 140 99
168 208 1244
214 208 1124
154 208 604
154 312 348
415 312 297
214 397 1190
154 397 891
336 397 721
355 397 720
415 397 720
168 397 643
214 360 753
168 360 753
154 360 604
415 428 1094
355 428 913
214 428 907
154 428 891
336 428 818
152 168 1300
69 336 1248
69 355 1300
69 415 955
152 214 1300
152 154 1300
152 238 1300
