114
664 338 357
664 387 343
803 387 1217
81 387 1215
664 775 895
803 775 1086
81 775 983
664 778 856
803 778 890
81 778 1100
664 790 618
803 790 300
81 790 1198
664 798 917
803 798 417
81 798 835
664 805 769
803 805 440
81 805 835
664 813 261
803 813 942
81 813 835
664 823 856
803 823 1037
81 823 1037
664 833 917
803 833 417
81 833 983
664 838 644
803 838 306
81 838 1133
664 864 261
803 864 943
81 864 1198
664 886 691
803 886 1086
81 886 983
664 891 895
803 891 877
81 891 983
733 664 1034
338 664 1008
831 664 323
338 803 1288
733 803 1277
759 803 13
733 81 715
338 81 58
759 81 1
501 733 848
493 733 1089
517 733 1286
493 759 921
477 759 1247
501 831 974
477 831 1035
493 831 17
517 338 1257
477 338 878
493 338 784
501 338 608
259 493 347
245 493 491
224 493 12
264 493 7
259 517 632
224 517 420
259 477 224
264 477 874
245 477 227
224 477 178
264 501 424
259 501 382
245 501 937
409 259 1113
418 259 1022
429 259 936
443 259 936
434 259 363
418 224 1009
409 224 925
443 224 542
429 264 1117
443 264 1060
418 264 787
409 264 787
418 225 663
443 225 659
429 225 659
434 225 311
409 225 289
409 245 1088
418 245 1022
268 409 877
368 409 741
199 409 719
201 409 484
369 409 192
268 418 877
199 418 719
201 418 484
268 429 877
199 429 719
368 429 543
201 429 484
268 443 877
199 443 719
201 443 484
268 434 877
199 434 719
201 434 567
348 368 350
348 199 442
152 348 1285
