163
718 408 1006
665 408 712
742 408 934
721 408 849
828 408 1006
718 508 823
665 508 712
742 508 934
721 508 988
828 508 823
718 521 1013
665 521 712
742 521 934
721 521 784
828 521 1214
718 616 1013
665 616 740
742 616 934
721 616 784
828 616 1096
718 696 1048
665 696 338
742 696 982
721 696 784
828 696 1104
718 765 476
665 765 712
742 765 934
721 765 869
828 765 805
718 773 327
665 773 268
742 773 105
721 773 954
828 773 910
718 791 1080
665 791 430
742 791 267
721 791 1066
828 791 439
718 859 1080
665 859 430
742 859 145
721 859 1066
828 859 630
718 861 361
665 861 430
742 861 624
721 861 954
828 861 439
718 879 460
665 879 335
742 879 472
721 879 950
828 879 439
665 172 98
742 172 68
828 172 1207
729 718 517
787 718 75
172 718 137
785 718 29
752 665 911
729 665 904
785 665 233
172 665 166
787 742 388
785 742 154
729 742 430
752 721 891
785 721 345
172 721 847
172 828 1060
752 828 289
785 828 14
787 828 10
217 787 946
522 787 1014
522 752 16
508 752 2
522 785 1160
217 785 463
93 785 1222
522 729 1087
93 729 405
177 729 317
522 172 1240
93 172 103
177 172 2
412 508 268
412 177 434
184 93 647
412 522 976
184 522 215
375 217 516
184 217 502
414 463 1296
375 463 1294
390 463 1108
184 463 384
415 463 307
408 184 793
398 184 715
436 184 550
416 184 414
412 184 321
398 375 713
436 375 683
416 375 683
412 375 374
436 414 1133
398 414 1130
416 414 958
412 414 556
408 414 449
416 390 1272
412 390 1250
398 390 580
408 390 449
436 390 99
398 412 1117
436 412 1117
408 412 873
416 412 508
412 412 230
436 415 953
398 415 953
412 415 890
416 415 890
408 415 589
402 408 877
208 408 792
324 408 650
267 408 364
324 398 646
208 398 405
402 398 396
208 436 850
324 436 646
267 436 364
402 436 269
324 416 646
402 416 384
208 416 379
267 412 364
324 412 322
379 402 640
342 402 610
349 402 405
330 402 405
342 208 1002
330 208 357
342 168 606
330 168 590
379 267 475
342 324 696
349 324 503
379 324 475
134 330 847
134 342 1298
152 342 1171
134 349 847
134 379 1174
