179
379 3 9
745 3 1082
228 3 11
106 3 67
379 287 176
228 287 858
106 287 203
407 287 294
379 493 257
745 493 412
228 493 397
106 493 642
407 493 620
379 545 257
745 545 774
228 545 424
106 545 642
407 545 215
379 579 257
745 579 897
228 579 717
106 579 402
407 579 984
379 585 384
745 585 1085
228 585 727
106 585 422
407 585 984
379 699 257
745 699 973
228 699 727
106 699 1030
407 699 847
379 785 539
745 785 494
228 785 845
106 785 1016
407 785 207
379 825 277
745 825 863
228 825 1042
106 825 1036
407 825 257
379 854 776
745 854 494
228 854 1042
106 854 1009
407 854 359
745 902 457
407 902 736
712 379 1277
338 379 1211
713 379 911
696 379 305
713 745 820
712 745 1285
734 745 270
696 745 13
713 228 831
712 228 1292
696 228 169
338 106 850
713 106 1034
712 106 1274
734 106 105
712 407 1096
338 407 905
696 407 886
734 407 713
713 407 543
431 713 1134
43 713 1143
428 713 52
43 712 317
44 712 1273
428 712 4
139 734 251
428 734 458
431 734 24
428 696 887
431 696 746
44 696 740
43 696 610
139 696 376
139 338 1200
431 338 988
44 338 845
43 338 793
428 338 329
224 43 348
52 43 621
18 43 728
415 428 943
414 428 860
172 428 719
224 428 295
290 44 800
52 44 1229
224 44 233
415 431 1148
172 431 509
224 431 395
18 431 343
52 139 918
224 139 575
18 139 430
290 139 243
135 52 1161
418 52 5
135 224 794
418 224 702
408 224 255
439 224 252
135 290 762
439 290 433
436 290 433
398 290 433
418 290 366
418 18 175
135 18 104
418 172 330
439 172 300
408 415 1158
436 415 814
398 415 814
418 415 590
439 415 184
436 414 1178
398 414 1168
439 414 702
418 414 590
408 414 489
208 408 881
199 408 846
268 408 758
324 408 500
267 408 493
260 408 145
260 135 685
199 135 4
199 418 846
268 418 758
267 418 493
324 418 466
208 418 323
199 398 712
268 398 712
324 398 466
208 398 322
199 436 725
268 436 725
267 436 493
324 436 466
208 436 363
199 439 846
268 439 758
267 439 493
324 439 466
208 439 322
349 199 406
352 199 404
214 199 368
214 208 1091
352 267 404
343 260 679
349 260 679
352 260 471
214 260 368
355 324 1008
349 324 406
214 324 368
101 343 1008
101 355 1042
152 214 1300
134 214 1223
101 352 1119
101 349 1292
134 349 803
134 379 1203
