126
762 10 1273
762 101 1289
757 101 312
714 101 2
762 140 1267
757 140 1134
762 262 22
757 262 286
714 262 833
762 369 5
714 369 1228
762 525 957
757 525 960
714 525 1105
762 627 1166
757 627 1146
714 627 1146
762 634 1135
757 634 1084
714 634 677
762 660 1243
757 660 986
714 660 973
762 765 1021
757 765 1129
714 765 1129
762 817 1153
757 817 1066
714 817 1057
400 762 924
759 762 984
36 762 1135
400 757 1146
787 714 718
36 714 542
759 714 1083
400 714 443
162 400 1170
477 400 572
403 400 310
403 787 1102
162 787 384
446 36 930
403 36 1158
477 36 25
477 759 1160
471 403 1036
216 403 745
172 403 544
414 403 460
414 446 785
471 446 768
216 446 745
172 446 443
216 477 121
216 162 598
172 162 393
471 162 283
418 471 343
175 471 156
396 352 883
408 352 762
175 352 762
418 352 567
408 216 1161
175 216 1140
436 216 878
418 216 703
396 172 864
418 172 511
175 172 315
436 172 246
408 172 238
396 390 896
418 390 773
408 390 332
175 390 164
436 414 1187
396 414 896
418 414 773
175 414 338
408 414 332
310 175 983
208 175 512
140 175 342
201 175 263
318 175 261
140 418 923
201 418 408
208 418 388
310 418 376
318 418 295
140 396 968
208 396 833
318 396 173
140 408 1215
208 408 990
310 408 513
201 408 439
140 436 696
208 436 573
201 436 408
318 436 295
310 436 293
168 208 1175
214 208 943
238 140 1114
168 140 150
168 201 753
378 201 416
214 201 397
168 310 1057
378 310 526
214 310 397
368 310 382
368 318 641
378 318 559
168 318 470
152 168 1300
200 168 1106
152 368 973
152 378 1291
152 214 1300
200 214 1106
152 238 1300
200 238 1106
