124
81 407 295
413 407 276
130 407 860
129 407 357
81 448 764
413 448 199
360 448 533
130 448 588
129 448 292
81 611 1201
413 611 292
360 611 433
130 611 860
129 611 864
81 765 1198
413 765 658
360 765 433
130 765 907
129 765 819
81 775 1027
413 775 532
360 775 912
130 775 819
129 775 759
81 790 1092
413 790 545
360 790 372
130 790 819
129 790 956
81 813 906
413 813 532
360 813 912
130 813 819
129 813 759
81 838 1027
413 838 585
360 838 411
130 838 453
129 838 392
81 852 1021
413 852 532
360 852 411
130 852 819
129 852 392
735 81 899
82 81 449
831 413 901
735 413 709
82 413 622
608 413 188
735 360 982
608 360 739
82 360 697
831 360 645
831 130 1076
82 130 196
608 129 857
831 129 586
168 82 460
477 82 1250
501 82 441
303 82 625
477 608 1125
501 608 896
303 608 582
168 608 473
477 735 1195
303 735 526
501 735 224
303 831 280
168 831 151
501 831 690
477 831 988
471 168 1232
225 168 763
391 168 488
264 168 351
225 303 1178
391 303 714
391 477 390
264 477 905
264 501 530
391 501 1
429 264 1161
443 264 1106
172 264 1052
418 264 849
418 471 365
443 471 117
172 471 177
443 391 1053
429 391 774
418 391 654
172 391 470
172 225 1162
443 225 626
418 225 547
429 225 480
201 418 594
223 418 462
232 418 354
232 172 1192
223 172 1105
368 172 450
201 172 320
232 429 689
201 429 594
368 429 512
223 429 462
223 443 1045
201 443 594
370 368 1284
375 368 1116
352 368 560
375 201 1116
352 201 748
370 201 545
375 232 1287
352 232 560
375 223 1230
352 223 560
168 370 1276
168 375 583
168 352 1276
