137
803 175 677
248 175 665
803 494 1181
227 494 1181
248 494 276
569 494 319
803 520 763
227 520 992
248 520 728
569 520 912
803 655 494
227 655 475
248 655 732
569 655 912
803 670 753
227 670 753
248 670 201
569 670 912
803 774 1020
227 774 1020
248 774 1077
569 774 696
803 813 1032
227 813 1031
248 813 1077
569 813 262
803 830 385
227 830 822
248 830 1077
569 830 386
803 859 714
227 859 391
248 859 931
569 859 444
248 54 394
338 803 1298
733 803 1287
338 227 1064
615 227 538
733 227 1286
804 227 255
804 248 759
615 248 699
733 569 1058
338 569 1058
615 569 923
804 569 736
517 733 1296
431 733 92
428 733 177
517 615 1165
426 615 933
428 615 438
431 615 114
426 804 1221
431 804 451
517 338 1284
431 338 1036
428 338 313
426 338 105
224 517 742
259 517 701
86 517 1297
414 428 1146
264 428 842
224 428 450
86 428 176
224 431 633
18 431 350
86 431 176
224 426 633
18 426 350
409 259 1160
418 259 821
443 259 777
429 259 777
436 259 518
409 86 131
418 86 299
409 224 1047
418 224 822
443 224 547
429 264 1077
443 264 1008
409 264 961
418 264 821
409 18 586
418 18 329
436 414 1239
443 414 992
429 414 957
418 414 739
268 409 938
208 409 469
268 418 938
227 418 745
220 418 745
267 418 511
208 418 215
220 429 1065
268 429 938
227 429 841
267 429 511
208 429 469
268 443 938
220 443 889
227 443 841
208 443 341
267 443 208
268 436 938
220 436 630
227 436 630
267 436 511
208 436 243
214 208 1103
323 268 791
352 268 605
370 268 319
214 220 1103
323 220 639
352 220 619
370 220 319
370 267 845
323 267 773
352 267 561
323 264 760
352 264 619
370 264 319
370 227 717
352 227 471
323 227 372
101 323 1170
101 343 1047
101 370 1258
200 214 1169
101 352 1087
101 349 1296
