102
1 10 1035
762 10 1282
1 186 69
714 186 181
762 186 205
1 582 593
714 582 746
762 582 644
1 627 593
714 627 1005
762 627 975
1 660 212
714 660 1118
762 660 1201
1 765 566
714 765 1179
762 765 1023
1 817 1096
714 817 1151
762 817 1202
1 833 1096
714 833 834
762 833 1144
1 851 482
714 851 877
762 851 877
759 1 1103
36 1 1254
787 1 1252
787 714 797
759 714 1104
36 714 501
759 762 1102
36 762 1191
403 787 1154
477 759 1197
446 36 1013
403 36 1191
477 36 48
471 403 1082
216 403 820
414 403 469
264 403 261
352 403 187
216 446 846
414 446 843
471 446 813
264 477 710
216 477 135
443 264 800
418 264 718
175 264 593
232 264 509
418 471 377
175 471 175
443 471 80
175 352 892
418 352 605
232 352 475
443 352 192
175 216 1120
436 216 838
443 216 800
418 216 718
232 216 598
436 414 1145
418 414 809
443 414 754
232 414 607
175 414 390
310 175 955
268 175 389
140 175 261
220 175 209
201 175 194
140 418 945
268 418 805
220 418 733
310 418 409
201 418 409
310 232 812
268 232 389
140 232 335
220 443 980
140 443 918
268 443 805
201 443 388
310 443 277
268 436 784
140 436 784
220 436 443
201 436 388
310 436 297
238 140 1094
152 220 373
152 268 373
152 201 373
152 310 302
76 370 931
76 152 1246
200 152 710
200 238 1204
