196
388 395 422
87 395 866
25 395 544
665 395 412
265 395 257
760 395 885
388 416 279
87 416 443
25 416 633
665 416 406
265 416 231
760 416 885
388 591 238
25 591 478
665 591 625
265 591 289
760 591 885
388 732 193
87 732 352
25 732 435
665 732 625
265 732 415
760 732 667
388 766 310
87 766 860
25 766 224
665 766 464
265 766 301
760 766 460
388 792 501
87 792 429
25 792 877
665 792 640
265 792 557
760 792 328
388 834 350
87 834 605
25 834 1082
665 834 284
265 834 823
760 834 466
388 848 391
87 848 903
25 848 1098
665 848 284
760 848 357
388 886 442
87 886 971
25 886 969
665 886 253
265 886 208
760 886 466
87 54 696
25 54 138
87 100 1252
25 100 1105
87 512 918
25 512 946
665 512 406
265 512 422
760 512 842
87 785 903
25 785 1098
665 785 211
265 785 557
760 785 357
87 854 1098
25 854 625
665 854 640
265 854 557
760 854 458
87 876 903
25 876 1098
665 876 284
265 876 823
760 876 357
25 68 2
665 68 139
265 68 574
760 68 213
25 122 154
665 122 300
760 122 30
831 388 1141
734 388 788
792 388 618
816 388 333
804 388 114
816 87 838
792 87 88
816 25 264
804 25 674
831 665 701
734 665 508
816 665 363
804 665 340
792 665 234
831 265 751
792 265 727
804 265 696
816 265 601
734 265 425
816 760 1
419 792 707
344 792 1262
418 816 694
426 816 98
241 816 8
419 816 1
344 734 697
267 734 21
426 734 65
419 831 74
344 831 714
418 804 351
419 804 453
426 804 1127
241 804 700
446 418 338
18 418 287
446 419 911
18 419 426
225 419 261
264 419 245
446 344 443
18 344 443
264 344 333
225 344 327
225 267 722
446 267 647
264 267 458
225 241 617
446 241 617
264 241 458
225 426 614
415 426 451
446 426 284
18 426 241
443 446 958
429 446 868
418 446 682
212 446 155
429 264 1074
443 264 1008
409 264 764
418 264 764
212 264 478
409 18 407
418 18 353
212 225 1144
429 225 698
443 225 681
418 225 444
443 415 892
436 415 744
418 415 682
429 415 599
436 414 1197
443 414 958
429 414 868
418 414 682
223 409 767
268 409 671
208 409 630
201 409 361
268 418 671
267 418 529
208 418 473
201 418 361
223 418 211
268 429 671
267 429 529
208 429 473
201 429 361
232 429 296
223 443 893
268 443 671
208 443 473
201 443 361
267 212 931
223 212 687
232 212 588
268 212 340
208 212 302
268 436 671
267 436 529
208 436 487
201 436 361
214 208 1128
368 232 741
214 201 498
368 267 558
214 223 1128
152 368 1033
152 214 1300
200 214 1105
