161
1 10 886
713 10 81
705 10 924
808 10 13
650 10 180
1 96 252
713 96 938
808 96 603
1 192 1041
713 192 1044
705 192 32
1 385 362
713 385 400
705 385 1083
808 385 1006
650 385 591
1 416 730
713 416 879
705 416 880
808 416 1006
650 416 591
1 656 640
713 656 1050
705 656 1083
808 656 640
650 656 591
1 698 586
713 698 595
705 698 975
808 698 1006
650 698 247
1 730 474
713 730 547
705 730 1083
808 730 913
650 730 591
1 763 674
713 763 702
705 763 715
808 763 1006
650 763 201
1 799 792
713 799 1207
705 799 288
808 799 518
650 799 792
1 817 988
713 817 387
808 817 368
650 817 860
1 1022 598
713 1022 1036
808 1022 2
650 1022 1025
759 1 890
787 1 1202
36 1 1223
787 713 392
36 713 20
713 713 169
763 713 9
763 705 1151
787 705 161
36 705 127
713 705 63
36 808 128
763 808 1059
787 650 1136
763 650 909
713 650 905
36 650 867
759 650 375
446 713 862
431 713 1204
428 713 141
403 713 1
403 787 1077
431 759 528
428 759 46
446 36 889
403 36 1133
403 763 540
446 763 246
415 403 927
216 403 837
172 403 663
472 403 391
414 403 287
264 403 211
216 446 837
172 446 576
414 446 475
472 446 391
415 428 1065
414 428 1055
172 428 933
264 428 734
216 428 351
472 428 189
415 431 1065
172 431 761
216 431 351
414 431 237
418 264 664
396 264 655
175 264 587
439 264 380
175 216 1053
436 216 856
418 216 664
396 172 808
418 172 534
175 172 256
436 172 255
439 172 243
418 472 876
175 472 13
396 472 5
436 415 959
396 415 916
418 415 862
439 415 295
436 414 1212
396 414 916
418 414 862
439 414 678
175 414 321
310 175 1029
208 175 429
307 175 383
220 175 241
220 418 587
307 418 487
310 418 348
208 418 348
208 396 739
307 396 310
310 396 286
220 436 547
310 436 323
307 436 309
208 436 308
220 439 788
310 439 326
208 439 279
214 208 1016
374 208 397
152 307 610
214 220 1016
336 310 849
214 310 668
343 310 634
349 310 634
101 343 1061
200 152 625
101 355 1075
101 336 1288
101 374 984
200 214 1151
101 214 599
101 349 1288
