174
1 519 360
184 519 1010
228 519 234
650 519 535
118 519 849
1 566 403
184 566 405
228 566 873
650 566 403
118 566 851
1 667 212
184 667 451
228 667 873
650 667 216
118 667 851
1 693 254
184 693 485
228 693 871
650 693 535
118 693 851
1 817 879
184 817 522
228 817 539
650 817 742
118 817 540
1 821 879
184 821 319
228 821 599
650 821 716
118 821 946
1 833 879
184 833 402
228 833 686
650 833 716
118 833 290
1 851 327
184 851 1089
228 851 686
650 851 327
118 851 954
1 865 487
184 865 812
228 865 687
650 865 480
118 865 954
1 986 264
184 986 12
228 986 223
228 359 414
650 359 244
650 934 319
36 1 1220
787 1 1238
597 1 50
787 184 583
597 184 95
787 228 947
763 228 209
597 228 4
787 650 1198
763 650 949
36 650 906
597 650 815
597 118 508
763 118 821
787 118 8
428 597 1196
403 597 901
446 597 894
431 597 586
403 787 1085
446 36 941
403 36 1140
403 763 552
446 763 206
415 403 863
407 403 826
216 403 717
172 403 455
414 403 455
325 403 391
216 446 717
414 446 691
407 446 622
172 446 457
415 428 1079
325 428 944
414 428 926
172 428 848
407 428 622
216 428 579
390 428 170
407 431 1247
415 431 1079
325 431 802
172 431 633
216 431 395
408 216 1227
175 216 1167
436 216 919
418 216 726
439 407 1280
408 407 1243
418 407 849
436 407 477
418 172 558
408 172 304
436 172 304
175 172 274
418 390 849
408 390 439
439 390 251
175 390 114
436 414 1178
439 414 882
418 414 849
408 414 439
175 414 309
408 415 1159
436 415 1035
418 415 849
439 415 251
408 325 728
175 325 396
439 325 372
418 325 279
264 175 1165
310 175 1041
267 175 611
140 175 272
220 175 241
140 418 1015
220 418 687
267 418 411
310 418 314
140 408 1186
220 408 1038
310 408 588
267 408 411
140 436 769
220 436 417
267 436 411
310 436 302
140 439 1186
220 439 570
267 439 411
310 439 302
238 140 1135
389 264 1143
346 264 1098
348 264 966
396 264 895
152 264 313
396 220 876
389 220 738
152 220 313
343 310 505
389 310 447
152 310 313
348 267 931
346 267 931
389 267 931
396 267 913
152 267 313
101 343 980
101 389 614
101 346 1286
76 152 1274
152 396 1027
101 396 752
152 348 1287
101 348 638
152 238 1300
101 238 594
