178
803 385 462
513 385 646
190 385 682
768 385 1057
803 407 480
317 407 480
190 407 682
768 407 415
803 449 1041
317 449 580
513 449 608
190 449 461
768 449 803
803 486 1067
317 486 665
513 486 649
190 486 660
768 486 1026
803 493 801
317 493 580
513 493 203
190 493 441
768 493 1012
803 649 590
317 649 580
513 649 712
190 649 712
768 649 1057
803 692 1187
317 692 580
513 692 703
190 692 703
768 692 207
803 696 518
317 696 518
513 696 518
190 696 556
768 696 1054
803 823 864
317 823 645
513 823 558
190 823 505
803 847 607
317 847 731
190 847 326
803 858 851
317 858 260
513 858 741
190 858 300
768 858 335
317 21 516
513 21 4
190 21 752
768 21 22
317 54 83
190 54 594
768 54 464
317 983 167
768 983 174
190 101 1
190 205 671
768 205 3
734 803 659
338 803 1283
733 803 1234
759 803 64
759 317 1198
734 317 756
733 317 439
338 317 422
765 317 306
765 513 1136
338 513 975
759 513 916
734 513 470
733 513 439
759 190 743
734 190 827
765 190 610
338 768 451
431 733 92
517 733 1293
428 733 190
431 759 222
477 759 1225
428 759 3
477 765 26
428 765 11
517 734 535
431 734 7
428 734 384
477 734 112
517 338 1239
431 338 1022
477 338 801
428 338 310
472 446 646
414 446 521
224 446 367
224 517 433
472 517 198
414 428 1167
264 428 880
472 428 586
245 428 416
224 428 376
264 477 825
472 477 1133
245 477 179
224 477 191
224 431 367
245 431 260
264 431 260
472 431 260
418 224 982
409 224 938
443 224 505
390 224 286
429 264 1036
443 264 970
418 264 811
409 264 811
390 264 255
409 472 574
418 472 860
409 245 1099
418 245 960
443 245 292
443 414 962
429 414 910
418 414 860
390 414 442
287 409 1170
268 409 892
199 409 747
223 409 644
268 418 892
220 418 787
199 418 747
267 418 491
220 429 1076
268 429 892
199 429 747
267 429 491
287 429 263
220 443 989
268 443 892
223 443 763
199 443 747
287 443 689
267 443 198
287 390 1170
220 390 1076
223 390 443
268 390 249
370 199 1177
378 199 517
352 199 475
378 220 517
352 220 484
370 220 434
378 287 1159
415 287 925
370 287 742
352 287 475
378 268 962
352 268 484
370 268 434
370 267 839
378 267 489
352 267 475
352 223 484
378 223 423
415 223 285
101 370 1187
152 378 1287
101 415 894
101 352 1142
