176
48 338 245
796 338 798
48 398 166
460 398 549
47 398 955
762 398 617
796 398 1216
48 403 753
460 403 282
47 403 955
762 403 617
796 403 1056
48 433 252
460 433 434
47 433 851
762 433 449
796 433 851
48 474 753
460 474 518
47 474 955
762 474 617
796 474 1262
48 607 753
460 607 327
47 607 760
762 607 617
796 607 1245
48 625 692
460 625 585
47 625 279
762 625 436
796 625 1029
48 635 252
460 635 549
47 635 886
762 635 617
796 635 1212
48 769 887
460 769 332
762 769 681
796 769 580
48 799 694
460 799 275
47 799 662
762 799 681
796 799 698
48 808 887
460 808 176
47 808 404
762 808 681
796 808 345
48 821 694
460 821 591
47 821 662
762 821 681
796 821 805
48 839 887
460 839 176
47 839 404
762 839 681
796 839 308
48 847 887
460 847 176
47 847 467
762 847 681
796 847 491
721 48 435
759 48 868
721 460 798
763 460 741
541 460 601
759 460 339
585 460 318
763 47 1219
585 47 12
585 762 410
759 762 819
759 796 926
585 796 249
446 541 1019
431 541 713
384 541 524
221 541 467
477 541 418
477 759 1108
431 759 231
221 759 51
446 721 284
431 721 800
221 721 209
446 763 311
431 585 783
477 585 664
446 585 664
384 585 600
407 221 820
216 221 533
472 221 499
219 221 378
219 446 1019
407 446 725
414 446 714
216 446 708
472 446 419
219 477 335
472 477 1025
216 477 75
407 431 1190
415 431 1012
216 431 530
219 431 271
216 384 465
219 384 216
472 384 210
415 384 197
439 219 664
436 219 664
398 219 664
418 219 534
408 219 467
408 216 1050
436 216 948
418 216 628
398 216 393
439 407 1257
408 407 1188
418 407 722
436 407 542
398 407 240
418 472 786
418 390 722
398 390 459
408 390 451
439 390 318
436 414 1186
398 414 1143
439 414 755
418 414 722
408 414 451
408 415 1059
436 415 988
398 415 988
418 415 722
439 415 332
220 418 868
268 418 783
267 418 458
307 418 416
220 436 710
268 436 672
267 436 458
307 436 416
253 436 187
220 408 1022
268 408 783
267 408 458
220 398 1007
268 398 589
307 398 416
253 398 337
267 398 226
268 439 783
220 439 486
267 439 458
368 307 1211
152 307 701
374 253 1167
355 253 857
152 220 344
152 268 344
368 267 566
76 152 1268
101 355 1021
101 368 920
101 415 953
101 374 839
