179
240 402 685
154 402 648
47 402 938
265 402 882
8 402 286
240 428 625
154 428 625
47 428 990
265 428 273
8 428 765
240 520 580
154 520 425
47 520 1029
265 520 516
8 520 813
240 540 589
154 540 658
47 540 895
265 540 882
8 540 765
240 560 397
154 560 620
47 560 1061
265 560 516
8 560 322
240 565 630
154 565 287
47 565 938
265 565 882
8 565 458
240 730 618
154 730 635
47 730 708
265 730 559
8 730 322
240 797 267
154 797 360
47 797 165
265 797 755
8 797 912
240 808 410
154 808 749
47 808 661
265 808 639
8 808 573
240 854 951
154 854 673
47 854 212
265 854 528
8 854 923
240 859 634
154 859 609
47 859 343
265 859 609
8 859 923
591 240 390
698 240 991
609 240 251
609 154 64
591 154 227
698 154 733
792 47 612
763 47 1174
609 47 594
591 47 122
792 265 750
763 265 626
698 265 542
609 265 529
591 265 313
792 8 1239
609 8 40
763 8 69
698 8 40
591 8 1
344 792 1289
305 792 532
431 698 1164
241 698 950
308 698 386
344 698 183
344 591 1261
431 591 800
308 591 712
305 591 211
241 591 164
308 609 1092
344 609 999
241 609 950
431 609 745
305 609 200
241 763 345
344 763 1176
308 763 252
460 344 1127
258 344 548
407 344 296
407 308 580
258 308 551
460 308 551
407 431 1244
415 431 1099
375 431 512
258 431 411
460 241 919
258 241 438
375 241 426
407 241 412
460 305 1127
375 305 612
390 305 612
415 305 612
258 305 251
407 305 243
443 375 692
436 375 622
439 375 495
418 375 458
390 375 333
418 258 994
390 258 788
443 258 556
408 258 497
439 258 366
439 407 1253
408 407 1193
390 407 1072
418 407 820
443 407 605
436 407 431
390 390 1006
418 390 820
443 390 511
408 390 416
439 390 286
408 415 1100
390 415 1006
418 415 820
443 415 790
436 415 744
439 415 373
436 414 1220
443 414 856
418 414 778
439 414 584
390 414 476
408 414 416
418 460 515
443 460 8
307 418 451
267 418 420
208 418 397
208 408 942
267 408 420
307 443 522
208 443 401
267 443 187
307 436 451
267 436 420
208 436 397
307 390 522
208 390 281
267 439 420
208 439 397
214 208 1010
378 208 317
368 307 1250
152 307 624
348 264 1032
378 264 902
348 267 958
368 267 631
76 152 1265
152 368 985
152 378 1296
152 214 1300
200 214 1094
76 214 655
152 348 1289
