129
0 262 1136
762 262 66
714 262 846
0 289 661
762 289 959
714 289 204
0 528 744
762 528 1091
714 528 1035
0 582 570
762 582 728
714 582 1035
0 742 744
762 742 1259
714 742 1035
0 833 988
762 833 1163
714 833 687
762 10 1281
762 140 1282
762 627 970
714 627 1035
400 0 1079
787 0 521
759 762 899
36 762 1135
400 762 706
36 714 546
787 714 871
759 714 998
400 714 205
431 400 948
428 400 806
403 400 469
403 787 1072
431 759 500
428 759 68
446 36 906
403 36 1117
409 403 790
216 403 718
172 403 384
325 403 384
414 403 384
414 446 753
216 446 718
409 446 543
172 446 481
325 428 927
414 428 886
172 428 798
409 428 632
216 428 350
390 428 190
409 431 790
325 431 664
172 431 658
216 431 436
408 409 1123
396 409 981
418 409 725
175 409 368
390 409 310
408 216 1170
175 216 1148
418 216 681
390 216 266
396 172 737
390 172 698
418 172 503
175 172 367
408 172 310
396 390 981
390 390 815
418 390 725
408 390 340
175 390 199
396 414 981
418 414 725
175 414 375
390 414 366
408 414 340
396 325 981
390 325 877
408 325 600
175 325 538
418 325 246
310 175 1000
303 175 505
208 175 505
140 175 370
338 175 261
140 396 944
208 396 888
338 396 565
303 396 205
140 418 863
338 418 565
208 418 349
310 418 312
303 418 281
140 408 1241
208 408 930
310 408 563
140 390 944
338 390 565
303 390 281
208 390 277
310 390 277
168 208 1171
374 208 420
238 140 1134
168 140 128
374 338 791
372 338 513
372 303 943
374 303 808
168 310 1042
343 310 350
349 310 350
101 372 820
101 343 983
200 168 1076
101 168 775
101 355 1058
101 374 820
101 349 1275
200 238 1076
101 238 685
