107
774 105 1253
539 105 336
774 197 1285
605 197 220
774 506 1072
605 506 728
539 506 130
795 506 441
774 540 1163
605 540 536
795 540 601
774 562 782
605 562 486
539 562 199
795 562 775
774 814 1271
605 814 760
539 814 380
795 814 309
774 820 1091
605 820 800
539 820 993
795 820 802
774 972 1151
539 972 8
622 774 377
737 774 1109
588 774 2
588 605 551
622 605 545
737 605 414
703 605 378
703 539 610
737 539 485
622 539 477
588 539 347
622 795 316
737 795 235
466 703 1255
475 703 1120
162 703 574
431 703 462
217 703 296
466 737 1212
217 737 874
475 737 938
466 588 1255
475 588 980
431 588 328
217 588 296
466 622 1255
475 622 1120
162 622 574
431 622 462
217 622 296
348 475 200
409 475 623
412 475 7
348 466 1094
409 466 1030
412 466 597
407 466 33
407 431 1144
409 431 1066
412 431 563
348 431 460
409 217 795
409 162 679
348 162 650
407 162 286
416 409 1240
408 409 1100
436 409 516
398 409 182
416 348 703
398 348 606
436 348 588
436 412 1174
398 412 1160
408 412 1012
416 412 765
416 407 930
408 407 894
398 407 530
436 407 516
436 414 1174
398 414 1160
416 414 893
408 414 494
255 436 1008
233 436 994
140 436 723
199 436 353
255 398 1097
233 398 711
140 398 692
199 398 319
140 408 1240
199 408 850
255 408 703
233 408 575
233 416 994
140 416 692
255 416 328
330 233 725
134 342 1298
134 330 892
