107
219 110 208
219 392 935
748 392 1040
228 392 973
647 392 594
219 436 1004
748 436 1229
228 436 653
219 458 969
748 458 1226
228 458 914
219 495 969
748 495 1193
228 495 1044
219 629 865
748 629 865
228 629 782
219 667 389
748 667 711
228 667 1096
219 696 969
748 696 1228
228 696 933
647 696 182
219 763 1004
748 763 1255
228 763 1104
228 115 705
647 115 8
809 219 689
819 219 1208
767 219 235
767 748 1274
819 748 620
809 748 4
809 228 1103
721 228 451
767 228 2
809 647 1196
767 647 835
721 647 692
819 647 159
461 809 658
221 809 1276
505 809 19
505 819 1129
93 819 533
221 819 162
461 819 143
93 767 1200
505 767 1257
221 721 555
431 721 857
485 221 876
471 221 744
407 221 463
112 221 317
471 505 537
485 505 1199
112 505 110
485 93 374
112 93 548
407 431 1213
415 431 1025
471 431 981
375 431 649
485 431 325
112 461 1106
471 461 793
485 461 515
407 461 332
415 461 287
414 461 222
176 485 32
176 112 297
398 375 647
436 375 608
416 375 565
439 375 308
176 471 1196
439 407 1233
408 407 1210
416 407 694
436 407 461
398 407 236
408 415 1131
436 415 871
398 415 871
416 415 581
176 415 548
439 415 201
436 414 1123
398 414 1123
439 414 837
416 414 717
408 414 418
176 414 206
267 408 343
267 436 343
247 176 730
282 176 602
267 439 343
152 247 307
152 282 641
348 267 942
200 152 752
152 348 1285
