188
803 144 1180
317 144 40
81 144 795
489 144 536
513 144 350
803 159 199
513 159 549
803 493 1063
317 493 642
81 493 1063
489 493 268
513 493 214
803 568 1207
317 568 642
81 568 1076
489 568 310
513 568 310
803 573 1207
317 573 642
81 573 1076
489 573 709
513 573 144
803 692 1207
317 692 642
81 692 1076
489 692 498
513 692 801
803 729 1207
317 729 642
81 729 1076
489 729 498
513 729 314
803 823 997
317 823 667
81 823 1080
489 823 728
513 823 393
803 832 699
317 832 783
81 832 877
489 832 475
513 832 300
803 847 554
317 847 783
81 847 1089
489 847 388
513 847 191
803 963 2
317 963 203
489 963 443
513 963 701
317 21 612
81 21 91
489 21 21
513 21 2
317 983 246
81 101 398
489 101 815
722 803 1049
338 803 1286
759 803 90
759 317 1144
722 317 859
338 317 581
765 317 414
608 317 181
765 81 558
722 81 105
759 81 22
338 81 40
338 489 1028
722 489 990
759 489 954
765 489 868
608 489 802
765 513 1172
338 513 1007
722 513 968
759 513 865
608 513 802
431 759 187
477 759 1166
428 759 4
303 765 1131
428 765 13
477 765 36
477 608 986
446 608 852
428 608 768
517 608 544
303 608 378
517 722 465
477 722 21
428 722 164
517 338 1249
431 338 862
477 338 738
303 338 332
428 338 237
446 338 104
472 517 164
472 446 566
414 446 545
415 428 1155
414 428 1155
264 428 869
472 428 599
225 428 486
245 428 360
225 303 1107
472 303 585
264 303 257
264 477 825
472 477 1044
245 477 139
415 431 1052
264 431 293
472 431 291
245 431 265
429 264 1031
443 264 920
418 264 742
409 264 742
418 472 836
409 472 504
269 472 25
429 225 693
443 225 658
418 225 544
269 225 532
409 225 226
443 414 912
429 414 882
418 414 824
269 414 296
418 415 824
443 415 782
429 415 588
269 415 465
409 245 1090
418 245 961
443 245 256
269 245 186
287 409 1122
268 409 818
223 409 651
208 409 556
268 418 818
267 418 429
208 418 347
223 418 227
268 429 818
208 429 556
267 429 422
287 429 220
268 443 818
223 443 735
287 443 589
208 443 394
287 269 720
223 269 625
268 269 416
208 269 188
214 208 1127
378 208 289
378 287 1122
415 287 964
370 287 708
352 287 515
378 268 887
352 268 517
370 268 411
370 267 757
352 267 515
378 267 444
214 223 1127
352 223 517
378 223 343
415 223 290
214 369 819
378 369 786
352 369 517
101 370 1219
152 378 1287
101 415 898
152 214 1300
200 214 1136
101 352 1169
