204
184 466 249
513 466 402
391 466 737
101 466 1101
184 508 297
513 508 706
391 508 737
101 508 1150
184 555 754
513 555 706
647 555 328
391 555 908
101 555 814
184 609 741
513 609 498
647 609 333
391 609 737
101 609 1150
184 643 888
513 643 280
647 643 107
391 643 737
101 643 933
184 718 888
513 718 121
647 718 418
391 718 614
101 718 995
184 839 195
513 839 571
647 839 260
391 839 587
101 839 1024
513 9 709
101 9 18
513 34 421
647 34 656
391 34 979
513 157 158
391 157 840
101 157 910
513 160 2
391 160 1222
101 160 13
513 225 44
101 225 766
391 243 649
101 243 421
101 122 378
765 184 3
765 513 1093
735 513 727
759 513 641
734 513 575
36 513 167
759 647 966
734 647 789
36 647 687
735 647 208
765 647 208
765 391 1093
759 391 791
735 391 718
734 391 523
36 391 340
759 101 812
765 101 1036
735 101 113
477 765 15
428 765 17
477 759 1141
431 759 263
428 759 9
446 36 950
403 36 1072
477 36 38
477 735 1048
446 735 13
477 734 90
428 734 428
431 734 6
216 446 807
414 446 662
472 446 408
172 446 403
224 446 378
415 428 1110
414 428 1110
264 428 816
172 428 742
472 428 418
224 428 378
216 428 319
415 403 913
216 403 807
172 403 488
472 403 450
414 403 250
264 403 250
224 403 226
472 477 1006
264 477 793
224 477 199
216 477 62
415 431 1065
172 431 533
216 431 319
224 431 242
418 224 887
409 224 885
443 224 401
408 224 270
429 264 889
443 264 853
418 264 749
409 264 749
396 264 546
408 216 1053
429 216 889
443 216 853
418 216 599
409 216 316
396 172 669
409 172 577
418 172 528
443 172 397
429 172 364
409 472 475
418 472 783
396 472 5
443 414 839
396 414 802
418 414 782
429 414 740
408 414 288
408 415 1093
396 415 802
418 415 782
443 415 651
429 415 495
268 409 763
199 409 679
208 409 550
201 409 408
310 409 198
268 418 763
199 418 679
267 418 417
201 418 408
208 418 370
310 418 370
268 429 763
199 429 679
208 429 550
267 429 417
201 429 408
310 429 234
208 408 904
268 408 763
199 408 679
201 408 473
310 408 459
267 408 417
268 443 763
199 443 679
201 443 408
208 443 373
208 396 648
199 396 239
201 396 236
268 396 236
310 396 229
370 199 1034
389 199 589
352 199 502
378 199 368
214 199 360
214 208 1051
374 208 375
378 268 725
389 268 598
352 268 551
370 268 350
389 201 586
214 201 525
378 201 521
352 201 521
370 201 350
214 310 638
352 310 576
378 310 539
389 310 397
370 310 350
389 267 846
370 267 667
352 267 502
101 370 1205
101 389 630
152 378 1281
152 374 1074
101 374 883
152 214 1299
200 214 930
101 352 1103
