156
780 506 1223
713 506 1225
732 506 1061
780 557 1222
713 557 1262
732 557 1012
780 691 1227
713 691 1130
732 691 569
780 730 1095
713 730 855
732 730 966
780 763 1202
713 763 1272
732 763 1012
780 788 606
713 788 1176
732 788 796
780 799 994
713 799 1212
732 799 796
780 820 1106
713 820 1176
732 820 1012
780 823 606
713 823 324
732 823 749
780 854 606
713 854 368
732 854 749
732 973 146
249 780 1142
713 780 1226
249 713 943
597 713 326
713 713 658
615 713 113
597 732 256
713 732 1247
615 732 33
249 732 632
428 597 1129
446 597 932
431 597 648
43 597 481
428 713 84
43 713 1122
431 713 1179
446 713 613
510 713 88
43 615 1179
510 615 727
446 615 531
428 615 500
431 615 233
428 759 37
431 759 498
510 759 45
510 249 1273
43 249 159
472 43 560
75 43 730
264 43 8
75 510 1263
245 510 87
172 446 579
414 446 447
472 446 351
415 428 1141
414 428 990
172 428 899
264 428 806
75 428 606
245 428 264
472 428 191
415 431 1142
172 431 726
75 431 606
245 431 208
443 264 768
418 264 611
439 264 341
443 75 162
418 75 183
418 172 498
439 172 251
398 172 227
436 172 227
418 472 816
408 415 1185
436 415 864
398 415 864
418 415 783
443 415 686
439 415 296
418 245 963
398 245 825
436 245 825
408 245 367
439 245 341
436 414 1231
398 414 1217
418 414 783
443 414 726
439 414 644
408 414 389
374 418 1196
199 418 781
307 418 520
267 418 356
310 418 298
208 418 298
374 398 1196
199 398 637
307 398 520
310 398 280
208 398 280
374 408 975
208 408 879
199 408 781
310 408 441
267 408 356
199 443 781
374 443 559
307 443 520
208 443 440
310 443 202
374 436 993
199 436 643
267 436 356
307 436 337
208 436 278
374 439 1196
199 439 781
267 439 356
208 439 256
310 439 203
214 208 1075
374 208 387
368 307 1246
368 374 838
214 374 342
214 310 748
349 310 471
343 310 471
368 310 400
368 267 578
101 343 1029
101 355 1089
134 368 1298
101 368 915
101 374 901
134 214 1230
200 214 1050
101 349 1293
134 349 840
