125
1 10 954
762 10 1257
1 122 395
413 122 570
714 122 678
1 140 846
413 140 1
762 140 1249
1 186 62
762 186 169
714 186 85
1 237 755
762 237 1269
1 582 526
413 582 526
762 582 516
714 582 815
1 621 505
413 621 234
762 621 596
714 621 1270
1 776 309
413 776 760
762 776 821
714 776 194
1 817 1010
413 817 760
762 817 1101
714 817 1052
1 831 1010
413 831 384
762 831 965
714 831 1085
1 851 469
413 851 778
762 851 727
714 851 727
759 1 1085
36 1 1214
787 1 1202
759 413 974
787 413 945
36 413 454
759 762 1058
36 762 1138
787 714 729
759 714 1097
36 714 355
403 787 1115
477 759 1192
428 759 98
403 36 1156
477 36 31
216 403 656
472 403 532
172 403 359
414 403 359
264 403 283
414 428 999
172 428 849
264 428 699
216 428 273
472 428 215
264 477 677
472 477 1067
376 477 536
216 477 70
418 376 765
396 376 490
390 376 278
418 264 808
396 264 584
175 264 561
390 264 219
175 216 1088
436 216 904
418 216 808
390 216 539
390 172 833
396 172 728
418 172 555
175 172 287
436 172 266
418 472 967
175 472 3
396 472 11
436 414 1180
396 414 977
418 414 907
390 414 411
175 414 300
310 175 944
267 175 547
268 175 430
220 175 253
140 175 245
140 418 881
268 418 814
220 418 718
267 418 317
310 418 275
140 396 973
268 396 206
310 396 199
220 390 1099
140 390 863
268 390 239
268 436 636
140 436 636
220 436 494
267 436 317
238 140 1068
214 220 924
386 220 907
152 220 534
386 268 526
152 268 525
214 310 423
386 267 1192
76 152 1285
200 152 705
76 386 1263
200 214 1208
76 214 715
200 238 1208
