125
154 402 496
442 402 574
211 402 446
33 402 773
154 427 545
442 427 351
211 427 521
33 427 811
154 428 496
442 428 490
211 428 490
33 428 411
154 513 414
442 513 187
211 513 545
33 513 902
154 572 545
442 572 297
211 572 521
33 572 811
154 763 545
211 763 545
33 763 773
154 825 658
442 825 432
211 825 605
33 825 658
154 854 639
442 854 196
211 854 780
154 892 639
442 892 613
211 892 302
33 892 162
831 154 784
589 154 160
609 154 9
814 154 1
814 442 748
609 442 697
831 442 530
589 442 107
814 211 712
831 211 797
589 211 552
814 33 939
589 33 2
270 814 657
431 814 9
344 814 6
344 831 756
270 831 617
308 831 887
431 831 77
308 589 905
344 589 773
270 589 678
418 589 597
431 589 189
308 609 905
344 609 773
270 609 678
418 609 483
431 609 375
391 418 610
375 418 477
40 344 706
391 344 410
225 344 243
391 308 409
375 308 214
415 431 866
375 431 477
40 431 190
391 431 158
40 270 675
391 270 572
375 270 534
225 270 243
422 40 316
212 40 266
436 40 170
429 375 690
443 375 673
436 375 526
422 391 816
443 391 674
436 391 294
429 391 283
212 391 104
212 225 905
429 225 525
443 225 506
422 225 363
422 415 683
443 415 674
436 415 538
429 415 439
436 414 888
443 414 737
429 414 672
422 414 480
208 422 804
277 422 386
223 422 184
208 429 401
277 429 240
232 429 240
223 429 178
223 443 707
208 443 401
277 443 240
223 212 659
232 212 445
208 212 319
208 436 455
277 436 240
223 436 178
214 208 764
214 223 764
348 223 309
152 214 954
84 214 595
76 214 440
152 348 951
