132
565 597 357
313 597 448
223 597 649
714 597 1103
565 708 619
313 708 531
223 708 619
714 708 1103
565 766 255
313 766 499
223 766 499
714 766 1046
565 834 742
313 834 1005
223 834 976
565 837 676
223 837 873
714 837 517
565 878 365
313 878 384
223 878 873
714 878 371
313 157 80
223 157 1182
712 565 1276
821 565 875
360 565 814
516 565 703
821 313 1051
516 313 1023
712 313 882
360 313 561
821 223 1226
516 223 1124
360 223 1188
712 223 1276
360 714 427
712 714 55
431 360 951
477 360 748
521 360 483
221 360 418
316 360 300
221 712 590
316 712 501
521 821 105
431 821 278
431 516 812
477 516 591
221 516 369
521 516 369
316 516 369
407 316 622
409 316 292
375 316 287
471 316 252
471 221 632
407 221 622
409 221 401
407 431 1181
415 431 985
471 431 861
375 431 773
409 431 743
414 431 246
471 521 460
409 521 503
439 409 1241
408 409 1104
418 409 630
436 409 472
398 409 268
436 375 622
398 375 596
439 375 286
408 375 261
418 471 201
439 407 1241
408 407 1183
418 407 630
436 407 472
398 407 242
408 415 1092
398 415 998
436 415 998
418 415 630
439 415 174
398 414 1137
436 414 1128
439 414 1024
418 414 630
408 414 441
255 418 1093
140 418 927
199 418 717
208 418 456
267 418 433
140 408 1207
208 408 966
199 408 717
255 408 635
267 408 433
255 436 825
208 436 792
140 436 792
199 436 536
267 436 433
255 398 1093
140 398 909
199 398 461
208 398 456
267 398 206
140 439 1124
255 439 1093
199 439 717
208 439 456
267 439 433
309 208 246
157 208 246
238 140 1110
157 199 911
252 199 685
309 199 362
252 255 622
309 255 441
157 255 413
252 267 383
139 157 903
139 252 1039
139 309 1228
152 238 1300
139 238 724
