192
605 197 299
774 197 1258
605 248 143
774 248 1108
720 248 965
795 248 1040
605 470 451
774 470 897
804 470 425
720 470 403
795 470 770
605 475 292
774 475 1077
804 475 996
720 475 1077
795 475 605
605 480 445
774 480 681
804 480 681
720 480 490
795 480 708
605 562 338
774 562 686
804 562 463
720 562 516
795 562 686
605 610 487
774 610 943
804 610 558
720 610 982
795 610 891
605 658 282
774 658 880
804 658 880
720 658 920
795 658 709
605 667 413
774 667 734
804 667 734
720 667 982
795 667 979
605 675 475
774 675 1027
804 675 706
720 675 1027
795 675 676
605 678 475
774 678 761
804 678 360
720 678 479
795 678 931
605 711 362
774 711 723
804 711 379
720 711 982
795 711 723
605 843 636
774 843 683
804 843 297
720 843 931
795 843 282
597 605 1065
703 605 421
821 605 285
698 605 246
737 605 209
779 605 187
737 774 807
779 774 1138
797 774 112
779 804 969
797 804 656
779 720 1031
821 720 129
797 720 1
797 795 368
779 795 453
737 795 97
821 795 33
597 795 12
698 795 1
431 698 920
189 698 912
125 698 508
386 698 483
217 698 296
189 597 912
125 597 508
431 597 362
386 597 356
217 597 296
499 597 256
386 737 614
217 737 871
499 737 13
431 797 201
499 797 123
386 797 2
386 821 392
431 821 82
499 779 798
189 703 912
125 703 508
431 703 362
386 703 356
217 703 296
409 386 455
413 386 304
409 125 396
391 125 351
409 499 652
391 499 373
413 217 688
40 217 655
409 217 505
391 217 415
415 431 945
413 431 893
409 431 798
40 431 338
414 431 175
391 431 172
409 189 523
413 189 452
391 189 221
40 189 174
408 40 650
398 40 118
436 40 343
416 40 10
436 413 1198
398 413 1162
408 413 1059
416 413 986
355 413 284
416 409 1121
408 409 1121
355 409 1039
436 409 548
398 409 159
355 391 818
416 391 804
408 391 653
436 391 548
416 390 1224
355 390 967
398 390 650
408 390 501
436 414 1198
398 414 1162
355 414 938
416 414 884
408 414 501
355 415 967
436 415 892
398 415 892
416 415 854
408 415 816
140 408 936
374 408 931
255 408 753
233 408 605
267 408 421
374 398 1224
255 398 1124
233 398 673
140 398 598
267 398 210
374 436 1032
255 436 1032
233 436 960
140 436 676
267 436 421
374 416 1163
233 416 960
140 416 598
255 416 258
267 416 210
374 355 1175
255 355 978
233 355 978
267 355 575
264 355 565
140 355 424
349 255 253
368 233 759
368 374 802
368 267 580
368 264 372
134 349 873
134 368 1285
152 368 803
