140
732 169 1029
426 169 965
6 169 272
732 347 188
705 347 637
426 347 920
732 401 1133
705 401 1220
426 401 504
6 401 1194
732 512 946
705 512 1220
426 512 350
6 512 1194
732 589 1078
705 589 1220
426 589 469
6 589 1194
732 630 1109
705 630 1220
426 630 240
6 630 1194
732 655 963
705 655 826
426 655 479
6 655 826
732 670 1146
705 670 1125
426 670 903
6 670 504
732 785 1008
426 785 158
6 785 707
732 859 592
6 859 223
705 811 686
426 811 316
6 811 560
6 41 1162
713 732 1079
615 732 24
763 705 1283
615 705 63
713 705 102
763 426 1259
609 426 989
713 426 983
615 426 400
713 6 823
615 6 31
308 615 1172
426 615 666
436 615 517
431 615 166
501 713 381
436 713 899
431 713 1120
426 713 450
308 609 1172
431 609 734
426 609 666
436 609 249
308 763 264
436 763 136
501 763 45
264 308 690
448 308 677
181 308 490
415 431 1146
172 431 403
448 431 217
264 501 273
181 501 53
448 426 494
172 426 412
415 426 377
414 436 828
448 436 674
264 436 603
415 436 277
181 436 234
409 181 1159
418 181 711
429 264 1048
443 264 1024
409 264 961
418 264 711
443 448 12
409 172 760
418 172 400
443 172 200
443 415 866
436 415 788
418 415 620
429 415 577
436 414 1214
443 414 992
429 414 890
418 414 620
268 409 982
307 409 835
208 409 364
268 418 982
220 418 641
267 418 509
307 418 404
208 418 261
220 429 1011
268 429 982
307 429 810
267 429 509
208 429 364
268 443 949
220 443 743
307 443 416
208 443 364
268 436 805
220 436 549
267 436 509
307 436 404
208 436 264
214 208 1107
330 208 322
330 307 804
352 247 636
352 268 404
214 220 1107
352 220 636
352 267 554
379 267 350
101 343 1045
101 330 1025
134 330 845
101 355 1147
134 214 1254
200 214 1162
101 352 1089
101 349 1296
134 349 845
134 379 1245
