114
803 50 1256
803 516 1118
713 516 1118
144 516 1016
33 516 739
803 520 295
713 520 911
144 520 1001
33 520 1049
803 557 1269
713 557 1211
144 557 1016
33 557 1153
803 640 1226
713 640 1211
144 640 1016
33 640 1153
803 670 1244
713 670 1211
144 670 1016
33 670 1058
803 692 1245
713 692 1211
144 692 1016
33 692 588
144 338 3
733 803 1276
713 803 37
759 803 6
713 713 576
615 713 133
713 144 936
733 144 517
733 33 1203
713 33 1191
426 713 428
431 713 1161
510 713 122
431 733 213
517 733 1286
517 615 1065
510 615 991
426 615 633
431 615 127
426 759 411
431 759 420
510 759 122
75 510 1260
224 510 464
245 510 169
86 517 1275
224 517 503
75 517 126
75 431 541
224 431 485
86 431 195
224 426 485
245 426 411
418 86 435
418 224 942
443 224 388
408 224 316
429 264 949
443 264 888
418 264 747
408 264 279
443 75 229
418 75 293
429 75 12
418 245 983
436 245 671
408 245 370
443 245 255
199 418 926
268 418 911
267 418 519
208 418 314
199 429 926
268 429 911
267 429 519
208 429 386
199 408 926
268 408 911
208 408 795
267 408 519
199 443 926
268 443 911
208 443 299
267 443 279
199 436 926
268 436 911
267 436 519
208 436 225
214 208 996
370 199 1112
323 199 655
352 199 606
349 199 391
214 199 355
323 268 655
352 268 441
370 268 330
370 267 831
323 267 688
352 267 606
323 264 688
352 264 673
370 264 330
101 323 1173
101 370 1225
101 343 1015
200 214 1015
101 352 1111
101 349 1290
