161
713 402 784
249 402 466
732 402 905
705 402 573
426 402 390
713 417 902
249 417 157
732 417 982
705 417 976
426 417 297
713 446 851
249 446 818
732 446 1151
705 446 937
713 494 332
249 494 818
732 494 1141
705 494 1107
426 494 279
713 507 449
249 507 818
732 507 1141
705 507 1107
713 520 204
249 520 818
732 520 1141
705 520 1107
426 520 425
713 630 367
249 630 818
732 630 1141
705 630 1111
426 630 379
713 655 297
249 655 263
732 655 1049
705 655 263
426 655 297
713 680 335
249 680 893
732 680 1141
705 680 1107
426 680 150
713 785 467
249 785 611
732 785 1059
426 785 219
713 811 467
249 811 373
732 811 166
705 811 388
426 811 161
713 888 297
249 888 793
732 888 1059
705 888 442
732 197 177
426 197 144
713 713 365
615 713 85
763 713 6
6 713 1
763 249 746
713 732 1089
6 732 770
708 732 66
615 732 2
763 705 1210
713 705 141
615 705 18
763 426 1129
713 426 941
6 426 713
708 426 452
615 426 394
270 615 610
426 615 504
428 615 391
431 615 158
431 713 1109
501 713 687
426 713 326
428 713 63
501 6 1234
270 708 912
501 708 962
431 708 206
501 763 176
415 428 1068
414 428 1063
264 428 852
172 428 811
448 428 335
415 431 1136
172 431 547
224 431 304
264 501 282
172 426 420
448 426 411
415 426 375
224 426 304
264 270 794
224 270 424
448 270 384
418 224 802
443 224 421
408 224 228
429 264 982
443 264 914
418 264 802
443 448 17
418 172 464
436 414 1223
398 414 1196
443 414 872
429 414 811
418 414 675
408 414 358
408 415 1138
436 415 791
398 415 791
443 415 770
418 415 675
429 415 513
268 418 894
267 418 451
208 418 294
268 429 894
267 429 451
208 429 431
268 408 894
208 408 887
267 408 451
268 443 894
208 443 431
267 443 193
268 398 772
208 398 281
268 436 795
267 436 451
208 436 282
214 208 1110
352 247 648
370 247 315
214 247 231
352 268 406
370 268 315
352 264 648
379 264 319
370 267 845
352 267 532
379 267 319
101 370 1266
101 343 1056
101 355 1151
134 379 1231
134 214 1238
200 214 1166
101 352 1124
101 349 1289
134 349 867
