157
791 291 1271
190 291 96
6 291 813
791 369 2
249 369 761
732 369 653
190 369 29
6 369 1163
791 520 598
249 520 1111
732 520 882
190 520 752
6 520 752
791 540 1008
249 540 985
732 540 484
190 540 607
6 540 487
791 585 950
249 585 411
732 585 723
190 585 325
6 585 758
791 600 1196
249 600 1082
732 600 618
190 600 801
6 600 618
791 616 1209
249 616 1082
732 616 857
190 616 607
6 616 674
791 626 952
249 626 952
732 626 723
190 626 607
6 626 767
791 785 387
249 785 985
732 785 675
190 785 944
6 785 639
791 789 763
249 789 1101
732 789 218
190 789 944
6 789 467
791 854 387
249 854 725
732 854 372
190 854 483
6 854 593
268 791 1006
713 791 1040
268 249 2
500 249 2
713 732 1177
500 732 516
722 732 19
713 190 584
268 190 421
268 6 937
713 6 961
500 6 71
722 6 1
428 713 105
431 713 1170
426 713 838
436 713 831
431 500 1091
426 500 1076
428 500 853
436 500 566
428 722 325
426 722 408
431 268 968
426 268 862
436 268 269
415 428 1067
414 428 1067
172 428 895
325 428 862
264 428 751
472 428 205
415 431 1132
325 431 595
172 431 595
414 431 196
172 426 515
325 426 440
415 426 326
414 436 1058
264 436 779
415 436 453
472 436 362
429 264 817
418 264 704
439 264 396
418 172 483
436 172 219
408 172 219
418 472 819
408 415 1166
436 415 952
418 415 745
429 415 390
439 415 316
436 414 1219
418 414 745
439 414 739
429 414 643
408 414 405
408 325 453
429 325 362
439 325 284
418 325 253
268 418 883
267 418 545
220 418 463
307 418 463
220 429 933
268 429 883
307 429 860
267 429 545
220 408 897
268 408 883
267 408 545
268 436 555
267 436 545
220 436 540
307 436 429
268 439 883
220 439 730
267 439 545
264 439 167
368 307 1222
152 307 586
349 307 243
368 247 833
352 247 504
352 264 434
379 264 288
352 268 299
352 220 504
368 267 561
352 267 418
379 267 288
101 343 1051
200 152 703
101 355 1095
134 368 1292
101 368 913
101 352 1119
101 349 1287
134 349 848
134 379 1212
