167
1 10 485
732 10 416
650 10 119
1 524 148
732 524 417
650 524 267
739 524 641
1 528 256
732 528 585
650 528 389
739 528 272
1 659 319
732 659 421
650 659 316
739 659 286
1 667 162
732 667 443
650 667 162
739 667 158
1 763 163
732 763 610
739 763 218
1 799 287
732 799 384
650 799 348
739 799 631
1 821 327
732 821 351
650 821 327
739 821 116
1 823 504
732 823 336
650 823 504
739 823 99
1 973 389
732 973 27
650 973 610
732 338 374
739 338 94
650 934 227
787 1 721
597 1 54
597 732 171
787 650 685
763 650 582
597 650 474
698 650 345
763 739 397
597 739 28
403 787 614
431 698 684
428 698 645
403 698 367
446 698 98
428 597 645
431 597 507
446 597 507
403 597 442
403 763 253
446 763 103
413 403 535
415 403 533
216 403 465
172 403 414
325 403 222
414 403 111
216 446 465
413 446 377
172 446 373
414 446 276
415 428 650
414 428 583
172 428 546
325 428 510
216 428 166
413 428 157
415 431 650
413 431 593
325 431 481
172 431 468
216 431 166
414 431 107
436 413 711
408 413 678
416 413 507
390 413 178
175 413 121
418 413 101
408 216 656
175 216 581
416 216 553
436 216 475
418 216 335
390 216 238
390 172 456
418 172 296
416 172 233
436 172 160
175 172 144
408 172 136
408 415 641
390 415 542
436 415 536
418 415 447
416 415 379
436 414 711
416 414 493
418 414 447
390 414 212
408 414 186
175 414 121
390 325 598
408 325 298
175 325 193
418 325 138
255 418 607
298 418 469
208 418 203
310 418 203
267 418 201
264 175 644
255 175 594
310 175 565
298 175 366
267 175 326
208 175 272
208 408 523
298 408 469
255 408 318
310 408 264
267 408 201
255 436 604
298 436 469
208 436 211
267 436 201
310 416 214
208 416 214
255 390 394
208 390 217
310 390 160
298 390 149
214 208 604
330 208 243
374 208 243
214 255 377
214 310 439
349 310 333
343 310 333
379 310 252
379 267 195
374 298 677
379 298 340
379 264 195
69 343 638
101 343 593
69 330 672
101 330 542
134 330 483
101 349 747
69 349 594
134 349 483
69 355 755
101 355 639
101 374 533
69 374 428
134 214 714
134 379 717
