218
713 520 314
732 520 1102
633 520 150
190 520 634
407 520 232
713 540 316
732 540 860
386 540 147
190 540 634
407 540 797
713 565 316
732 565 1057
633 565 294
190 565 634
407 565 797
713 566 773
732 566 1075
633 566 364
386 566 725
190 566 634
407 566 241
713 576 316
732 576 939
386 576 725
190 576 540
407 576 797
713 585 750
732 585 939
633 585 295
386 585 263
190 585 199
407 585 797
713 670 804
732 670 1075
633 670 266
386 670 725
190 670 634
407 670 178
713 704 701
732 704 785
633 704 649
386 704 526
190 704 634
407 704 268
713 730 316
732 730 1102
633 730 158
386 730 182
190 730 634
407 730 507
713 742 316
732 742 939
633 742 383
386 742 725
190 742 634
407 742 797
713 763 989
732 763 989
633 763 422
190 763 451
407 763 746
713 785 306
732 785 887
633 785 318
190 785 816
407 785 109
713 820 596
732 820 933
633 820 353
386 820 775
190 820 316
713 854 261
732 854 586
633 854 558
386 854 625
190 854 316
407 854 277
713 868 491
732 868 491
633 868 327
386 868 615
190 868 412
597 713 554
713 713 769
615 713 154
763 713 2
713 732 1230
597 732 222
615 732 28
713 633 1110
597 633 708
763 633 586
698 633 481
615 633 284
713 386 888
763 386 824
597 386 669
698 386 568
615 386 295
713 190 798
615 190 771
763 190 12
713 407 837
615 407 718
698 407 448
763 407 430
597 407 242
446 713 492
431 713 1212
43 713 1058
426 713 398
428 713 94
431 698 1228
428 698 1144
43 698 772
426 698 560
428 597 1169
446 597 829
431 597 727
43 597 410
43 615 1170
428 615 644
426 615 560
446 615 437
431 615 370
43 763 958
446 763 113
264 43 3
172 446 679
414 446 439
415 428 1065
325 428 978
172 428 959
414 428 886
264 428 696
390 428 189
415 431 1150
325 431 721
172 431 721
172 426 691
325 426 588
415 426 344
418 264 699
439 264 335
390 264 272
390 172 849
418 172 460
439 172 242
390 390 962
418 390 774
398 390 470
408 390 454
439 390 143
408 415 1161
390 415 915
398 415 810
436 415 810
418 415 774
439 415 281
436 414 1235
398 414 1207
418 414 774
439 414 643
390 414 522
408 414 454
390 325 1039
408 325 483
418 325 234
374 418 1211
268 418 870
267 418 458
307 418 429
303 418 347
208 418 258
374 408 933
208 408 904
268 408 870
267 408 458
374 390 702
307 390 488
303 390 347
208 390 229
268 390 207
374 398 1211
268 398 649
307 398 460
303 398 357
208 398 258
374 436 976
268 436 619
267 436 458
307 436 291
303 436 291
208 436 270
374 439 1211
268 439 870
267 439 458
208 439 258
303 439 139
214 208 1066
374 208 345
368 307 1235
374 268 334
368 374 763
214 374 367
374 303 1075
368 267 556
101 343 1055
69 343 1049
69 355 1299
101 355 1103
134 368 1298
101 368 938
101 374 940
134 214 1237
101 349 1296
69 349 1005
134 349 787
