91
1 10 1108
762 10 1282
1 186 80
714 186 238
762 186 193
1 582 630
714 582 724
762 582 615
1 660 162
714 660 1143
762 660 1219
1 763 529
714 763 842
762 763 1072
1 765 622
714 765 1236
762 765 955
1 817 1150
714 817 1177
762 817 1182
1 833 1150
714 833 800
762 833 1094
759 1 1175
787 1 1277
36 1 1274
759 714 1173
36 714 622
787 714 908
759 762 1152
36 762 1245
403 787 1217
477 759 1249
446 36 1086
403 36 1247
477 36 33
216 403 927
414 403 383
352 403 271
264 403 263
216 446 947
414 446 739
216 477 178
264 477 773
418 264 813
443 264 809
175 264 702
232 264 602
408 264 393
408 352 972
175 352 972
418 352 710
232 352 519
443 352 144
175 216 1187
408 216 1127
418 216 813
443 216 809
232 216 650
418 414 895
443 414 785
232 414 713
175 414 466
408 414 340
310 175 1057
140 175 255
201 175 250
220 175 240
140 418 981
220 418 676
201 418 492
310 418 423
140 408 1140
220 408 1087
310 408 641
201 408 556
310 232 796
220 232 352
201 232 304
140 443 1020
220 443 929
201 443 492
310 443 364
238 140 1160
386 220 885
152 220 450
152 201 450
152 310 374
76 152 1268
76 386 1253
200 238 1164
