192
435 140 33
1 140 879
33 140 1141
435 186 784
1 186 123
435 494 275
1 494 558
650 494 509
33 494 1204
435 772 530
1 772 1012
650 772 657
33 772 569
435 790 564
1 790 1012
650 790 657
33 790 363
435 798 653
1 798 1012
650 798 657
33 798 667
435 799 653
1 799 1012
650 799 662
33 799 667
435 817 530
1 817 1012
650 817 736
33 817 1153
435 833 294
1 833 1012
650 833 657
33 833 551
435 842 653
1 842 1012
650 842 657
33 842 667
435 864 535
1 864 1012
650 864 657
33 864 368
1 122 469
33 122 1019
389 435 899
814 435 885
36 435 477
787 435 375
759 435 359
293 435 216
814 1 450
787 1 1189
36 1 1208
759 1 661
787 650 1119
814 650 836
759 650 798
293 650 660
36 650 532
389 33 1167
814 33 1280
293 33 746
403 787 1142
428 389 775
477 389 654
431 389 618
446 389 190
431 814 11
403 36 1178
446 36 949
477 36 3
477 759 1123
431 759 272
428 759 25
446 293 988
403 293 717
477 293 623
431 293 618
428 293 541
415 403 1031
471 403 964
216 403 907
172 403 498
414 403 298
216 446 907
471 446 647
414 446 616
172 446 395
414 428 1077
415 428 1077
471 428 964
172 428 742
264 428 694
216 428 446
264 477 633
216 477 131
307 477 121
415 431 1050
471 431 964
172 431 498
216 431 446
414 431 199
408 307 1155
175 307 1137
436 307 481
443 307 246
429 307 229
429 264 871
443 264 851
418 264 654
175 264 512
175 471 109
418 471 223
443 471 52
408 216 1134
175 216 1097
436 216 794
429 216 515
443 216 515
418 216 486
418 172 421
436 172 312
175 172 304
408 415 1138
436 415 903
443 415 705
418 415 645
429 415 402
436 414 1166
443 414 784
418 414 645
429 414 635
408 414 358
175 414 284
264 175 1044
229 175 1032
310 175 974
208 175 571
267 175 469
201 175 269
310 418 440
208 418 440
201 418 400
267 418 278
229 418 262
208 429 572
201 429 361
310 429 281
267 429 278
208 408 986
310 408 494
201 408 400
267 408 278
229 408 262
208 443 489
201 443 361
310 443 273
208 436 518
201 436 361
310 436 281
267 436 278
214 208 1135
389 229 861
336 229 818
355 229 752
349 229 270
214 201 597
352 201 479
389 201 468
214 310 854
336 310 818
349 310 328
352 310 328
343 310 328
389 264 1162
352 264 468
389 267 866
352 267 426
69 343 1055
101 343 933
69 389 1117
134 336 1298
101 336 1278
69 336 1257
69 355 1298
101 355 1035
134 214 1199
101 214 536
101 352 995
69 352 587
101 349 1278
69 349 1046
134 349 812
