177
1 116 387
647 116 1
101 116 157
1 160 19
713 160 341
391 160 1080
101 160 4
1 192 1115
713 192 840
1 508 377
713 508 644
391 508 546
101 508 1162
1 609 684
713 609 382
647 609 464
391 609 546
101 609 1174
1 643 370
713 643 215
647 643 173
391 643 546
101 643 903
1 649 370
713 649 576
647 649 232
391 649 381
101 649 903
1 692 251
713 692 816
647 692 252
391 692 371
101 692 1032
1 799 970
713 799 1134
647 799 325
391 799 388
101 799 868
713 225 894
101 225 700
647 11 4
101 11 527
101 9 21
759 1 1119
36 1 1249
765 1 2
36 713 27
759 647 1046
36 647 904
765 391 1003
735 391 821
759 391 759
36 391 509
759 101 888
765 101 944
735 101 180
477 759 1208
431 759 242
446 36 1061
403 36 1184
477 36 10
477 765 15
403 765 1
477 735 1150
446 735 32
216 403 952
472 403 591
448 403 565
224 403 279
245 403 200
264 403 166
216 446 966
448 446 565
472 446 506
224 446 466
448 477 346
264 477 860
472 477 1066
216 477 88
245 477 102
224 477 245
216 431 457
224 431 239
448 431 232
245 431 217
409 224 927
418 224 826
403 224 607
443 224 541
429 264 1001
443 264 961
409 264 846
418 264 826
403 264 607
429 216 1001
443 216 961
418 216 532
409 216 344
403 216 298
403 448 585
443 448 24
409 472 603
418 472 689
403 472 251
443 472 2
409 245 1092
418 245 826
403 245 607
443 245 268
268 409 755
199 409 647
208 409 470
299 409 441
201 409 381
310 409 182
268 418 755
199 418 647
299 418 441
201 418 390
208 418 390
310 418 390
267 418 355
268 429 755
199 429 647
208 429 470
299 429 441
201 429 381
267 429 355
310 429 230
268 443 755
199 443 647
299 443 441
201 443 381
208 443 331
310 443 232
208 403 929
268 403 755
199 403 647
267 403 547
299 403 441
201 403 381
310 403 182
352 299 882
370 299 780
375 299 606
214 299 537
214 208 1056
370 199 1069
375 199 748
352 199 568
349 199 392
214 199 392
375 268 574
352 268 574
370 268 423
375 201 748
352 201 591
214 201 504
370 201 423
214 310 679
352 310 524
349 310 524
343 310 524
370 267 777
352 267 568
101 370 1230
69 343 1085
101 343 993
101 349 1293
69 349 1061
134 349 783
69 355 1300
101 355 1050
101 375 452
134 214 1214
101 214 510
101 352 1012
