155
748 384 1164
47 384 505
762 384 1171
748 468 1087
47 468 1000
762 468 1087
647 468 132
748 480 628
47 480 487
762 480 628
647 480 211
748 506 1164
47 506 412
762 506 1250
647 506 296
748 519 954
47 519 1000
762 519 982
748 544 1164
47 544 352
762 544 1273
647 544 110
748 563 1164
47 563 1000
762 563 1164
748 763 1164
47 763 352
762 763 1220
748 801 871
47 801 344
647 801 222
748 821 218
47 821 748
762 821 639
647 821 606
748 828 871
47 828 344
647 828 208
748 834 871
47 834 830
762 834 439
647 834 206
748 839 871
47 839 359
762 839 444
647 839 208
748 888 871
47 888 731
762 888 441
47 237 24
762 237 1270
819 748 339
759 748 25
309 47 540
295 47 782
763 47 1062
759 762 744
819 762 77
295 762 886
309 647 1087
763 647 940
759 647 775
721 647 437
819 647 205
295 647 124
461 819 483
327 819 53
431 759 213
521 295 1128
461 295 327
431 295 327
521 721 277
431 721 772
446 721 174
461 721 4
446 309 942
521 309 602
461 309 429
431 309 384
461 763 896
446 763 196
327 763 76
471 446 743
414 446 632
391 446 548
112 446 183
112 327 1233
391 327 517
112 461 1128
471 461 801
391 461 548
415 461 322
414 461 250
471 431 1051
415 431 993
414 431 201
471 521 624
391 521 267
112 521 110
418 112 747
418 471 303
443 471 74
439 391 1213
443 391 862
418 391 773
436 391 437
429 391 426
429 225 502
418 225 492
443 225 456
436 415 940
418 415 773
443 415 739
429 415 522
439 415 266
436 414 1172
443 414 896
439 414 810
429 414 776
418 414 773
140 418 994
220 418 825
267 418 482
201 418 466
208 418 281
140 429 1243
220 429 1040
267 429 482
201 429 466
208 429 369
220 443 1015
140 443 886
201 443 466
208 443 319
140 436 829
220 436 558
267 436 482
208 436 476
201 436 466
140 439 1243
220 439 507
267 439 482
201 439 466
208 439 281
238 140 1130
378 208 328
378 264 818
152 264 311
378 220 605
152 220 311
378 201 447
200 152 717
152 378 1288
152 238 1300
200 238 1221
