137
791 41 1051
218 41 47
65 41 1078
791 291 1276
791 447 1123
218 447 1236
106 447 944
65 447 197
791 487 1181
218 487 1189
106 487 449
65 487 527
791 542 1194
218 542 579
106 542 405
65 542 527
791 574 1109
218 574 237
106 574 338
65 574 241
791 585 1167
218 585 991
106 585 944
65 585 241
791 730 898
218 730 468
106 730 898
65 730 346
791 731 1124
218 731 1236
106 731 944
65 731 218
791 751 906
218 751 1236
106 751 599
65 751 527
791 755 1030
218 755 899
106 755 308
65 755 527
791 789 577
106 789 546
65 789 947
713 791 1079
338 218 1026
713 218 1115
734 218 1150
338 106 1037
713 106 1054
804 106 1235
734 106 137
804 65 1035
713 65 5
431 713 1167
426 713 987
139 734 271
426 734 324
431 734 41
267 734 25
139 804 176
426 804 1220
431 804 591
139 338 1264
267 338 1231
431 338 1037
488 338 318
121 488 1182
224 488 57
121 267 882
264 267 522
224 267 520
219 267 283
415 431 1137
224 431 221
219 431 191
414 431 159
121 139 1163
264 139 701
224 139 520
219 139 283
415 426 417
219 426 396
224 426 221
414 426 210
418 224 928
443 224 425
408 224 294
429 264 991
443 264 900
418 264 855
408 264 294
429 219 846
443 219 785
418 219 647
408 219 449
436 219 439
418 121 457
408 121 4
408 415 1127
436 415 867
443 415 779
418 415 771
429 415 567
436 414 1237
443 414 866
429 414 839
418 414 771
408 414 416
268 418 833
265 418 724
227 418 609
267 418 531
208 418 340
381 418 261
227 429 964
268 429 833
267 429 531
208 429 465
381 429 261
265 408 1013
208 408 875
268 408 833
381 408 539
267 408 531
268 443 833
227 443 792
265 443 660
208 443 394
267 443 286
268 436 727
267 436 531
227 436 516
208 436 340
381 436 261
214 208 1009
214 381 600
200 214 1162
