140
47 147 89
248 147 546
513 147 1019
740 147 358
47 237 45
248 237 81
513 237 325
47 396 983
513 396 976
740 396 1153
47 427 983
248 427 255
513 427 806
740 427 1005
47 468 983
248 468 137
513 468 422
740 468 1005
47 474 983
248 474 389
513 474 651
740 474 1005
47 611 145
248 611 515
513 611 806
740 611 1205
47 669 677
248 669 350
513 669 785
740 669 1199
47 674 166
248 674 208
513 674 725
740 674 691
47 767 619
248 767 330
513 767 725
740 767 1199
47 782 420
248 782 971
513 782 993
740 782 845
47 839 452
248 839 865
513 839 797
740 839 377
47 844 728
248 844 955
513 844 955
740 844 845
309 47 398
831 47 1152
722 47 1074
818 47 376
831 248 1280
818 248 74
721 248 484
722 513 1108
721 513 1079
818 513 971
309 513 885
831 513 204
722 740 626
818 740 292
308 831 974
477 831 1014
327 831 1094
477 818 1258
308 818 403
446 818 364
446 721 114
446 309 993
477 309 947
327 309 252
182 309 202
182 722 37
477 722 60
258 308 634
471 308 634
264 308 460
225 308 298
225 182 911
471 182 846
264 182 753
258 182 312
258 327 804
264 327 699
225 327 176
258 446 1032
471 446 857
414 446 615
264 477 808
429 264 1150
443 264 1096
409 264 1012
418 264 768
418 471 291
409 471 248
443 471 119
409 258 1178
418 258 768
429 258 716
443 258 716
443 225 637
429 225 544
418 225 461
409 225 427
443 414 1082
429 414 1035
418 414 670
268 409 874
223 409 846
208 409 533
201 409 530
268 418 874
267 418 578
201 418 530
223 418 376
208 418 364
268 429 874
201 429 530
267 429 501
208 429 464
223 429 333
223 443 1008
268 443 874
201 443 530
208 443 305
267 443 235
214 208 1094
370 268 405
415 201 454
214 201 420
370 201 405
370 267 919
214 223 1094
415 223 294
101 370 1241
101 415 939
200 214 1237
