172
352 395 273
219 395 990
748 395 1235
647 395 272
811 395 993
352 629 206
219 629 990
748 629 1147
811 629 993
352 666 291
219 666 1093
748 666 940
647 666 169
811 666 1188
352 705 406
219 705 990
748 705 1235
647 705 326
811 705 993
352 772 576
219 772 702
748 772 1041
647 772 386
811 772 762
352 823 498
219 823 329
748 823 283
811 823 319
352 906 67
219 906 610
811 906 503
219 40 907
748 40 318
811 40 691
219 987 5
748 987 150
647 987 1184
748 26 1
647 26 883
647 382 578
809 352 1111
819 352 1111
766 352 520
783 352 507
809 219 1230
819 219 1199
819 748 689
783 748 887
809 748 68
809 647 1248
783 647 1176
766 647 1171
819 647 85
766 811 370
783 811 12
403 809 279
401 809 196
221 809 1270
461 809 790
401 819 183
461 819 476
221 819 231
403 783 493
221 783 1280
401 783 125
403 766 752
221 766 973
471 221 1109
216 221 454
159 221 430
470 221 220
471 403 1186
415 403 1011
216 403 689
391 403 536
159 403 344
414 403 341
471 401 1218
415 401 1011
470 401 963
391 401 585
216 401 546
159 401 344
471 461 1064
470 461 963
216 461 546
391 461 536
415 461 178
172 470 931
207 159 1058
172 159 924
175 159 464
176 159 434
176 471 1133
172 471 28
207 471 19
175 471 86
443 471 6
175 216 1084
207 216 1084
443 216 817
176 216 817
436 216 741
172 216 405
443 391 872
436 391 377
175 391 241
172 391 241
436 414 1114
398 414 1054
443 414 972
172 414 452
176 414 335
175 414 242
398 415 852
436 415 852
443 415 783
176 415 591
172 415 179
310 175 836
223 175 625
298 175 570
208 175 542
201 175 250
223 172 962
201 172 675
298 172 570
287 172 365
310 172 270
223 443 853
287 443 683
208 443 584
201 443 467
208 398 476
201 398 467
310 398 280
298 436 750
208 436 697
201 436 467
223 207 706
310 207 646
208 207 542
298 207 494
201 207 250
287 176 776
223 176 706
201 176 459
208 176 429
214 208 1126
363 208 288
378 287 1036
363 287 542
348 287 488
352 287 464
378 201 473
352 201 465
214 201 461
214 310 816
378 310 592
352 310 489
348 310 331
214 223 1126
352 223 436
348 223 425
378 223 425
69 363 1030
152 378 1292
152 214 1299
200 214 1115
69 352 665
152 348 1292
69 348 1030
