114
129 175 338
190 175 622
129 520 1081
190 520 972
413 520 972
767 520 587
129 669 1088
190 669 762
413 669 890
767 669 890
129 785 602
190 785 1124
413 785 466
767 785 529
129 789 973
190 789 1124
413 789 525
767 789 973
129 790 1148
190 790 1124
413 790 276
767 790 1025
129 876 602
190 876 1124
413 876 558
767 876 1063
129 878 615
190 878 991
413 878 460
767 878 330
129 1019 1128
413 1019 154
190 249 704
413 249 1176
767 249 4
767 89 152
804 129 1168
759 129 218
615 190 740
804 190 788
759 190 449
713 190 263
713 413 893
759 413 863
804 413 647
615 413 250
804 767 686
713 767 51
426 713 892
436 713 919
431 713 1123
426 615 1025
477 615 820
436 615 600
426 759 831
477 759 1233
431 759 328
436 804 1012
426 804 1241
431 804 476
224 477 205
264 477 866
448 477 452
472 477 1124
258 431 582
224 431 439
448 431 246
258 436 680
448 436 680
264 436 676
472 436 627
224 436 439
258 426 582
448 426 520
224 426 439
472 426 309
409 258 1143
418 258 836
443 258 615
429 258 502
409 224 1087
418 224 870
443 224 617
429 264 1071
443 264 1045
409 264 982
418 264 836
443 448 22
409 472 739
418 472 722
443 472 1
287 409 1081
268 409 1006
199 409 557
299 409 526
267 409 183
268 418 993
267 418 615
199 418 557
299 418 526
268 429 1006
267 429 615
199 429 557
299 429 526
268 443 1006
199 443 557
299 443 526
287 443 440
267 443 359
214 199 333
214 299 387
152 214 1300
134 214 1226
200 214 1217
