102
803 50 1283
803 460 1216
144 460 1146
33 460 1246
803 538 1123
144 538 1123
33 538 864
803 540 942
144 540 880
33 540 710
803 640 1216
144 640 1100
33 640 1245
803 670 1109
144 670 1104
33 670 1038
803 692 1147
144 692 1128
33 692 676
33 987 738
733 803 1277
338 803 1260
713 803 9
338 144 1084
733 144 792
713 144 612
338 33 716
733 33 1227
713 33 1145
517 615 1146
510 615 932
426 615 740
426 713 595
431 713 1102
510 713 151
517 733 1291
431 733 125
517 338 1275
431 338 1020
510 338 993
426 338 257
224 510 616
75 510 1263
245 510 228
259 510 48
75 517 148
224 517 630
86 517 1287
259 517 591
224 431 580
75 431 370
86 431 224
224 426 580
245 426 287
86 426 224
409 259 1135
418 259 917
429 259 786
443 259 786
408 259 533
418 86 397
409 86 147
409 224 1009
418 224 917
443 224 493
408 224 211
429 264 1038
443 264 982
418 264 862
409 264 862
418 75 249
443 75 288
429 75 11
409 245 1132
418 245 917
408 245 314
443 245 229
287 409 1011
268 409 868
199 409 826
208 409 528
268 418 868
199 418 826
267 418 448
208 418 290
268 429 868
199 429 826
208 429 528
267 429 448
208 408 931
268 408 868
199 408 826
287 408 475
267 408 448
268 443 868
199 443 826
287 443 517
208 443 324
214 208 1095
214 369 666
152 214 1300
200 214 1088
