218
728 465 1089
1 465 700
805 465 1089
763 465 756
293 465 756
728 466 1233
1 466 391
805 466 1230
763 466 429
293 466 147
728 491 1117
1 491 395
805 491 1117
763 491 585
293 491 694
728 503 1219
1 503 125
805 503 1219
763 503 446
293 503 933
728 525 907
1 525 342
805 525 585
763 525 540
293 525 585
728 528 968
1 528 342
805 528 441
763 528 494
293 528 564
728 540 511
1 540 285
805 540 285
763 540 415
293 540 344
728 582 1140
1 582 261
805 582 1140
763 582 494
293 582 305
728 618 302
1 618 211
805 618 999
763 618 494
293 618 933
728 625 822
1 625 378
805 625 999
763 625 540
293 625 933
728 667 965
1 667 260
805 667 390
763 667 540
293 667 463
728 700 1091
1 700 261
805 700 234
763 700 585
293 700 708
728 972 1102
1 972 832
293 972 904
727 728 1259
412 728 109
771 728 1
771 1 755
787 1 1220
604 1 40
412 805 180
727 805 1229
428 805 22
787 805 1
412 763 301
428 763 1215
771 763 1147
604 763 91
787 763 6
727 763 1
727 293 1214
604 293 470
787 293 457
428 293 354
412 293 279
771 293 251
217 787 1161
347 771 155
177 604 849
347 604 632
246 604 411
463 604 346
217 604 174
246 412 1169
177 412 641
347 412 486
48 412 439
463 412 382
217 412 162
48 727 1300
246 727 109
177 727 6
217 727 40
463 428 1019
347 428 457
246 428 404
217 428 390
48 428 190
177 428 142
403 246 594
77 246 539
216 246 497
375 48 781
415 48 3
403 177 473
216 177 277
375 217 723
403 217 411
216 217 277
77 217 235
375 347 467
403 347 462
77 347 439
216 347 410
375 463 1298
414 463 1289
390 463 969
77 463 786
216 463 530
415 463 523
403 463 146
402 375 1159
398 375 581
416 375 477
436 375 477
402 77 435
416 403 1172
398 403 714
402 403 489
436 403 489
408 403 365
175 403 298
408 216 1182
175 216 1018
416 216 769
436 216 726
402 216 496
398 216 303
416 390 1172
402 390 1156
408 390 365
398 390 365
175 390 184
402 415 971
436 415 971
398 415 971
416 415 932
408 415 622
175 415 184
402 414 1135
436 414 1021
398 414 999
416 414 741
408 414 365
175 414 298
255 175 890
233 175 890
310 175 804
208 175 637
298 175 495
140 175 440
140 402 1300
208 402 1300
298 402 662
255 402 340
310 402 216
233 402 207
255 398 1065
140 398 963
208 398 864
233 398 556
310 398 241
208 408 1082
140 408 909
255 408 732
298 408 662
233 408 620
310 408 412
140 436 1126
208 436 1126
233 436 1017
255 436 846
298 436 662
310 436 216
233 416 1032
140 416 963
208 416 361
298 416 222
310 416 222
255 416 198
238 140 1113
214 208 1100
388 208 843
340 208 443
330 208 443
214 255 537
340 233 788
330 233 788
379 233 604
379 310 600
214 310 557
379 298 604
134 330 845
134 379 1144
152 214 1300
134 214 1162
134 340 876
134 388 1144
152 238 1300
