108
437 458 588
748 458 1199
228 458 588
488 458 1043
437 511 592
748 511 1238
228 511 341
488 511 1043
437 597 357
748 597 589
228 597 866
488 597 1043
437 598 222
748 598 1112
228 598 368
488 598 1043
437 820 1146
748 820 1145
228 820 1220
437 830 426
748 830 1145
228 830 697
488 830 719
437 834 933
748 834 1145
488 834 719
712 437 1272
295 437 1196
420 437 758
541 437 386
541 748 71
712 748 1268
420 748 9
420 228 670
712 228 1276
712 488 1272
420 488 1146
295 488 501
541 488 386
521 541 1222
316 541 1032
520 541 777
221 541 464
520 712 1278
316 712 792
221 712 586
420 712 129
521 295 1222
520 295 1052
316 295 1032
221 295 648
521 420 1224
316 420 1221
221 420 1044
520 420 915
52 316 1267
168 316 901
286 316 170
286 420 597
415 420 569
168 420 406
414 420 338
52 420 276
52 221 1263
168 221 651
286 221 340
168 521 112
52 520 16
121 52 1288
121 168 1226
402 168 234
121 286 1226
398 286 218
402 286 218
436 286 218
402 414 1125
398 414 1085
436 414 1063
408 414 409
408 415 1059
436 415 938
398 415 938
402 415 831
140 402 1300
208 402 1298
262 402 563
208 408 1101
140 408 1083
262 408 563
140 398 868
262 398 660
208 398 474
260 121 969
282 121 491
140 121 27
140 436 880
208 436 880
262 436 615
238 140 1139
214 208 1057
372 262 696
152 282 603
372 260 590
152 372 1288
76 152 1278
152 214 1300
76 214 670
152 238 1300
