167
1 40 878
811 40 1034
650 40 499
1 536 314
713 536 777
732 536 889
811 536 1024
650 536 570
1 616 314
713 616 707
732 616 843
811 616 843
650 616 280
1 630 448
713 630 543
732 630 889
811 630 1125
650 630 570
1 799 597
713 799 1202
732 799 589
650 799 881
1 842 600
713 842 1157
732 842 589
811 842 295
650 842 734
1 864 1039
713 864 161
732 864 501
811 864 178
650 864 876
1 875 1039
713 875 161
732 875 188
811 875 945
650 875 910
1 888 365
713 888 161
732 888 792
811 888 1023
650 888 863
732 259 489
811 259 1043
36 1 1233
787 1 1233
787 713 434
36 713 8
763 713 17
6 713 2
6 732 754
36 732 382
708 732 123
787 811 83
36 811 271
708 811 29
787 650 1180
763 650 1129
36 650 878
6 650 629
708 650 377
501 6 1227
403 787 1165
270 787 26
446 36 936
403 36 1199
501 36 795
270 708 949
501 708 926
431 708 135
403 763 557
446 763 114
501 763 180
216 403 918
415 403 872
375 403 506
172 403 483
181 403 348
414 403 247
216 446 918
375 446 449
414 446 449
172 446 384
415 431 1106
172 431 577
375 431 506
216 431 414
414 431 209
264 270 687
375 270 455
181 270 287
216 501 298
264 501 162
181 501 32
418 181 769
429 264 1003
443 264 932
418 264 769
207 264 670
436 375 792
443 375 683
429 375 683
418 375 361
408 216 1117
207 216 981
436 216 797
443 216 657
429 216 657
418 216 410
418 172 406
436 414 1171
443 414 886
429 414 787
418 414 616
408 414 366
408 415 1164
436 415 855
443 415 744
418 415 616
429 415 474
298 418 749
267 418 377
208 418 374
310 418 374
208 429 506
298 429 496
267 429 377
310 429 190
208 408 898
298 408 749
310 408 402
267 408 377
208 443 501
298 436 749
208 436 382
267 436 377
310 207 762
264 207 762
208 207 498
298 207 465
214 208 1119
389 264 1177
348 264 1123
352 264 646
214 310 749
343 310 741
349 310 729
352 310 601
348 310 333
389 310 296
389 298 662
343 298 321
389 267 1075
348 267 1075
352 267 524
69 343 1100
101 343 1010
69 389 1100
134 389 655
101 349 1294
69 349 1042
134 349 904
134 214 1246
101 352 1030
69 352 729
101 348 1115
69 348 1100
