125
803 50 1254
144 50 1
803 504 884
713 504 1021
144 504 912
33 504 806
803 516 1180
713 516 1180
144 516 912
33 516 648
803 520 292
713 520 1021
144 520 912
33 520 955
803 538 809
713 538 1021
144 538 912
33 538 809
803 640 1245
713 640 1230
144 640 912
33 640 1124
803 670 1257
713 670 1230
144 670 901
33 670 956
803 692 1252
713 692 1230
144 692 901
33 692 460
803 882 916
713 882 870
144 882 845
33 882 979
338 803 1215
733 803 1258
713 803 31
713 713 496
615 713 215
713 144 966
338 144 982
733 144 564
338 33 561
713 33 1235
733 33 1199
615 33 6
517 615 1058
510 615 903
426 615 712
431 615 109
517 733 1284
431 733 174
426 713 516
431 713 1107
510 713 139
517 338 1246
431 338 1031
510 338 991
426 338 259
224 510 548
75 510 1262
245 510 155
224 517 600
86 517 1285
75 517 129
224 431 567
172 431 521
75 431 521
86 431 223
224 426 567
172 426 362
245 426 362
86 426 223
418 86 376
409 86 88
409 224 947
418 224 891
443 224 384
408 224 284
429 264 940
443 264 825
409 264 804
418 264 804
408 264 228
443 75 218
418 75 238
429 75 11
409 172 612
418 172 534
443 172 241
429 172 241
409 245 1047
418 245 891
436 245 608
408 245 323
443 245 238
268 409 889
199 409 839
208 409 425
268 418 889
199 418 839
267 418 457
208 418 332
268 429 889
199 429 839
267 429 457
208 429 425
268 408 889
208 408 851
199 408 839
267 408 457
268 443 889
199 443 839
208 443 389
267 443 205
268 436 881
199 436 839
267 436 457
208 436 265
349 199 331
214 208 1078
134 214 1218
200 214 1058
134 349 815
134 379 1221
