199
665 316 378
804 316 1
757 316 10
665 391 503
0 391 588
804 391 545
762 391 257
757 391 967
739 391 188
665 452 503
0 452 318
804 452 545
762 452 780
757 452 937
739 452 441
665 480 503
804 480 683
762 480 466
757 480 967
739 480 704
665 525 503
0 525 222
804 525 545
762 525 257
757 525 967
739 525 823
665 582 503
0 582 300
804 582 401
762 582 574
757 582 1085
739 582 607
665 621 515
0 621 141
804 621 537
762 621 169
757 621 1199
739 621 333
665 659 441
0 659 306
804 659 749
762 659 323
757 659 1252
739 659 282
665 681 430
0 681 316
804 681 633
762 681 421
757 681 1218
739 681 421
665 692 430
0 692 405
804 692 813
762 692 756
757 692 975
739 692 267
665 760 433
0 760 130
804 760 251
762 760 320
757 760 1229
739 760 268
665 765 483
0 765 222
804 765 281
762 765 373
757 765 842
739 765 942
665 867 330
0 867 330
804 867 331
762 867 639
757 867 742
739 867 880
823 665 1013
831 665 501
585 665 110
823 0 604
400 0 1077
541 0 1149
220 804 705
823 804 1
400 804 4
400 762 815
585 762 407
823 762 5
220 757 708
400 757 974
541 757 746
823 757 768
831 757 93
220 739 746
541 739 778
585 739 32
499 823 83
486 823 1
499 400 837
431 400 677
428 400 417
384 400 265
486 400 183
431 541 1009
428 541 827
384 541 349
486 541 183
499 831 1065
431 831 92
384 831 1
486 220 744
499 220 1014
384 220 28
431 585 919
428 585 528
384 585 492
499 585 457
415 428 1006
414 428 1006
471 428 838
409 428 631
407 428 614
219 428 454
390 428 250
471 486 434
219 486 1014
409 486 372
409 499 604
219 499 113
471 384 604
409 384 289
407 431 1180
415 431 957
471 431 838
409 431 790
219 431 234
408 409 1076
416 409 1063
418 409 606
436 409 527
398 409 196
418 471 191
416 219 663
436 219 604
398 219 603
408 219 388
418 219 260
408 407 1110
416 407 807
418 407 606
436 407 527
398 407 258
416 390 1242
418 390 606
398 390 487
408 390 382
436 415 958
398 415 958
408 415 956
416 415 730
418 415 606
436 414 1147
398 414 1142
416 414 831
418 414 606
408 414 382
140 408 1231
208 408 1022
199 408 660
267 408 471
140 416 849
208 416 256
267 416 253
140 418 964
199 418 660
267 418 471
208 418 469
140 436 746
208 436 746
199 436 582
267 436 471
140 398 849
199 398 552
208 398 469
267 398 202
238 140 1155
168 140 120
152 199 624
168 208 1173
214 208 978
368 267 586
168 264 419
152 168 1300
200 168 1093
76 152 1252
152 368 993
152 214 1300
200 214 1093
76 214 582
152 238 1300
200 238 1093
