200
25 122 97
760 122 4
33 122 439
25 395 322
87 395 701
0 395 395
190 395 435
760 395 884
33 395 667
25 416 482
87 416 366
0 416 848
190 416 482
760 416 884
33 416 667
25 540 612
87 540 336
0 540 480
190 540 609
760 540 609
33 540 620
25 591 798
0 591 329
190 591 157
760 591 884
33 591 667
25 631 571
87 631 192
0 631 548
190 631 571
760 631 884
33 631 667
25 762 532
87 762 463
0 762 306
190 762 532
760 762 884
33 762 667
25 776 1112
87 776 624
0 776 791
190 776 789
760 776 377
33 776 470
25 834 1045
87 834 370
0 834 686
190 834 247
760 834 377
33 834 470
25 839 1045
87 839 475
0 839 686
190 839 266
760 839 484
33 839 470
25 848 1112
87 848 624
0 848 686
190 848 789
760 848 377
33 848 470
25 854 570
87 854 943
0 854 791
190 854 368
760 854 465
25 886 1045
87 886 943
0 886 686
190 886 273
760 886 483
33 886 470
760 313 479
713 25 685
804 25 565
816 25 202
816 87 813
713 87 208
713 0 902
816 0 2
734 190 934
713 190 327
804 190 533
759 190 328
759 760 723
614 760 425
804 760 5
816 33 737
713 33 1083
426 713 657
431 713 1195
426 816 160
477 816 342
166 816 1188
241 816 10
426 759 506
477 759 1018
431 759 445
166 759 408
431 734 33
426 734 63
477 734 9
241 614 985
431 614 746
166 614 238
477 614 156
241 804 819
426 804 1106
431 804 528
472 166 791
407 166 505
264 166 374
225 166 374
219 166 327
264 477 596
472 477 935
219 477 203
407 431 1220
415 431 1116
219 431 264
472 241 791
407 241 658
225 241 510
264 241 434
219 241 327
407 426 1220
415 426 475
219 426 372
225 426 347
472 426 175
429 264 921
443 264 866
418 264 673
439 264 341
408 264 267
418 472 820
443 219 737
429 219 727
418 219 528
439 219 493
408 219 422
439 407 1246
408 407 1183
418 407 782
429 407 595
443 407 595
418 225 527
443 225 521
429 225 513
408 225 268
408 415 1056
418 415 782
443 415 768
429 415 437
439 415 294
443 414 828
418 414 782
439 414 732
429 414 725
408 414 463
199 418 641
268 418 614
267 418 517
307 418 422
208 418 335
199 429 641
268 429 614
267 429 517
307 429 444
208 429 444
208 408 959
199 408 641
268 408 614
267 408 517
199 443 641
268 443 614
307 443 452
208 443 395
267 443 244
199 439 641
268 439 614
267 439 517
208 439 335
370 199 1054
323 199 697
374 208 369
368 307 1248
323 264 673
323 268 697
370 268 287
323 267 870
368 267 606
370 267 582
101 323 1154
101 370 1234
101 355 1061
101 368 919
101 374 901
101 349 1286
