180
1 116 384
101 116 154
1 160 9
713 160 325
391 160 1137
101 160 5
1 192 1063
713 192 847
1 385 581
713 385 274
647 385 264
391 385 558
101 385 822
1 508 378
713 508 560
391 508 558
101 508 1131
1 609 676
713 609 508
647 609 362
391 609 558
101 609 1131
1 643 387
713 643 241
647 643 159
391 643 558
101 643 822
1 649 387
713 649 653
647 649 251
391 649 314
101 649 822
1 692 253
713 692 852
647 692 315
391 692 413
101 692 945
1 799 965
713 799 1142
647 799 408
391 799 383
101 799 805
1 898 7
713 898 91
101 898 7
713 225 931
101 225 656
101 9 17
36 1 1230
759 1 1043
765 1 8
36 713 28
759 647 960
36 647 869
735 647 111
765 647 111
765 391 998
735 391 785
759 391 773
36 391 513
759 101 794
765 101 958
735 101 165
403 36 1165
446 36 1010
477 36 6
477 759 1160
477 765 12
225 765 18
477 735 1044
446 735 26
472 225 836
264 225 748
224 225 576
414 225 424
216 225 385
216 446 892
414 446 660
472 446 475
224 446 441
415 403 949
216 403 880
472 403 535
224 403 248
414 403 199
264 403 183
472 477 1015
264 477 843
224 477 209
216 477 82
409 224 857
418 224 820
443 224 456
175 224 241
429 264 988
443 264 935
418 264 749
409 264 749
175 264 452
175 216 1055
429 216 988
443 216 935
436 216 790
418 216 527
409 216 302
409 472 497
418 472 698
175 472 3
436 415 846
443 415 723
418 415 700
429 415 566
436 414 1177
443 414 912
429 414 835
418 414 700
175 414 220
268 409 690
199 409 643
208 409 586
201 409 340
310 409 165
268 418 690
199 418 643
208 418 361
201 418 355
310 418 355
267 418 306
310 175 946
267 175 564
208 175 469
199 175 452
268 175 326
201 175 245
268 429 690
199 429 643
208 429 586
201 429 340
267 429 306
310 429 206
268 443 690
199 443 643
208 443 380
201 443 340
268 436 690
199 436 643
208 436 397
201 436 340
267 436 306
370 199 1030
389 199 567
352 199 542
214 199 395
349 199 395
214 208 1123
389 268 545
352 268 521
370 268 402
352 201 588
214 201 533
389 201 518
370 201 402
214 310 758
352 310 572
343 310 572
349 310 572
389 267 857
370 267 665
352 267 542
101 370 1220
69 343 1084
101 343 967
69 389 1084
69 355 1299
101 355 1080
152 214 1300
101 214 514
101 352 1032
101 349 1281
69 349 1038
