173
605 338 501
709 338 1178
796 338 457
605 410 257
709 410 358
796 410 1106
33 410 1221
605 455 325
709 455 1233
796 455 450
33 455 1238
605 468 459
709 468 459
796 468 920
33 468 671
605 473 452
709 473 1233
796 473 958
33 473 1169
605 659 234
709 659 1096
796 659 1140
33 659 1096
605 724 390
709 724 358
796 724 982
33 724 792
605 760 335
709 760 1105
796 760 1013
33 760 1221
605 799 574
709 799 1147
796 799 355
33 799 646
605 815 467
709 815 1147
796 815 442
33 815 1102
605 839 586
709 839 1147
796 839 330
33 839 959
605 846 574
709 846 1147
796 846 673
33 846 674
738 605 1042
585 605 977
759 605 732
814 605 615
823 605 428
585 709 123
814 709 99
759 709 578
738 709 31
823 709 15
585 796 313
814 796 623
823 796 477
759 796 827
585 33 252
814 33 1260
188 823 1
188 814 1172
431 814 4
486 759 886
431 759 318
188 759 34
428 759 13
486 738 42
431 585 768
428 585 735
403 585 608
446 585 415
219 403 1015
415 403 919
375 403 691
216 403 659
414 403 536
219 446 1015
375 446 808
414 446 808
216 446 659
412 446 317
219 486 1134
412 486 115
415 428 1009
414 428 963
219 428 598
412 428 438
216 428 358
390 428 240
375 428 205
415 431 1009
375 431 691
216 431 377
412 431 317
219 431 222
219 188 704
216 188 380
390 188 223
412 188 175
436 375 622
398 375 565
418 375 404
439 375 358
408 375 202
439 219 830
436 219 601
398 219 543
408 219 453
418 219 404
408 216 1201
436 216 891
418 216 394
398 216 320
436 412 1143
398 412 1143
408 412 794
418 412 689
439 412 608
418 390 689
398 390 541
408 390 416
439 390 245
408 415 970
436 415 953
398 415 953
418 415 689
439 415 245
436 414 1187
398 414 1152
439 414 954
418 414 689
408 414 416
140 418 887
208 418 433
307 418 417
267 418 399
303 418 310
140 398 880
208 398 429
307 398 417
303 398 310
140 408 1200
208 408 1049
267 408 399
208 436 633
140 436 633
307 436 417
267 436 399
303 436 310
140 439 1104
208 439 433
267 439 399
303 439 197
214 208 928
238 140 1149
368 307 1186
152 307 999
386 303 1023
152 303 1015
386 267 1197
368 267 593
76 152 1288
101 415 952
101 368 934
76 386 1216
76 214 806
101 214 508
101 238 613
76 238 572
