160
803 40 5
1 40 1000
650 40 498
803 508 933
1 508 419
129 508 785
650 508 257
803 516 663
1 516 330
129 516 922
650 516 252
803 520 733
1 520 531
129 520 495
650 520 613
803 553 1183
1 553 419
129 553 790
650 553 257
803 568 1180
1 568 531
129 568 922
650 568 613
803 643 1189
1 643 531
129 643 519
650 643 613
803 692 1201
1 692 247
129 692 922
650 692 252
803 755 1224
1 755 265
129 755 790
650 755 478
803 799 968
1 799 572
129 799 866
650 799 833
803 864 968
1 864 1074
129 864 514
650 864 833
1 28 412
650 28 911
759 803 37
759 1 1094
36 1 1243
787 1 1216
759 129 478
36 129 487
787 129 4
787 650 1148
36 650 910
759 650 404
735 650 255
403 787 1139
477 759 1201
446 36 951
403 36 1179
477 36 48
477 735 1107
517 735 101
446 735 20
216 403 826
18 403 666
472 403 645
414 403 269
264 403 226
224 403 203
216 446 848
472 446 606
414 446 579
224 446 396
18 446 263
224 517 448
472 517 145
264 477 848
472 477 1060
18 477 538
224 477 135
216 477 72
418 224 887
409 224 847
443 224 458
429 264 1013
443 264 921
418 264 738
409 264 738
418 472 796
409 472 556
443 472 1
409 18 471
418 18 444
429 216 1013
443 216 921
418 216 607
409 216 281
443 414 902
429 414 865
418 414 790
268 409 904
199 409 652
208 409 462
201 409 404
310 409 148
369 409 126
268 418 904
199 418 652
201 418 458
208 418 458
310 418 409
268 429 904
199 429 652
208 429 462
201 429 404
310 429 203
268 443 904
199 443 652
201 443 404
208 443 386
268 434 904
208 434 772
199 434 652
201 434 478
310 434 409
214 208 1099
362 208 405
352 208 287
370 199 1103
413 199 1068
362 199 999
352 199 525
214 199 439
349 199 418
413 268 1174
362 268 767
352 268 607
370 268 409
362 201 1179
413 201 1174
352 201 540
214 201 455
370 201 409
214 310 770
352 310 606
349 310 597
362 310 405
413 369 1054
214 369 768
352 369 607
362 369 585
101 370 1242
101 362 906
101 352 1040
101 349 1292
69 349 1041
200 214 1181
101 413 998
69 413 585
