188
18 259 726
40 259 311
211 259 850
18 428 387
344 428 510
705 428 1025
40 428 132
426 428 771
211 428 844
18 579 902
344 579 361
705 579 954
40 579 620
426 579 572
211 579 540
18 630 651
344 630 361
705 630 1056
40 630 620
426 630 168
211 630 651
18 667 707
344 667 410
705 667 707
40 667 455
426 667 410
211 667 689
18 795 1021
344 795 690
40 795 803
211 795 805
18 888 554
344 888 114
705 888 196
40 888 696
211 888 994
18 996 1123
705 996 18
426 996 428
211 996 240
18 1002 954
344 1002 335
40 1002 164
426 1002 265
344 41 8
344 54 6
40 54 16
211 54 403
344 231 40
211 231 76
708 18 828
609 18 369
6 18 835
632 18 258
763 344 1107
708 344 828
609 344 608
6 344 518
632 344 254
763 705 1232
632 40 584
708 40 1093
6 40 484
763 426 1060
6 426 708
632 426 659
609 426 631
708 426 622
708 211 1145
6 211 132
763 211 77
461 6 855
501 6 1238
419 6 214
270 708 991
501 708 828
461 708 376
419 708 9
308 609 1114
419 609 884
270 609 721
308 632 1114
501 632 873
270 632 721
419 632 500
461 632 472
308 763 250
461 763 949
501 763 94
336 419 942
18 419 528
412 419 467
172 419 396
375 419 332
181 419 328
18 308 653
375 308 530
181 308 463
412 308 310
336 308 299
336 461 545
18 461 528
412 461 467
415 461 243
412 501 230
336 501 1038
181 501 51
18 501 99
18 270 658
375 270 530
336 270 486
181 270 347
412 270 232
409 181 1088
443 336 873
429 336 853
408 336 589
422 336 365
436 375 692
443 375 661
429 375 661
409 375 425
409 18 353
422 18 5
409 172 617
422 172 256
436 412 944
408 412 845
422 412 592
443 412 377
429 412 370
408 415 1151
422 415 863
443 415 805
436 415 737
429 415 522
436 414 1198
443 414 923
429 414 815
422 414 592
408 414 357
268 409 721
208 409 515
402 409 427
208 422 915
268 422 437
208 408 956
402 408 734
268 408 721
267 408 471
268 429 721
208 429 515
267 429 471
402 429 202
268 443 721
208 443 482
268 436 673
267 436 471
208 436 416
214 402 1053
379 402 755
349 402 440
343 402 405
214 208 1149
352 247 719
214 247 273
323 268 813
352 268 476
348 264 1155
323 264 730
352 264 689
379 264 285
348 267 1026
323 267 730
352 267 606
379 267 285
101 323 1179
69 343 1059
101 343 999
134 214 1245
101 352 1086
69 352 673
101 349 1296
69 349 1014
134 349 841
101 348 1122
69 348 1059
134 379 1234
