121
803 467 1271
713 467 1237
26 467 959
33 467 959
803 516 1172
713 516 1172
26 516 914
33 516 623
803 520 334
713 520 1045
26 520 483
33 520 943
803 557 1274
713 557 1237
26 557 1219
33 557 1091
803 640 1237
713 640 1237
26 640 1209
33 640 1091
803 670 1250
713 670 1237
26 670 1070
33 670 1070
803 692 1255
713 692 1237
26 692 914
33 692 565
733 803 1265
713 803 39
759 803 1
713 713 607
615 713 150
713 26 1257
615 26 732
713 33 1251
733 33 1199
431 713 1131
426 713 534
510 713 118
517 733 1275
431 733 221
517 615 1070
510 615 1024
426 615 779
431 615 113
431 759 416
426 759 540
510 759 113
75 510 1267
245 510 168
224 510 517
86 517 1285
224 517 560
75 517 118
224 431 532
75 431 497
86 431 213
224 426 532
245 426 431
86 426 213
418 86 459
409 86 106
409 224 934
418 224 924
443 224 436
408 224 327
429 264 938
443 264 897
418 264 792
409 264 792
408 264 313
418 75 303
443 75 232
429 75 18
409 245 1082
418 245 924
408 245 383
443 245 260
268 409 879
199 409 865
208 409 376
268 418 879
199 418 865
267 418 498
208 418 340
268 429 879
199 429 865
267 429 498
208 429 376
268 408 879
199 408 865
208 408 772
267 408 498
268 443 879
199 443 865
208 443 288
267 443 237
370 199 1097
323 199 685
352 199 589
349 199 381
214 208 979
323 268 685
352 268 405
370 268 333
323 264 758
352 264 684
370 264 333
370 267 830
323 267 758
352 267 589
101 323 1163
101 370 1224
76 370 789
101 343 978
200 214 1047
76 214 653
101 352 1097
76 152 1255
101 349 1282
