129
44 122 1195
44 453 668
81 453 560
762 453 1229
85 453 397
44 599 1128
81 599 1102
762 599 1128
85 599 926
44 643 1097
81 643 507
762 643 990
85 643 910
44 721 1119
81 721 1102
762 721 1119
85 721 1071
44 782 670
81 782 1044
762 782 1108
85 782 381
44 879 677
81 879 1061
762 879 972
85 879 356
81 101 617
762 101 1294
81 237 3
762 237 1293
85 116 940
608 44 54
734 44 135
36 81 882
338 81 37
759 81 6
759 762 953
36 762 1104
734 762 400
608 85 1084
759 85 110
139 734 397
428 734 444
477 734 139
446 36 1017
477 36 76
477 759 1167
428 759 14
477 608 1004
446 608 910
428 608 827
139 608 296
139 338 1250
477 338 749
428 338 425
446 338 221
471 446 892
216 446 815
414 446 811
267 446 677
472 446 575
471 428 1113
414 428 1037
264 428 677
267 428 348
472 428 348
216 428 339
472 477 1069
264 477 599
216 477 95
471 139 942
216 139 527
472 139 488
264 139 488
267 139 248
429 264 918
443 264 907
172 264 781
418 264 603
408 264 220
418 471 282
172 471 55
443 471 127
436 267 734
418 267 727
172 267 342
408 267 330
408 216 1030
443 216 826
429 216 826
436 216 817
418 216 560
172 216 404
418 472 677
443 472 1
436 414 1168
443 414 863
429 414 749
418 414 658
172 414 451
408 414 302
227 418 696
267 418 461
201 418 383
223 418 272
223 172 944
267 172 757
227 172 491
201 172 447
227 429 858
267 429 461
201 429 383
223 429 265
267 408 461
201 408 427
223 408 272
227 408 211
223 443 871
227 443 858
201 443 383
267 436 461
201 436 383
227 436 339
223 436 265
378 201 584
378 267 374
378 223 327
378 227 359
184 152 730
152 378 1285
