114
803 192 1107
791 192 1004
803 504 425
791 504 1174
227 504 1174
106 504 866
803 533 303
791 533 1083
227 533 1026
106 533 1026
803 571 686
791 571 1113
227 571 1113
106 571 272
803 585 575
791 585 1089
227 585 891
106 585 1044
803 692 400
791 692 1274
227 692 1220
106 692 593
803 755 1127
791 755 622
227 755 378
106 755 415
803 789 610
791 789 706
227 789 885
106 789 623
803 878 610
791 878 706
227 878 756
106 878 814
803 880 770
791 880 770
227 880 945
106 880 945
803 886 1089
791 886 964
227 886 992
106 886 1016
791 150 810
227 150 1016
106 150 847
791 291 1280
227 291 306
791 377 649
227 377 1142
106 377 376
734 803 987
338 803 1291
713 803 75
713 791 1069
338 227 1046
804 227 462
338 106 958
804 106 1157
713 106 1043
734 106 71
426 713 946
431 713 1105
488 713 2
426 734 273
517 734 909
431 734 24
431 804 588
426 804 1225
517 338 1274
431 338 999
488 338 649
426 338 246
121 488 1219
224 488 64
86 488 4
86 517 1294
224 517 476
224 431 346
86 431 178
121 431 160
224 426 346
414 426 223
121 426 198
418 86 337
418 224 915
443 224 416
408 224 304
429 264 970
443 264 918
418 264 818
408 264 304
418 121 469
408 121 4
436 414 1220
443 414 899
429 414 851
418 414 774
408 414 394
268 418 864
220 418 642
267 418 568
220 429 1028
268 429 864
267 429 562
220 408 982
268 408 864
267 408 568
268 443 864
220 443 818
267 443 315
268 436 830
267 436 568
220 436 529
134 349 827
