216
713 225 925
77 225 223
190 225 1
360 225 559
713 291 775
386 291 189
77 291 428
190 291 124
360 291 77
713 493 380
386 493 300
77 493 277
190 493 650
360 493 474
33 493 573
713 513 613
386 513 608
77 513 289
190 513 559
360 513 474
33 513 674
713 520 236
77 520 505
190 520 902
360 520 282
33 520 492
713 540 335
386 540 253
77 540 248
190 540 550
360 540 482
33 540 567
713 585 715
386 585 186
77 585 495
190 585 495
360 585 482
33 585 559
713 656 556
77 656 643
190 656 585
360 656 365
33 656 496
713 659 388
386 659 608
77 659 277
190 659 824
360 659 482
33 659 576
713 670 867
386 670 608
77 670 411
190 670 559
360 670 417
33 670 576
713 730 337
386 730 199
77 730 371
190 730 672
360 730 337
33 730 492
713 785 263
77 785 954
190 785 972
360 785 447
33 785 135
713 855 237
386 855 655
77 855 558
190 855 972
360 855 144
33 855 587
713 882 877
386 882 398
77 882 353
190 882 269
360 882 507
33 882 493
386 242 784
190 242 26
33 242 550
386 789 243
77 789 558
190 789 972
360 789 190
33 789 243
77 54 295
190 54 622
33 54 567
713 713 560
615 713 179
763 386 839
713 386 720
759 386 398
804 386 392
615 386 151
804 77 1124
615 77 368
713 77 39
804 190 584
615 190 830
759 190 235
713 190 514
763 190 4
713 360 831
763 360 708
615 360 520
759 360 503
804 360 342
713 33 1209
615 33 28
418 713 460
43 713 1004
426 713 737
431 713 1081
436 713 871
43 615 1148
426 615 874
436 615 542
418 615 498
426 759 730
431 759 340
43 763 876
436 763 295
418 763 479
418 804 477
426 804 1185
431 804 477
436 804 953
472 43 669
448 43 750
224 43 320
264 43 7
448 418 678
472 418 424
224 418 301
415 431 1104
224 431 301
448 431 220
414 431 180
415 426 450
448 426 445
224 426 301
472 426 248
414 436 1030
264 436 678
448 436 605
472 436 424
415 436 396
224 436 301
409 224 962
418 224 754
443 224 459
408 224 258
429 264 955
443 264 942
409 264 812
418 264 754
443 448 22
409 472 563
418 472 642
408 415 1118
443 415 809
418 415 635
429 415 549
443 414 909
429 414 786
418 414 635
408 414 388
268 409 875
307 409 776
199 409 629
299 409 405
267 409 143
268 418 875
199 418 629
267 418 509
299 418 405
307 418 373
268 429 875
307 429 720
199 429 629
267 429 509
299 429 405
268 408 875
199 408 629
267 408 509
299 408 405
268 443 875
199 443 629
299 443 405
307 443 373
267 443 271
370 199 1092
323 199 819
352 199 543
323 307 287
352 299 870
370 299 727
379 299 584
323 268 819
352 268 420
370 268 360
323 267 743
370 267 719
352 267 543
379 267 280
101 323 1166
101 370 1247
69 343 1070
101 343 1005
101 349 1294
69 349 986
134 349 866
101 352 1106
134 379 1222
