215
791 3 571
745 3 998
106 3 200
791 291 1053
745 291 976
190 291 77
391 291 3
791 416 623
745 416 916
190 416 711
106 416 916
65 416 353
791 520 359
745 520 542
190 520 711
106 520 714
391 520 240
65 520 440
791 533 578
745 533 824
190 533 468
106 533 824
391 533 657
65 533 996
791 540 477
745 540 349
190 540 711
106 540 714
391 540 413
65 540 354
791 545 591
745 545 619
190 545 711
106 545 714
391 545 439
65 545 130
791 574 497
745 574 1112
190 574 711
106 574 714
391 574 171
65 574 201
791 576 747
745 576 610
190 576 682
106 576 610
391 576 577
65 576 577
791 585 591
745 585 849
190 585 407
106 585 718
65 585 322
791 670 269
745 670 1035
190 670 711
106 670 714
391 670 442
791 730 585
745 730 726
190 730 711
106 730 714
391 730 231
65 730 329
791 787 157
745 787 842
190 787 598
106 787 494
65 787 638
791 789 291
745 789 458
190 789 878
106 789 494
391 789 311
65 789 785
791 880 183
745 880 396
190 880 598
106 880 934
391 880 128
65 880 311
745 854 387
190 854 364
106 854 952
391 854 311
65 854 202
190 54 456
65 54 451
713 791 1184
713 745 1004
734 745 471
734 190 1212
713 190 606
804 190 685
338 106 776
804 106 1125
713 106 1110
734 106 154
713 391 1097
734 391 1015
804 391 354
338 391 308
804 65 814
713 65 34
431 713 1136
426 713 777
428 713 79
428 734 438
225 734 1111
383 734 1263
426 734 156
431 734 46
431 804 593
426 804 1146
225 804 15
383 338 1040
431 338 1000
225 338 590
428 338 384
426 338 141
219 225 737
264 225 638
172 225 516
224 225 515
407 225 490
414 225 326
407 383 659
224 383 486
219 383 365
172 383 223
415 428 1040
414 428 959
407 428 729
172 428 699
264 428 622
219 428 389
224 428 283
407 431 1236
415 431 1089
172 431 413
224 431 264
219 431 239
414 431 210
407 426 1236
172 426 434
415 426 397
219 426 389
224 426 264
414 426 224
418 224 905
443 224 341
408 224 303
429 264 869
443 264 846
418 264 769
408 264 303
443 219 702
429 219 701
418 219 539
436 219 531
408 219 470
408 407 1172
418 407 739
429 407 564
443 407 564
436 407 441
418 172 492
429 172 301
436 414 1205
443 414 805
418 414 739
429 414 697
408 414 456
408 415 1169
436 415 938
418 415 739
443 415 731
429 415 437
268 418 724
199 418 691
267 418 541
208 418 344
268 429 724
199 429 691
267 429 541
208 429 486
208 408 917
268 408 724
199 408 691
267 408 541
268 443 724
199 443 691
208 443 411
267 443 298
268 436 724
199 436 691
267 436 541
208 436 344
396 199 827
214 199 356
396 247 960
368 247 784
214 208 1052
396 268 469
396 264 905
368 264 259
396 267 960
368 267 577
134 368 1298
152 368 947
152 214 1300
134 214 1177
200 214 1004
134 396 1298
152 396 755
