124
803 540 721
791 540 1084
227 540 896
106 540 618
803 571 934
791 571 751
227 571 645
106 571 183
803 601 1144
791 601 1142
227 601 522
106 601 779
803 789 610
791 789 318
227 789 931
106 789 513
803 801 610
791 801 318
227 801 531
106 801 728
803 816 673
791 816 318
227 816 892
106 816 892
803 878 610
791 878 318
227 878 531
106 878 871
791 150 476
227 150 1005
106 150 793
791 291 1286
227 291 405
791 370 1173
227 370 714
791 899 447
734 803 974
338 803 1285
713 803 31
713 791 1022
804 227 356
338 227 1020
338 106 974
713 106 932
804 106 1072
734 106 77
426 713 922
431 713 1168
428 713 41
517 734 928
426 734 226
428 734 286
431 734 8
431 804 614
426 804 1202
517 338 1280
431 338 1067
426 338 252
428 338 250
86 517 1297
224 517 375
415 428 1052
414 428 1052
264 428 732
224 428 305
86 428 150
415 431 1128
224 431 277
414 431 194
415 426 390
224 426 277
414 426 234
418 86 364
418 224 981
443 224 394
408 224 310
443 264 890
429 264 887
418 264 730
408 264 289
418 121 520
408 121 3
436 414 1227
443 414 859
418 414 804
429 414 749
408 414 397
408 415 1164
436 415 941
418 415 804
443 415 731
429 415 440
268 418 923
199 418 775
220 418 603
267 418 530
220 429 1104
268 429 923
199 429 775
267 429 530
220 408 1033
268 408 923
199 408 775
267 408 530
268 443 923
220 443 809
199 443 775
267 443 286
268 436 834
199 436 775
267 436 530
220 436 498
396 247 960
368 247 759
396 199 825
396 220 889
396 268 505
396 264 896
396 267 960
368 267 565
134 368 1300
152 368 966
134 396 1300
152 396 821
