124
1 101 623
762 101 1293
101 101 164
1 116 354
101 116 27
1 582 480
44 582 931
762 582 1018
101 582 596
1 643 453
44 643 931
762 643 1188
101 643 596
1 821 1002
44 821 1039
762 821 1182
101 821 504
1 839 1002
44 839 1039
762 839 1182
101 839 504
1 857 1002
44 857 1039
762 857 1182
101 857 504
762 11 1233
101 11 215
36 1 1227
759 1 1066
734 44 219
734 762 423
759 762 1047
36 762 1161
309 101 970
759 101 1002
477 734 164
428 734 630
477 36 107
403 36 1158
446 36 1078
477 759 1204
428 759 33
446 309 1004
477 309 997
403 309 765
428 309 528
216 403 852
472 403 705
172 403 527
414 403 335
264 403 277
216 446 869
414 446 752
472 446 705
172 446 403
414 428 1055
264 428 732
172 428 732
216 428 471
472 428 382
264 477 639
472 477 1155
216 477 123
429 264 921
443 264 876
418 264 678
409 264 678
175 264 458
390 264 306
418 472 769
409 472 492
175 472 9
443 472 1
175 216 1019
429 216 863
443 216 863
418 216 641
390 216 638
409 216 277
390 172 715
409 172 600
418 172 445
429 172 391
443 172 340
175 172 228
443 414 859
429 414 809
418 414 745
390 414 423
175 414 254
268 409 756
201 409 368
310 409 176
310 175 872
381 175 667
267 175 570
268 175 362
201 175 238
268 418 756
267 418 397
381 418 373
310 418 373
201 418 373
268 429 756
267 429 397
201 429 368
381 429 309
268 443 756
201 443 368
310 443 190
268 390 218
352 268 405
370 268 295
352 201 406
349 310 394
352 310 394
370 267 494
352 267 362
349 381 285
101 370 1171
184 152 668
101 374 930
101 352 1118
101 349 1287
