145
709 122 17
665 122 352
33 122 1018
709 410 404
665 410 379
796 410 1140
33 410 1238
709 470 681
665 470 440
796 470 1207
33 470 681
709 473 833
665 473 440
796 473 1008
33 473 1114
709 624 974
665 624 440
796 624 691
33 624 1262
709 760 916
665 760 446
796 760 942
33 760 1238
709 769 1010
665 769 787
796 769 750
33 769 507
709 839 1082
665 839 787
796 839 275
33 839 864
709 867 960
665 867 787
796 867 1024
33 867 287
709 868 543
665 868 374
796 868 1024
33 868 1140
796 972 1252
33 972 452
759 709 709
585 709 43
738 709 13
814 709 91
823 709 16
823 665 1103
759 665 696
689 665 696
738 665 396
759 796 906
823 796 408
814 796 632
585 796 189
689 796 147
814 33 1257
585 33 152
486 823 1
486 759 920
166 759 396
188 759 31
166 814 717
488 814 526
188 814 1226
463 689 1114
166 689 669
418 689 570
488 689 479
486 738 76
166 738 22
418 585 801
166 585 669
488 585 336
219 418 1074
375 418 709
245 418 279
245 488 342
219 486 1184
245 486 41
375 166 507
219 166 441
414 166 297
219 188 786
390 188 194
375 188 166
375 463 1300
414 463 1293
390 463 939
415 463 608
436 375 546
398 375 505
439 375 376
418 375 342
439 219 712
436 219 542
398 219 495
418 219 342
422 390 954
418 390 653
398 390 468
439 390 198
422 415 954
398 415 872
436 415 872
418 415 653
439 415 198
418 245 840
436 245 801
398 245 801
439 245 255
436 414 1156
398 414 1126
439 414 862
422 414 699
418 414 653
208 422 1097
140 422 1097
307 422 242
140 418 963
208 418 601
267 418 398
307 418 242
140 398 890
208 398 551
307 398 242
208 436 642
140 436 642
267 436 398
307 436 242
140 439 1162
208 439 601
267 439 398
238 140 1148
214 208 1078
152 307 812
386 267 1129
378 267 290
214 223 1078
386 223 397
76 152 1283
152 378 1293
76 386 1188
152 214 1300
76 214 625
152 238 1300
