125
44 122 1138
384 122 561
44 407 552
384 407 152
513 407 936
44 432 780
384 432 623
513 432 742
81 432 781
44 448 744
384 448 492
513 448 787
81 448 744
44 555 1162
384 555 294
513 555 1035
81 555 1162
44 564 983
384 564 156
513 564 922
81 564 983
44 624 1268
384 624 323
513 624 494
81 624 1177
44 852 608
384 852 361
513 852 1116
81 852 1068
44 892 1124
384 892 393
513 892 1116
81 892 172
384 186 892
513 186 932
513 237 442
818 44 724
763 44 613
689 44 46
818 384 1004
689 384 789
810 384 670
763 384 578
818 513 752
810 513 743
763 513 578
689 513 291
8 513 234
810 81 440
689 81 7
305 810 1071
428 689 1092
477 689 1068
446 689 967
305 689 381
446 818 715
477 818 1257
305 818 3
446 763 338
403 763 304
477 8 1184
471 403 951
391 403 710
414 403 308
471 446 976
391 446 710
414 446 636
414 428 1204
471 428 1037
264 428 816
225 428 613
391 477 427
264 477 811
264 305 798
391 305 798
471 305 746
225 305 354
429 264 1111
443 264 1047
172 264 975
418 264 878
418 471 335
172 471 149
443 471 95
443 391 959
418 391 768
429 391 635
172 391 358
172 225 1074
429 225 818
443 225 764
418 225 567
443 414 1007
429 414 974
418 414 850
172 414 673
201 418 639
244 418 583
223 418 444
208 418 406
232 418 220
232 172 1132
223 172 1075
244 172 948
201 172 417
244 429 996
201 429 639
232 429 563
208 429 422
223 429 378
223 443 1005
201 443 639
244 443 583
208 443 338
214 208 1066
378 208 245
378 244 1210
378 201 768
214 201 487
214 223 1066
378 223 441
152 378 1281
152 214 1299
200 214 1086
84 214 737
