155
774 74 1202
795 74 840
774 428 772
751 428 1242
761 428 968
795 428 755
774 470 1045
751 470 553
761 470 907
795 470 907
774 475 1057
751 475 1220
761 475 968
795 475 638
774 503 917
751 503 712
761 503 712
795 503 968
774 562 553
751 562 894
761 562 894
795 562 614
774 610 1129
751 610 1228
761 610 968
795 610 871
774 658 859
751 658 1160
761 658 968
795 658 782
774 678 971
751 678 694
761 678 936
795 678 871
774 711 717
751 711 1208
761 711 968
795 711 717
774 801 900
751 801 937
761 801 932
795 801 722
737 774 1105
779 774 1136
168 774 16
168 751 1170
737 751 3
168 761 253
779 761 135
779 795 408
597 795 10
737 795 131
168 795 21
475 597 1038
466 597 1029
189 597 937
386 597 252
461 597 157
475 816 1253
139 816 92
189 816 191
461 816 74
386 737 422
466 737 780
475 737 841
139 779 445
466 779 758
475 779 57
475 703 1112
466 703 1029
189 703 937
461 703 403
386 703 252
475 168 1270
461 168 224
466 168 23
409 386 516
403 386 442
391 386 240
409 475 310
391 475 274
403 475 316
40 475 334
391 466 524
409 466 854
390 461 745
409 461 689
40 461 596
391 461 487
403 461 214
409 189 574
391 189 222
40 189 189
409 139 413
403 139 383
40 139 364
408 40 538
436 40 294
398 40 96
289 40 163
416 40 6
416 403 1184
398 403 1042
289 403 812
408 403 425
436 403 384
416 409 1173
408 409 1120
289 409 812
436 409 525
398 409 120
416 391 888
408 391 623
436 391 525
416 390 1259
398 390 707
408 390 425
289 390 127
436 414 1196
398 414 1185
416 414 913
289 414 812
408 414 425
374 436 1097
255 436 1097
233 436 951
140 436 685
267 436 388
374 398 1223
255 398 1127
233 398 751
140 398 545
267 398 207
374 408 935
140 408 922
255 408 780
233 408 634
267 408 388
374 416 1165
233 416 951
140 416 545
255 416 286
267 416 207
264 289 386
233 289 334
255 289 282
368 233 744
379 233 505
368 374 803
368 264 370
379 264 327
368 267 601
379 267 327
134 368 1287
134 379 1202
