104
723 315 1101
814 315 10
51 315 563
92 315 962
723 464 1143
814 464 1143
51 464 343
92 464 275
723 557 1253
814 557 1044
51 557 932
92 557 472
723 563 1150
814 563 1150
51 563 588
723 579 1093
814 579 1044
51 579 865
92 579 580
723 625 1160
814 625 1160
51 625 442
92 625 189
723 667 1131
814 667 1131
51 667 932
92 667 133
723 763 1194
814 763 1194
51 763 932
92 763 170
168 723 958
777 723 121
168 814 20
698 51 644
168 51 1158
777 51 1271
719 51 710
168 92 551
777 92 1210
192 719 533
394 719 562
177 698 1164
394 698 668
192 698 203
25 777 1005
394 777 1215
177 777 311
192 777 6
394 168 1092
25 168 1265
212 25 773
168 25 545
23 25 1287
168 177 975
23 177 590
212 177 401
212 394 955
168 394 791
23 394 378
168 192 975
212 192 899
23 192 207
150 212 990
26 212 367
398 212 181
436 212 181
150 168 1163
26 168 970
26 23 1284
416 390 1247
402 390 1158
398 390 284
436 390 91
402 414 1056
398 414 1040
436 414 1035
416 414 841
26 414 389
239 150 117
440 150 34
140 402 1300
208 402 1295
440 402 507
140 398 761
440 398 729
239 398 729
424 398 603
208 398 595
168 26 11
239 26 3
208 436 974
140 436 974
424 436 296
440 436 296
239 436 296
140 416 761
239 416 624
440 416 624
424 416 603
208 416 379
238 140 1148
152 238 1300
200 238 1053
