104
723 391 1228
252 391 251
250 391 521
759 391 521
723 487 1198
252 487 740
250 487 514
759 487 740
723 488 1228
252 488 449
250 488 712
759 488 522
723 525 1198
252 525 967
250 525 878
759 525 434
723 557 1215
252 557 1180
250 557 851
759 557 726
723 563 1198
252 563 977
250 563 735
759 563 808
723 575 1219
252 575 875
250 575 191
759 575 732
723 592 1218
252 592 1004
250 592 814
759 592 1111
723 713 1223
252 713 1180
250 713 814
759 713 880
723 763 1192
252 763 831
250 763 814
759 763 1128
723 903 54
250 903 1162
759 903 23
179 723 610
823 723 106
179 252 1167
669 250 278
813 250 1222
179 250 1143
823 250 6
813 759 368
177 669 1126
229 669 1089
44 669 638
63 669 404
378 669 399
229 823 29
378 725 1088
378 179 333
44 179 549
177 179 140
63 813 67
59 63 95
403 229 918
59 229 455
403 177 918
59 177 655
37 44 1279
59 44 1009
403 378 747
59 378 495
37 378 492
416 403 1235
412 403 1225
398 403 771
436 403 519
416 390 1235
412 390 1225
398 390 400
398 414 1038
436 414 1023
416 414 925
412 414 461
208 436 1068
140 436 1068
298 436 791
267 436 246
239 436 179
140 398 803
208 398 690
239 398 539
140 416 803
208 416 582
239 416 389
140 412 1220
298 412 791
208 412 302
267 412 246
239 412 207
238 140 1196
152 295 546
200 152 607
152 238 1300
200 238 1226
