240
791 17 1
190 17 107
822 17 862
739 17 552
6 17 729
791 291 1217
190 291 109
822 291 168
739 291 278
6 291 647
791 493 997
665 493 345
190 493 711
822 493 332
739 493 629
6 493 435
791 511 1163
665 511 356
190 511 711
822 511 244
739 511 284
6 511 841
791 540 853
665 540 186
190 540 588
822 540 719
739 540 568
6 540 429
791 585 853
665 585 389
190 585 476
822 585 826
739 585 550
6 585 429
791 600 926
665 600 292
190 600 711
822 600 928
739 600 391
6 600 391
791 616 1015
665 616 662
190 616 604
822 616 920
739 616 590
6 616 556
791 620 985
665 620 470
190 620 711
822 620 371
739 620 319
6 620 385
791 635 493
665 635 345
190 635 476
822 635 280
739 635 420
6 635 556
791 659 1172
665 659 200
190 659 711
822 659 407
739 659 195
6 659 895
791 754 1141
665 754 295
190 754 711
822 754 608
739 754 508
6 754 792
791 776 650
665 776 353
190 776 853
822 776 784
739 776 942
6 776 409
791 785 381
665 785 254
190 785 853
822 785 784
739 785 942
6 785 507
791 789 650
665 789 124
190 789 853
822 789 784
739 789 942
6 789 409
220 791 1025
713 791 976
268 791 836
804 665 449
268 665 434
713 665 333
615 665 327
220 665 219
597 665 191
713 190 475
268 190 269
804 190 418
615 190 702
220 190 153
713 822 419
220 822 933
597 822 74
615 822 100
220 739 704
268 739 134
597 739 9
713 6 857
268 6 767
220 6 442
804 6 110
615 6 3
436 713 816
426 713 642
431 713 1134
428 713 100
488 713 5
428 597 1111
431 597 577
436 597 369
426 597 162
488 615 892
426 615 739
436 615 446
428 615 411
431 615 157
488 220 1232
426 220 21
488 268 983
431 268 944
426 268 710
436 268 271
431 804 567
436 804 842
426 804 1090
245 488 318
472 488 614
172 488 51
448 488 322
415 428 1050
414 428 1026
172 428 738
264 428 646
448 428 273
245 428 264
472 428 210
415 431 1050
172 431 520
414 431 182
448 431 169
415 426 427
172 426 367
448 426 316
245 426 264
414 436 1033
264 436 712
415 436 463
448 436 439
472 436 416
429 264 840
443 264 797
418 264 698
439 264 282
418 472 701
443 448 12
418 172 435
439 172 342
436 414 1188
439 414 771
443 414 752
418 414 670
429 414 666
408 414 393
408 415 1143
436 415 871
418 415 670
443 415 667
429 415 417
439 415 232
418 245 849
436 245 794
408 245 397
439 245 282
268 418 823
220 418 594
267 418 533
307 418 391
208 418 354
220 429 954
268 429 823
307 429 734
267 429 533
208 429 493
208 408 929
220 408 858
268 408 823
267 408 533
268 443 823
220 443 801
208 443 478
307 443 391
267 443 258
268 436 588
220 436 542
267 436 533
208 436 420
307 436 391
268 439 823
220 439 711
267 439 533
208 439 354
264 439 176
368 307 1209
349 307 248
214 208 1066
214 220 1066
352 220 494
323 220 345
323 268 777
352 268 317
323 264 673
352 264 494
323 267 731
370 267 606
368 267 533
352 267 440
101 323 1145
101 370 1236
101 343 1000
134 368 1297
101 368 869
101 355 1061
134 214 1205
200 214 1114
101 214 527
101 352 1092
101 349 1283
134 349 830
