140
154 417 685
707 417 888
47 417 961
106 417 414
154 425 459
707 425 888
47 425 1101
106 425 632
455 425 127
154 428 674
707 428 888
47 428 1101
106 428 414
154 432 413
707 432 888
47 432 1101
106 432 789
455 432 163
154 520 549
707 520 348
47 520 797
106 520 579
455 520 332
154 539 802
707 539 888
47 539 1101
106 539 451
154 580 549
707 580 888
47 580 1101
106 580 431
154 586 501
707 586 888
47 586 1101
106 586 290
154 618 769
707 618 888
47 618 1079
106 618 609
455 618 270
154 668 802
707 668 888
47 668 1099
106 668 224
455 668 262
154 730 802
707 730 888
47 730 1057
106 730 506
154 853 585
707 853 994
47 853 140
106 853 902
455 853 569
154 889 330
707 889 994
47 889 553
106 889 902
455 889 555
707 149 436
47 149 405
106 149 145
455 149 4
831 154 1007
792 707 804
675 707 123
775 707 72
792 47 839
831 47 983
775 47 11
775 106 1248
831 106 350
792 106 1
775 455 1135
792 455 728
675 455 727
831 455 720
344 792 1288
344 675 1272
303 675 667
241 675 291
344 831 1176
303 831 421
303 775 1151
241 775 796
426 775 115
415 403 784
460 403 701
414 403 349
264 403 313
460 344 1207
264 344 652
225 344 272
460 303 1207
225 303 1138
460 241 1135
225 241 518
264 241 494
415 426 539
225 426 525
460 426 213
443 264 1030
429 264 1025
418 264 773
409 264 773
409 460 508
418 460 394
443 460 7
443 225 656
429 225 624
418 225 408
416 390 1256
418 390 698
429 390 491
443 390 452
443 414 970
429 414 798
416 414 762
418 414 698
443 415 765
418 415 698
416 415 660
429 415 518
268 409 722
208 409 585
268 418 722
267 418 467
208 418 411
268 429 722
267 429 467
208 429 420
268 443 722
208 443 411
208 416 341
214 208 1073
348 264 1178
348 267 1005
152 214 1299
200 214 1199
152 348 1293
