162
803 40 8
1 40 1078
650 40 614
803 192 940
1 192 1138
713 192 1051
803 385 1217
1 385 905
713 385 1217
650 385 660
803 520 409
1 520 270
713 520 217
650 520 660
803 692 1169
1 692 394
713 692 1169
650 692 369
803 724 1259
1 724 181
713 724 1219
650 724 660
803 778 922
1 778 636
713 778 312
650 778 913
803 799 918
1 799 638
713 799 1176
650 799 913
803 823 1016
1 823 888
713 823 344
650 823 888
803 957 1
1 957 866
713 957 57
650 957 910
1 10 1008
713 10 83
650 10 169
733 803 1271
759 803 67
759 1 1053
787 1 1233
36 1 1244
787 713 548
36 713 29
787 650 1193
733 650 1054
36 650 998
759 650 308
431 733 179
403 787 1137
477 759 1126
431 759 470
446 36 815
403 36 1176
477 36 4
216 446 907
472 446 573
172 446 465
414 446 461
415 403 945
216 403 907
472 403 573
172 403 550
414 403 193
264 403 179
216 477 81
472 477 1055
264 477 820
415 431 1105
172 431 678
216 431 364
429 264 883
443 264 788
418 264 619
232 264 559
175 264 557
418 472 831
175 472 5
408 216 1122
175 216 1061
429 216 883
443 216 788
418 216 619
232 216 522
232 172 762
418 172 540
408 172 234
175 172 229
418 414 807
443 414 768
429 414 688
232 414 616
408 414 308
175 414 294
408 415 1152
418 415 807
443 415 633
232 415 616
429 415 413
264 175 1095
310 175 1049
199 175 576
268 175 543
267 175 530
208 175 439
268 418 851
199 418 737
208 418 432
310 418 432
267 418 350
268 429 851
199 429 737
208 429 412
267 429 350
310 429 303
310 232 890
264 232 789
199 232 606
268 232 543
208 408 860
268 408 851
199 408 737
310 408 590
267 408 350
268 443 851
199 443 737
208 443 412
310 443 320
214 208 1075
370 199 1055
389 199 621
352 199 490
214 199 342
349 199 342
343 199 322
389 268 609
352 268 365
370 268 284
214 310 766
352 310 522
349 310 522
343 310 522
389 310 363
370 310 284
389 264 1185
352 264 549
389 267 923
370 267 692
352 267 490
101 370 1270
101 343 1067
101 389 622
101 355 1093
134 214 1236
200 214 1162
101 352 1108
101 349 1290
134 349 827
