147
399 159 938
811 159 42
130 159 8
825 159 720
211 159 37
399 207 82
219 207 970
811 207 552
399 395 527
219 395 856
811 395 1000
130 395 755
825 395 710
211 395 786
399 428 527
219 428 905
811 428 859
130 428 755
825 428 1004
211 428 842
399 448 864
219 448 905
811 448 495
130 448 467
825 448 1065
211 448 235
399 474 527
219 474 905
130 474 467
825 474 1065
211 474 299
399 506 527
219 506 856
811 506 1000
130 506 334
825 506 756
211 506 509
399 620 527
219 620 905
811 620 406
130 620 296
825 620 1206
211 620 337
399 659 102
219 659 856
811 659 1000
130 659 755
825 659 1153
211 659 842
399 801 388
219 801 615
811 801 1045
130 801 994
825 801 724
399 816 191
219 816 615
811 816 763
130 816 126
825 816 724
211 816 578
794 399 530
809 399 527
819 399 514
831 399 413
809 219 1133
794 219 1067
819 219 1155
831 219 311
831 811 1
831 130 816
794 130 8
831 825 456
809 825 81
831 211 1033
809 211 647
819 211 642
461 794 1167
442 794 1074
401 794 797
168 794 38
442 809 955
461 809 1133
401 809 462
461 819 954
442 819 1022
401 819 374
442 831 836
168 831 434
401 831 26
471 442 1205
225 442 668
159 442 531
391 442 246
471 401 1264
391 401 924
159 401 531
471 168 1266
391 168 790
225 168 697
159 168 577
471 461 1168
391 461 924
159 461 303
172 159 1112
200 159 836
176 159 351
429 159 267
176 471 1165
172 471 154
200 471 96
443 471 15
443 391 1080
429 391 559
172 391 423
212 391 132
212 225 1239
172 225 1189
429 225 428
443 225 423
200 225 276
223 200 1034
232 200 761
201 200 624
244 200 476
232 172 1193
223 172 1175
244 172 744
201 172 476
244 429 1097
232 429 665
201 429 573
223 429 472
223 443 1142
244 443 692
201 443 573
223 212 964
244 212 964
232 212 923
201 212 355
223 176 986
232 176 761
244 176 512
201 176 355
378 244 1217
378 201 823
378 223 594
152 378 1285
