153
1 10 1023
713 10 196
647 10 55
650 10 266
1 21 1041
650 21 2
1 40 1073
650 40 665
1 192 1118
713 192 1142
1 493 393
713 493 616
647 493 232
650 493 769
1 506 457
713 506 1077
647 506 269
650 506 769
1 511 667
713 511 655
650 511 478
1 692 546
713 692 857
647 692 592
650 692 421
1 730 494
713 730 737
650 730 769
1 767 373
713 767 650
650 767 769
1 799 767
713 799 1246
647 799 509
650 799 767
1 833 1088
713 833 536
650 833 916
759 1 1001
787 1 1238
36 1 1241
787 713 622
713 713 280
36 713 58
713 647 1237
36 647 922
759 647 862
787 650 1188
713 650 1094
36 650 579
759 650 550
446 713 976
431 713 1144
428 713 74
403 713 2
403 787 1155
431 759 398
428 759 19
446 36 1029
403 36 1193
216 403 942
415 403 921
172 403 572
414 403 274
245 403 207
264 403 164
216 446 954
414 446 517
172 446 468
415 428 1089
414 428 1059
264 428 866
172 428 825
216 428 428
245 428 321
415 431 1089
172 431 673
216 431 428
245 431 225
414 431 188
429 264 876
443 264 855
418 264 730
175 264 562
175 216 1068
429 216 876
443 216 855
436 216 854
418 216 622
418 172 564
436 172 302
175 172 290
418 245 958
436 245 793
443 245 256
436 414 1208
443 414 823
418 414 811
429 414 727
175 414 324
436 415 938
418 415 811
443 415 710
429 415 434
175 415 146
264 175 1095
310 175 1051
267 175 508
268 175 442
208 175 436
307 175 319
268 418 847
307 418 430
310 418 397
208 418 397
267 418 305
268 429 847
307 429 655
208 429 482
267 429 305
310 429 288
268 443 847
307 443 430
208 443 381
310 443 294
268 436 778
307 436 370
208 436 320
267 436 305
310 436 288
214 208 1044
374 208 389
349 307 201
352 268 365
374 268 312
214 310 698
343 310 545
349 310 545
352 310 512
352 264 556
352 267 477
69 343 1045
101 343 1029
101 349 1289
69 349 1017
134 349 825
69 355 1299
101 355 1059
101 374 920
69 374 645
134 214 1221
101 352 1037
69 352 571
