122
44 9 321
85 9 782
44 447 762
770 447 1101
360 447 566
85 447 1219
44 523 1093
770 523 1256
360 523 120
85 523 1219
44 643 1070
770 643 701
360 643 977
85 643 1113
44 737 978
770 737 701
360 737 959
85 737 1219
44 821 1204
770 821 831
360 821 747
44 832 844
770 832 818
360 832 612
85 832 497
44 839 1073
770 839 831
360 839 372
85 839 522
770 116 1203
360 116 47
85 116 1106
735 44 18
735 770 6
338 360 1177
735 360 920
759 360 686
309 360 139
735 85 973
759 85 29
477 759 1158
139 735 144
477 735 1079
446 735 34
267 309 1019
139 309 958
446 309 835
477 309 820
139 338 1279
267 338 1263
477 338 685
446 338 373
216 446 818
472 446 514
224 446 410
18 446 241
472 267 764
225 267 655
224 267 585
264 267 584
216 267 418
18 477 529
472 477 1046
224 477 226
264 477 691
216 477 67
472 139 606
225 139 606
224 139 585
264 139 584
216 139 525
409 224 869
418 224 857
443 224 460
429 264 992
443 264 959
409 264 748
418 264 748
396 264 602
418 472 727
409 472 593
396 472 6
418 18 379
396 18 596
409 18 477
443 216 876
429 216 876
418 216 565
409 216 354
443 225 641
429 225 641
418 225 454
409 225 302
268 409 696
199 409 619
208 409 579
201 409 443
268 418 696
199 418 619
227 418 555
267 418 445
201 418 443
208 418 429
208 396 682
199 396 236
227 396 216
268 396 204
227 429 1032
268 429 696
199 429 619
208 429 535
267 429 445
201 429 443
227 443 709
268 443 696
199 443 619
201 443 443
208 443 408
214 199 460
214 208 1119
214 201 496
84 214 808
