179
435 410 396
780 410 1120
190 410 761
33 410 1252
435 416 144
780 416 759
190 416 817
822 416 873
33 416 814
435 513 140
780 513 965
190 513 546
822 513 965
33 513 1285
435 540 172
780 540 525
190 540 516
822 540 1059
33 540 1129
435 576 185
780 576 697
190 576 546
822 576 930
33 576 930
435 592 471
780 592 1120
190 592 810
822 592 550
33 592 1243
435 730 425
780 730 712
190 730 565
822 730 610
33 730 712
435 785 235
780 785 270
190 785 932
822 785 848
33 785 445
435 867 413
780 867 363
190 867 932
822 867 848
33 867 636
780 789 645
190 789 932
822 789 848
33 789 429
814 435 789
804 435 640
713 435 579
597 435 569
615 435 551
713 780 1220
804 190 691
713 190 648
615 190 741
713 822 611
597 822 117
615 822 125
597 33 385
814 33 1259
713 33 1225
428 597 1124
418 597 556
431 597 518
417 597 330
426 597 242
426 713 757
431 713 1163
418 713 420
428 713 71
426 615 893
428 615 504
418 615 464
431 615 260
431 814 97
431 804 650
426 804 1163
418 804 431
415 417 1082
219 417 817
407 417 710
472 417 519
172 417 468
219 418 845
172 418 584
407 418 491
472 418 365
414 418 231
415 428 1082
414 428 1012
172 428 752
407 428 710
219 428 455
472 428 261
407 431 1255
415 431 1082
172 431 468
219 431 304
407 426 1255
172 426 483
415 426 472
219 426 455
472 426 229
414 426 218
418 472 822
443 472 1
443 219 693
429 219 687
436 219 590
418 219 562
408 219 520
408 407 1205
418 407 779
443 407 511
429 407 511
436 407 454
418 172 555
436 172 282
408 172 282
429 172 255
436 414 1220
443 414 820
418 414 779
429 414 751
408 414 459
408 415 1146
436 415 859
418 415 779
443 415 768
429 415 479
374 418 1209
199 418 763
267 418 534
307 418 505
303 418 275
208 418 247
199 429 763
267 429 534
307 429 505
208 429 451
374 429 389
303 429 275
374 408 1009
208 408 829
199 408 763
267 408 534
199 443 763
374 443 648
307 443 505
208 443 316
267 443 286
303 443 275
374 436 993
199 436 652
267 436 534
307 436 505
303 436 275
208 436 269
368 307 1237
396 307 1092
396 199 867
214 208 993
374 208 324
396 374 858
368 374 858
214 374 474
374 303 1032
396 303 959
396 267 961
368 267 607
379 267 297
69 355 1299
134 368 1300
69 374 595
134 214 1198
134 396 1300
134 379 1189
