113
218 447 1253
44 447 475
85 447 1165
218 737 1253
44 737 986
85 737 1165
218 785 276
44 785 929
218 809 1188
44 809 929
85 809 286
218 848 1264
44 848 929
85 848 460
218 876 116
44 876 929
85 876 287
44 9 371
85 9 818
44 338 274
44 382 1173
44 918 204
85 116 1127
734 218 1195
338 218 864
713 218 1001
804 44 622
734 44 259
713 44 248
804 85 794
426 713 741
431 713 1197
426 804 1154
139 804 430
431 804 612
426 734 137
477 734 34
139 734 340
431 734 26
139 338 1283
431 338 1085
477 338 674
18 477 612
472 477 1094
224 477 232
264 477 680
219 477 185
18 431 428
224 431 382
219 431 236
472 139 661
224 139 598
264 139 578
219 139 337
219 426 433
18 426 428
224 426 382
472 426 273
409 224 945
418 224 907
443 224 424
390 224 326
429 264 977
443 264 884
418 264 796
409 264 796
390 264 326
418 472 777
409 472 534
409 18 431
418 18 387
443 219 795
429 219 782
418 219 593
409 219 593
390 219 326
268 409 835
199 409 656
208 409 507
267 409 198
268 418 835
199 418 656
267 418 598
381 418 383
208 418 305
268 429 835
199 429 656
267 429 598
208 429 466
381 429 383
268 443 835
199 443 656
208 443 385
267 443 324
208 390 359
268 390 319
370 199 954
323 199 699
352 199 442
214 199 322
214 208 986
323 268 699
323 267 933
370 267 520
352 267 442
214 381 545
355 381 327
101 323 1126
101 343 1027
101 370 1219
101 355 1061
101 214 517
101 352 1133
