141
379 466 312
610 466 391
47 466 386
513 466 473
768 466 1095
379 493 208
610 493 332
47 493 523
513 493 358
768 493 1009
379 670 813
610 670 643
47 670 459
513 670 270
768 670 1009
379 753 561
610 753 332
47 753 384
513 753 720
768 753 953
379 782 821
610 782 775
47 782 181
513 782 978
768 782 423
379 858 712
610 858 775
47 858 211
513 858 978
768 858 423
379 859 821
610 859 622
47 859 373
513 859 622
610 54 804
47 54 53
768 54 530
610 225 870
47 225 188
513 225 67
768 225 628
513 17 132
721 379 984
713 379 918
738 379 784
698 379 657
585 379 640
713 610 1104
585 610 1083
738 610 866
698 610 599
721 610 492
585 47 8
713 513 756
721 513 698
738 513 576
585 513 573
698 513 451
738 768 522
713 768 31
585 768 40
431 713 1231
428 713 193
426 713 560
431 698 1256
428 698 1202
426 698 642
308 698 424
431 738 12
431 721 1160
431 585 1157
428 585 647
308 585 553
325 308 660
172 308 596
409 308 342
415 428 1177
414 428 1177
172 428 1015
325 428 941
409 428 708
390 428 314
415 431 1154
409 431 822
172 431 742
325 431 491
409 426 822
172 426 640
325 426 640
415 426 335
439 409 1263
396 409 1040
418 409 956
390 409 524
396 172 840
390 172 817
418 172 482
439 172 221
390 390 1055
396 390 1040
418 390 956
439 390 270
390 415 1055
396 415 1040
418 415 956
439 415 393
396 414 970
418 414 956
390 414 617
439 414 405
390 325 1100
396 325 1043
439 325 294
418 325 286
383 396 1031
208 396 424
303 396 342
220 418 695
383 418 661
303 418 587
267 418 491
208 418 331
220 390 1089
383 390 1031
303 390 587
208 390 212
220 439 735
383 439 662
267 439 491
303 439 342
208 439 331
214 208 1023
356 208 406
356 383 494
152 303 843
214 220 1023
76 152 1278
200 152 653
200 214 1181
76 214 723
76 356 1151
