115
751 395 1163
219 395 928
223 395 175
202 395 175
751 487 1029
219 487 974
223 487 650
751 607 1093
219 607 270
223 607 133
202 607 829
751 659 1237
219 659 823
223 659 493
751 691 987
219 691 245
223 691 943
202 691 583
751 785 679
219 785 903
223 785 290
202 785 593
751 787 1054
219 787 202
223 787 1024
202 787 489
751 801 468
219 801 903
223 801 278
202 801 367
751 813 1022
219 813 447
223 813 290
202 813 785
751 860 468
219 860 305
223 860 537
202 860 537
809 751 188
809 219 1146
714 219 45
777 219 5
809 223 1027
763 223 1
809 202 1274
461 809 1029
49 777 685
25 777 766
461 777 135
461 763 1118
450 763 625
418 763 511
49 763 30
49 714 1179
461 714 1143
450 714 339
25 714 492
470 418 1114
391 418 1031
78 418 578
246 418 559
78 49 1118
470 49 29
470 25 1235
78 25 279
391 25 764
246 25 115
391 450 1031
246 450 670
470 450 503
78 450 463
470 461 1169
391 461 1031
78 461 578
246 461 559
228 246 1067
408 78 173
228 78 13
228 470 324
408 391 642
436 391 575
265 228 957
267 228 597
324 228 582
407 228 475
208 228 353
265 398 997
324 398 586
208 398 358
267 398 273
265 408 997
208 408 741
324 408 600
267 408 523
407 408 134
208 436 624
324 436 586
267 436 523
265 436 200
462 208 337
363 208 304
368 265 1265
363 265 304
368 407 1085
462 267 867
370 267 867
368 267 643
352 267 609
363 267 504
168 363 962
168 370 1252
76 370 745
168 352 1252
152 368 852
168 462 1300
