195
665 402 543
47 402 936
0 402 351
442 402 670
33 402 1016
665 427 326
47 427 711
0 427 601
442 427 300
33 427 1127
665 446 593
47 446 1145
0 446 601
442 446 154
33 446 1030
665 494 361
47 494 978
0 494 458
442 494 376
33 494 1093
665 540 200
47 540 1040
0 540 601
442 540 846
33 540 1127
665 575 296
47 575 1048
0 575 601
442 575 846
33 575 950
665 757 326
47 757 978
0 757 601
33 757 1198
665 763 544
47 763 557
0 763 834
442 763 199
33 763 1060
665 808 630
47 808 613
0 808 268
442 808 189
665 824 630
47 824 613
0 824 623
442 824 151
33 824 623
665 839 630
47 839 428
0 839 792
442 839 423
33 839 912
665 854 630
47 854 274
0 854 903
442 854 274
33 854 170
591 665 352
814 665 146
713 665 139
609 47 521
591 47 217
814 47 4
713 0 1066
698 0 699
814 442 951
609 442 713
713 442 603
698 442 405
591 442 252
713 33 1125
814 33 1259
431 713 1199
344 713 284
428 713 28
431 698 1187
428 698 1057
241 698 922
308 698 328
344 698 186
241 814 892
344 814 2
431 814 45
344 591 1227
428 591 872
431 591 678
308 591 674
241 591 185
308 609 1102
241 609 922
344 609 907
431 609 824
172 308 576
460 308 526
407 308 476
40 308 468
460 344 972
40 344 915
172 344 609
407 344 313
415 428 1081
414 428 969
172 428 648
407 428 577
40 428 401
390 428 401
460 428 286
407 431 1192
415 431 1142
375 431 675
172 431 449
40 431 323
460 241 700
40 241 674
172 241 609
407 241 540
422 40 390
408 40 643
436 40 261
398 40 61
436 375 654
398 375 602
439 375 509
408 375 244
439 407 1255
408 407 1171
396 407 1144
422 407 677
436 407 425
398 407 246
396 172 884
422 172 446
439 172 396
422 390 931
396 390 912
398 390 506
408 390 461
439 390 219
408 415 951
422 415 931
396 415 912
436 415 776
398 415 776
439 415 308
436 414 1229
398 414 1209
396 414 794
439 414 708
422 414 673
408 414 461
422 460 2
208 396 731
253 396 242
307 396 242
303 396 242
208 422 943
307 422 487
303 422 343
208 408 992
267 408 380
307 398 487
303 398 361
253 398 361
208 398 313
307 436 487
208 436 438
267 436 380
303 436 343
208 439 453
267 439 380
214 208 1005
154 208 645
387 208 419
374 208 349
368 307 1223
387 307 713
152 307 674
374 253 1220
355 253 945
154 253 318
374 303 1060
152 303 693
154 303 454
368 267 667
154 267 454
76 152 1289
101 355 1047
101 387 874
101 415 994
101 368 925
101 374 921
76 214 694
101 214 594
76 154 604
