180
25 122 206
33 122 744
25 416 507
435 416 102
0 416 623
740 416 445
33 416 848
25 424 478
435 424 225
0 424 447
740 424 447
33 424 859
25 442 439
435 442 320
0 442 320
740 442 445
33 442 790
25 540 649
435 540 115
0 540 295
33 540 825
25 757 831
435 757 133
0 757 406
740 757 236
33 757 920
25 763 757
435 763 152
0 763 374
740 763 447
33 763 757
25 801 893
0 801 506
740 801 587
33 801 707
25 802 893
0 802 506
33 802 707
25 848 902
0 848 506
33 848 707
25 854 405
435 854 129
0 854 606
740 854 319
33 854 92
541 25 517
713 25 464
804 25 385
814 25 292
541 435 635
814 435 564
713 435 548
614 435 489
698 435 474
804 435 440
541 0 859
713 0 729
698 0 511
713 740 46
698 740 90
804 740 204
814 740 14
814 33 936
713 33 800
241 541 847
431 541 612
418 541 404
426 541 402
426 713 517
431 713 884
418 713 555
431 698 883
241 698 774
426 698 534
418 698 532
308 698 209
241 814 713
431 814 37
241 614 774
431 614 543
418 614 440
308 614 114
241 804 829
431 804 423
426 804 849
418 804 300
219 418 581
375 418 538
112 418 318
407 418 227
414 418 164
407 308 422
112 308 410
219 308 208
407 431 906
415 431 851
375 431 538
219 431 248
112 241 527
407 241 459
375 241 307
225 241 307
219 241 297
407 426 906
375 426 707
415 426 380
219 426 250
225 426 193
112 426 135
418 112 539
436 375 530
398 375 469
418 375 353
439 375 338
439 219 413
436 219 413
398 219 413
408 219 392
418 219 353
439 407 938
408 407 876
418 407 567
436 407 405
398 407 166
418 225 223
408 225 200
408 415 717
418 415 567
436 415 550
398 415 550
439 415 182
436 414 933
398 414 879
418 414 567
439 414 544
408 414 380
140 408 781
265 408 697
208 408 694
267 408 381
140 418 669
265 418 599
267 418 381
307 418 354
208 418 327
265 398 697
140 398 488
307 398 354
208 398 272
253 398 250
267 398 199
140 436 445
208 436 445
267 436 381
307 436 354
140 439 662
265 439 567
267 439 381
208 439 327
238 140 794
214 208 699
374 208 262
374 253 917
355 253 701
368 307 929
152 307 441
368 265 929
214 265 266
368 267 540
76 152 950
101 355 762
152 368 703
101 368 663
152 374 904
101 374 652
152 214 969
76 214 526
152 238 969
101 238 413
