145
248 122 287
101 122 174
33 122 884
248 439 382
740 439 1211
101 439 795
33 439 900
248 598 263
740 598 891
101 598 631
33 598 1057
248 611 511
740 611 891
101 611 657
33 611 1061
248 669 382
740 669 674
101 669 616
33 669 674
248 782 961
740 782 907
101 782 770
33 782 334
248 808 961
740 808 907
101 808 729
33 808 114
248 833 493
740 833 849
101 833 770
33 833 551
248 839 795
740 839 362
101 839 815
33 839 874
248 844 961
740 844 907
101 844 496
33 844 765
248 1000 173
740 1000 51
248 175 408
740 175 1157
101 175 907
248 237 12
101 237 728
740 152 75
33 152 617
804 248 971
615 248 478
765 248 888
759 248 20
804 740 432
814 740 9
759 101 514
804 101 1066
765 101 942
615 101 23
814 33 1219
615 33 1
426 615 800
418 615 664
477 615 495
428 615 444
477 759 1223
426 759 623
431 759 319
428 759 17
431 814 11
428 765 27
418 804 497
426 804 1233
431 804 422
258 418 1123
219 418 945
172 418 547
172 428 819
264 428 785
219 428 532
225 428 448
258 428 445
264 477 793
219 477 291
258 431 633
172 431 492
219 431 340
258 426 633
225 426 586
172 426 464
219 426 464
418 258 982
390 258 790
429 258 608
443 258 608
429 264 1087
443 264 1036
418 264 906
390 264 231
443 219 931
429 219 910
418 219 688
443 225 785
429 225 767
418 225 588
390 225 449
390 172 663
418 172 528
429 172 438
443 172 241
268 418 873
267 418 577
201 418 484
208 418 274
223 418 192
268 429 873
267 429 577
201 429 484
208 429 441
268 443 873
223 443 796
287 443 654
201 443 484
208 443 352
267 443 287
287 390 1140
223 390 435
208 390 352
268 390 192
214 208 1073
378 287 1191
415 287 796
378 268 939
214 201 604
378 201 457
368 267 612
378 267 414
214 223 1073
415 223 387
101 343 979
152 378 1277
101 415 979
152 368 1098
101 368 923
152 214 1300
200 214 1106
