114
437 64 623
228 64 155
748 64 1250
223 64 798
437 511 628
228 511 377
748 511 1247
223 511 1179
437 597 405
228 597 970
748 597 498
223 597 835
437 598 455
228 598 467
748 598 1076
223 598 779
437 820 1083
228 820 1053
748 820 1096
223 820 1233
437 830 531
228 830 777
748 830 1096
223 830 529
437 834 687
228 834 124
748 834 1096
223 834 850
712 437 1282
295 437 1106
809 437 1091
360 437 840
712 228 1297
809 228 1251
712 748 1268
809 748 3
360 223 1167
809 223 733
712 223 1278
316 809 1087
431 360 814
316 360 457
521 360 443
44 360 343
44 712 1277
316 712 696
420 712 134
521 295 1230
44 295 995
316 295 928
431 295 218
375 316 202
326 420 682
415 420 666
414 420 332
375 420 208
415 431 1049
375 431 812
414 431 332
326 431 220
326 521 770
402 326 500
402 375 1174
436 375 703
416 375 703
398 375 577
408 375 252
408 415 996
398 415 970
436 415 970
402 415 889
416 415 605
436 414 1075
398 414 1065
402 414 1038
416 414 759
408 414 389
140 402 1300
208 402 1299
265 402 937
267 402 252
208 408 1135
140 408 1007
265 408 937
267 408 252
265 416 937
239 416 900
140 416 866
208 416 309
265 398 937
239 398 900
140 398 866
208 398 572
208 436 960
140 436 960
239 436 553
267 436 252
238 140 1132
214 208 1070
309 208 242
157 208 242
214 265 555
157 239 911
252 239 780
309 239 687
252 267 379
157 260 682
252 260 682
139 157 879
139 252 935
139 309 1249
152 214 1300
152 238 1300
139 238 614
