152
780 410 1233
740 410 602
26 410 1149
33 410 1239
780 540 910
740 540 159
26 540 436
33 540 715
780 557 1251
740 557 535
26 557 1149
33 557 1239
780 598 1252
740 598 535
26 598 1149
33 598 1239
780 607 1245
740 607 602
26 607 290
33 607 1052
780 669 1252
740 669 535
26 669 913
33 669 993
780 691 1252
740 691 602
26 691 1149
33 691 1239
780 730 1116
740 730 535
26 730 1116
33 730 1116
780 738 1233
740 738 602
26 738 1149
33 738 1239
780 800 1063
740 800 782
26 800 1115
33 800 912
713 780 1248
249 780 1090
713 740 223
804 740 295
249 740 134
615 26 583
713 26 1274
249 26 1171
713 33 1267
63 615 981
426 615 811
510 615 780
428 615 380
431 615 220
426 713 747
431 713 1165
428 713 25
510 713 103
426 759 672
431 759 499
510 759 86
428 759 13
510 249 1279
63 249 1278
426 804 1159
431 804 615
510 804 1
75 510 1254
75 63 1255
172 63 13
415 428 1055
414 428 1012
172 428 731
264 428 711
75 428 653
219 428 447
415 431 1123
172 431 436
75 431 423
219 431 289
414 431 208
415 426 409
172 426 406
219 426 406
414 426 208
429 264 894
418 264 761
439 264 384
429 219 689
439 219 585
436 219 585
418 219 541
408 219 538
418 75 198
429 75 15
418 172 535
429 172 281
439 172 252
408 415 1181
436 415 880
418 415 829
429 415 434
439 415 298
436 414 1232
418 414 829
429 414 731
439 414 651
408 414 459
199 418 786
267 418 544
307 418 515
303 418 343
208 418 288
199 429 786
307 429 579
267 429 544
208 429 446
303 429 343
208 408 878
199 408 786
267 408 544
199 436 698
267 436 544
307 436 515
303 436 343
208 436 288
199 439 786
267 439 544
208 439 288
303 439 152
370 199 1115
396 199 870
152 199 484
214 208 1019
368 307 1235
396 307 1116
152 307 662
396 303 909
152 303 679
396 267 966
370 267 784
368 267 630
396 264 958
368 264 304
370 264 293
76 370 821
76 152 1268
152 368 909
152 214 1300
200 214 1050
76 214 624
152 396 802
