146
1 21 1040
1 140 965
1 192 1122
713 192 1013
1 237 890
713 237 502
101 237 775
1 385 619
713 385 708
650 385 791
101 385 834
1 508 512
713 508 987
650 508 366
101 508 606
1 730 501
713 730 540
650 730 791
101 730 952
1 799 1064
713 799 1156
650 799 878
101 799 738
1 1022 769
713 1022 1004
650 1022 1085
713 225 1036
101 225 558
759 1 962
36 1 1225
787 1 1224
787 713 380
615 713 96
36 713 15
763 713 1
787 650 1161
763 650 992
615 650 963
36 650 803
759 650 306
759 101 690
615 101 33
403 615 1059
446 615 852
477 615 747
431 615 135
403 787 1138
477 759 1186
431 759 478
446 36 1010
403 36 1166
477 36 5
403 763 687
446 763 418
216 403 907
415 403 837
172 403 626
414 403 242
264 403 174
216 446 907
172 446 517
414 446 510
264 477 841
216 477 118
415 431 1091
172 431 666
216 431 412
414 431 192
429 264 885
443 264 834
418 264 773
175 264 507
439 264 336
175 216 1070
429 216 885
443 216 834
418 216 657
418 172 576
429 172 335
175 172 235
418 415 857
443 415 728
429 415 479
439 415 354
418 414 857
443 414 819
429 414 737
439 414 496
175 414 266
310 175 1014
268 175 490
208 175 404
307 175 327
201 175 270
220 175 220
268 418 832
220 418 615
307 418 430
201 418 393
310 418 389
208 418 389
220 429 1099
268 429 832
307 429 643
208 429 446
201 429 393
310 429 283
268 443 832
220 443 822
307 443 443
201 443 393
208 443 338
310 443 282
268 439 832
220 439 636
201 439 393
310 439 283
208 439 234
214 208 1010
374 208 401
152 307 648
214 220 1010
389 220 693
352 220 547
370 220 361
389 268 636
352 268 547
370 268 361
374 268 277
389 201 581
214 201 533
352 201 406
370 201 361
214 310 628
349 310 579
352 310 491
389 310 333
370 310 333
101 370 1226
200 152 598
69 389 1105
101 374 983
200 214 1109
101 352 1069
101 349 1288
69 349 1007
