157
805 338 979
796 338 310
544 338 450
805 408 945
796 408 935
767 408 707
544 408 511
805 468 544
796 468 314
767 468 1197
544 468 323
805 476 1109
796 476 923
767 476 1172
544 476 323
805 491 1013
796 491 961
767 491 1197
544 491 511
805 582 1019
796 582 1019
767 582 532
544 582 511
805 591 933
796 591 933
767 591 499
544 591 511
805 625 1067
796 625 923
767 625 499
544 625 511
805 628 1065
796 628 963
767 628 1197
544 628 511
805 635 1109
796 635 923
767 635 484
544 635 292
805 695 1109
796 695 923
767 695 484
544 695 371
805 703 179
796 703 435
767 703 1197
544 703 470
805 737 931
796 737 931
767 737 1197
544 737 511
805 763 215
796 763 221
767 763 856
544 763 323
805 776 666
796 776 569
544 776 430
805 821 666
796 821 412
767 821 803
805 839 189
796 839 131
767 839 638
544 839 430
544 223 201
763 805 537
591 805 3
759 805 21
759 796 893
585 796 276
591 796 139
614 796 30
763 767 730
614 767 70
614 544 781
759 544 759
763 544 614
585 544 601
591 544 576
486 759 1108
477 759 971
431 759 241
384 614 737
431 614 528
486 614 457
477 614 296
431 591 742
477 591 676
139 591 337
139 763 998
431 585 967
384 585 737
477 585 676
139 585 337
472 486 456
219 486 927
18 486 732
472 477 1018
18 477 770
219 477 242
472 384 278
18 384 202
415 431 1014
18 431 424
219 431 368
219 139 247
18 139 184
418 472 662
418 18 256
436 219 581
398 219 581
408 219 421
418 219 408
439 219 285
418 390 625
408 390 451
398 390 382
439 390 149
408 415 995
436 415 913
398 415 913
418 415 625
439 415 219
436 414 1160
398 414 1138
439 414 778
418 414 625
408 414 451
199 418 614
267 418 516
324 418 453
381 418 265
199 398 602
324 398 453
267 398 247
199 408 614
267 408 516
381 408 473
324 408 472
199 436 614
267 436 516
324 436 453
381 436 242
199 439 614
267 439 516
324 439 453
381 439 242
359 199 705
368 267 543
379 267 344
368 381 333
379 324 344
134 359 1202
134 349 911
134 368 1295
134 379 1202
