121
791 150 218
33 150 790
791 222 300
811 222 1240
33 222 918
791 291 1046
791 504 709
803 504 913
811 504 820
33 504 820
791 540 576
803 540 686
811 540 908
33 540 908
791 559 457
803 559 898
811 559 1057
33 559 1057
791 800 328
803 800 328
811 800 942
33 800 826
791 801 176
803 801 233
811 801 1142
33 801 1016
791 886 339
803 886 960
811 886 1049
33 886 1016
791 987 444
33 987 626
713 791 1086
733 791 1
338 803 1288
733 803 1276
713 803 41
338 811 1140
615 811 275
733 811 272
713 811 5
713 33 1191
733 33 1237
338 33 836
517 733 1284
431 733 153
488 733 144
517 615 1093
488 615 1043
426 615 835
431 615 123
426 713 754
431 713 1139
488 713 5
517 338 1263
431 338 1031
488 338 591
426 338 143
448 488 345
224 488 81
86 488 7
86 517 1286
224 517 425
448 517 27
415 431 1079
224 431 371
414 431 188
415 426 415
224 426 371
448 426 362
418 86 347
418 224 908
443 224 401
408 224 274
429 264 933
443 264 843
418 264 792
408 264 274
443 448 9
408 415 1179
436 415 852
443 415 748
418 415 743
429 415 499
436 414 1224
443 414 825
429 414 764
418 414 743
408 414 429
199 418 847
268 418 805
267 418 525
307 418 376
208 418 285
199 429 847
268 429 805
307 429 587
267 429 525
208 429 475
208 408 882
199 408 847
268 408 805
267 408 525
199 443 847
268 443 805
307 443 396
208 443 374
267 443 239
199 436 828
268 436 805
267 436 525
307 436 376
208 436 295
152 199 373
214 208 1090
368 307 1258
152 307 517
368 267 589
184 152 697
152 368 918
152 214 1300
