109
748 395 1204
228 395 679
762 395 1272
391 395 630
748 453 1204
228 453 1098
762 453 1272
391 453 336
748 745 1204
228 745 672
762 745 1272
391 745 760
748 820 1029
228 820 1227
762 820 135
391 820 155
748 830 1029
228 830 901
762 830 711
391 830 659
748 834 1029
228 834 193
391 834 659
228 3 25
762 140 1210
819 748 442
712 748 1263
809 748 11
295 748 3
809 228 1260
712 228 1289
295 762 1162
819 762 237
809 391 1141
712 391 1002
819 391 820
295 391 788
221 809 1287
240 809 628
44 712 1280
221 712 1139
240 712 733
240 819 398
221 819 416
44 295 1105
240 295 929
221 295 809
471 221 844
471 446 844
375 446 711
414 446 711
391 446 514
471 240 844
391 240 290
402 375 1212
398 375 715
436 375 636
408 375 246
176 471 1232
402 391 1265
439 391 1192
408 391 506
436 391 463
408 415 1123
402 415 897
436 415 897
398 415 897
176 415 611
436 414 1090
398 414 1062
402 414 999
439 414 918
408 414 337
176 414 230
140 402 1300
208 402 1297
267 402 293
140 408 1254
208 408 1100
267 408 293
140 398 899
208 398 553
208 436 814
140 436 814
267 436 293
140 176 972
223 176 600
260 176 540
208 176 479
264 176 448
140 439 1228
208 439 553
267 439 293
238 140 1135
214 208 1003
378 264 728
368 267 609
378 260 589
214 223 1003
378 223 390
76 152 1274
101 355 985
152 368 1064
101 368 888
101 415 924
152 378 1288
152 214 1300
76 214 587
152 238 1300
