146
435 17 773
435 147 520
740 147 176
33 147 1234
435 513 278
709 513 671
780 513 862
740 513 757
33 513 1249
435 576 209
709 576 624
780 576 654
740 576 890
33 576 843
435 624 370
709 624 770
780 624 537
740 624 540
33 624 1184
435 757 146
709 757 1054
780 757 502
740 757 482
33 757 1242
435 824 788
780 824 183
740 824 644
33 824 582
435 833 771
709 833 880
780 833 127
740 833 711
33 833 447
435 839 788
709 839 292
780 839 134
740 839 218
33 839 1010
435 844 265
780 844 309
740 844 734
33 844 724
709 122 1
780 122 75
33 122 1187
33 54 1233
814 435 1140
713 435 622
804 435 606
620 435 463
615 435 306
804 709 532
814 709 412
713 780 1015
713 740 24
804 740 294
814 740 61
713 33 1025
814 33 1288
418 713 696
431 713 1108
426 713 633
418 620 860
233 620 777
426 620 306
431 620 274
241 620 218
241 615 1121
426 615 735
418 615 604
233 615 272
233 814 850
241 814 573
431 814 11
431 804 382
241 804 869
426 804 1136
418 804 481
219 418 786
414 418 265
415 431 1129
219 431 260
225 241 401
264 241 401
219 241 395
415 426 480
225 426 478
219 426 288
225 233 392
219 233 286
264 233 236
429 264 976
443 264 915
418 264 852
429 219 764
443 219 760
418 219 614
408 219 502
436 219 481
429 225 618
443 225 618
418 225 374
408 225 218
418 390 724
443 390 496
408 390 459
429 390 448
408 415 1099
436 415 841
443 415 813
418 415 724
429 415 527
436 414 1206
443 414 861
429 414 781
418 414 724
408 414 459
267 418 526
307 418 449
208 418 352
267 429 526
307 429 449
253 429 441
208 429 441
208 408 919
267 408 526
223 443 691
307 443 518
208 443 377
253 443 293
267 443 240
267 436 526
307 436 449
208 436 361
253 436 191
214 208 1039
355 253 932
368 307 1261
368 267 638
214 223 1039
415 223 473
101 415 922
101 355 1047
152 368 1038
101 368 896
152 214 1300
