122
803 449 1107
290 449 942
768 449 996
33 449 903
803 486 1202
290 486 245
768 486 778
33 486 992
803 520 990
290 520 947
768 520 1036
33 520 1051
803 540 991
290 540 399
768 540 732
33 540 603
803 545 705
290 545 658
768 545 658
33 545 992
803 649 491
768 649 857
33 649 769
803 692 1140
290 692 120
768 692 127
33 692 739
803 767 872
290 767 531
768 767 542
33 767 992
803 833 594
290 833 728
768 833 445
33 833 545
768 54 497
33 54 1130
734 803 816
733 803 1288
338 803 1285
759 803 15
733 290 1181
338 290 1067
734 290 685
759 290 216
338 768 562
733 33 1235
338 33 724
517 733 1294
431 733 114
477 759 1220
431 759 294
517 734 924
477 734 14
431 734 8
517 338 1273
431 338 1034
477 338 654
224 517 568
472 517 57
219 446 829
472 446 523
224 446 518
414 446 474
264 477 703
472 477 1068
224 477 306
219 477 169
245 477 194
224 431 518
219 431 297
409 224 993
418 224 951
443 224 515
408 224 240
429 264 985
443 264 950
418 264 892
409 264 892
408 264 240
429 219 850
443 219 813
409 219 738
418 219 738
408 219 336
409 472 635
418 472 821
409 245 1133
418 245 932
408 245 336
443 245 252
443 414 928
429 414 890
418 414 836
408 414 361
287 409 1105
268 409 877
199 409 852
268 418 877
199 418 852
227 418 727
267 418 453
227 429 914
268 429 877
199 429 852
267 429 453
287 429 266
268 408 877
199 408 852
287 408 464
267 408 453
227 408 161
227 443 913
268 443 877
199 443 852
287 443 568
267 443 182
152 199 413
378 287 1115
378 268 837
184 152 683
152 378 1287
