125
154 289 1
67 289 678
758 289 1059
154 425 482
67 425 208
106 425 929
758 425 1166
154 428 790
67 428 988
106 428 275
758 428 983
154 479 482
67 479 944
106 479 663
758 479 663
154 509 539
67 509 903
106 509 628
758 509 1166
154 551 459
67 551 630
106 551 628
758 551 429
154 616 435
67 616 821
106 616 628
758 616 1153
154 618 790
67 618 909
106 618 537
758 618 909
154 720 525
67 720 1000
106 720 927
758 720 927
154 853 627
67 853 506
106 853 589
758 853 286
154 859 542
67 859 507
106 859 636
758 859 1106
106 918 946
82 154 693
831 154 1120
763 67 1066
82 67 891
831 67 1244
792 67 1040
831 106 627
82 758 197
792 758 1021
831 758 1041
763 758 30
419 792 881
344 792 1285
270 82 942
344 82 303
303 82 633
419 82 53
344 831 1040
270 831 778
303 831 346
419 831 90
344 763 1159
460 419 751
391 419 326
264 419 239
460 344 1240
391 344 687
264 344 491
225 344 269
460 303 1202
225 303 814
391 303 687
460 270 1064
391 270 891
264 270 701
225 270 243
225 426 699
391 426 170
460 426 170
429 264 1121
443 264 1100
409 264 909
403 264 779
418 264 769
443 391 998
429 391 626
418 391 615
403 391 327
429 225 674
443 225 674
403 225 488
418 225 363
409 460 667
403 460 407
418 460 374
443 460 10
443 414 1061
429 414 959
418 414 654
403 414 439
287 409 1178
223 409 835
208 409 601
208 418 487
267 418 461
223 418 247
208 429 487
267 429 461
232 429 345
287 429 301
223 443 874
287 443 715
208 443 487
208 403 1092
287 403 704
267 403 633
223 403 178
348 287 772
348 267 944
348 223 538
152 348 1292
