139
0 28 125
757 28 1175
714 28 89
767 28 32
0 197 6
0 395 674
757 395 907
714 395 907
767 395 652
0 555 376
757 555 1191
714 555 959
767 555 227
0 634 674
757 634 1210
714 634 686
767 634 929
0 785 648
757 785 987
767 785 836
0 890 819
757 890 835
767 890 864
757 54 1148
767 54 24
757 242 7
714 242 1090
767 242 300
714 249 591
767 249 11
767 934 659
6 0 549
831 757 424
831 714 524
6 714 407
831 767 668
6 767 1028
763 767 733
604 767 3
501 6 1200
240 6 12
468 604 1054
501 604 1018
499 604 1017
431 604 721
446 604 702
240 604 128
501 831 969
499 831 1080
431 831 35
501 763 407
446 763 80
413 468 652
407 468 947
409 468 307
407 446 965
413 446 875
391 446 755
409 446 746
18 446 288
407 240 757
18 240 741
391 240 651
413 240 521
409 240 465
391 499 704
409 499 641
407 431 1265
413 431 969
409 431 746
18 431 409
391 431 204
18 501 142
413 501 44
391 501 7
408 409 1068
422 409 635
418 409 624
436 409 538
398 409 135
398 413 1208
436 413 1208
408 413 1143
422 413 626
418 413 111
418 18 243
422 18 14
422 391 1035
418 391 624
408 391 608
436 391 538
408 407 1143
422 407 635
418 407 624
436 407 538
398 407 293
140 418 952
199 418 788
267 418 660
201 418 385
140 422 1031
199 422 687
267 422 409
201 422 385
140 408 1138
199 408 788
267 408 660
201 408 478
140 436 935
199 436 788
267 436 660
201 436 385
140 398 821
199 398 788
267 398 409
201 398 385
238 140 1041
370 199 1174
396 199 710
352 199 421
352 201 389
396 264 820
352 264 454
370 264 374
370 267 908
396 267 889
368 267 517
352 267 421
101 370 1235
101 355 963
101 415 932
152 368 1098
101 368 852
152 396 874
101 396 797
101 352 790
152 238 1300
200 238 1123
101 238 478
