172
333 29 640
154 29 147
650 29 510
87 116 1
87 289 713
650 289 307
87 424 1082
333 424 265
154 424 658
650 424 667
87 448 619
333 448 288
154 448 394
650 448 261
87 479 1080
333 479 149
154 479 490
650 479 490
87 517 1082
333 517 580
154 517 352
650 517 614
87 520 1082
154 520 658
650 520 703
87 533 1082
154 533 324
650 533 647
87 633 1082
333 633 744
154 633 227
650 633 303
87 668 462
333 668 428
154 668 626
650 668 399
87 727 201
333 727 610
154 727 658
650 727 703
87 821 263
333 821 265
154 821 268
650 821 843
87 822 781
333 822 182
154 822 327
650 822 316
87 877 613
333 877 437
154 877 327
650 877 514
87 1008 20
333 1008 161
87 54 632
333 54 25
87 447 1082
333 447 610
154 447 373
650 447 217
87 920 1
338 87 351
816 87 950
792 87 572
734 333 1105
338 333 775
792 333 775
816 333 325
816 154 1070
734 154 54
816 650 1171
792 650 1019
734 650 943
338 650 875
344 792 1237
446 792 194
139 792 35
139 734 313
344 734 918
431 734 4
403 816 130
139 816 126
139 338 1225
431 338 709
446 338 655
403 338 611
460 344 1079
216 344 539
264 344 529
267 344 339
18 344 246
216 446 801
460 446 673
414 446 629
267 446 580
18 446 227
216 403 746
267 403 674
460 403 673
18 403 595
414 403 231
216 431 344
18 431 342
460 139 655
264 139 618
216 139 506
18 139 389
267 139 266
429 264 968
443 264 940
409 264 782
418 264 782
403 264 567
418 18 319
409 18 429
418 267 752
409 267 668
403 267 567
408 267 279
418 460 436
409 460 581
403 460 295
443 460 14
408 216 1029
429 216 741
443 216 741
418 216 521
409 216 299
403 216 275
443 414 897
429 414 781
418 414 695
403 414 305
408 414 285
223 409 772
268 409 693
208 409 619
201 409 388
268 418 693
227 418 601
208 418 508
381 418 480
201 418 423
223 418 220
227 429 952
268 429 693
208 429 458
201 429 388
381 429 317
208 408 944
268 408 693
381 408 480
201 408 423
227 408 249
223 408 220
223 443 803
227 443 738
268 443 693
208 443 465
201 443 388
227 403 952
208 403 925
268 403 693
201 403 388
223 403 194
214 208 1102
214 201 485
214 223 1102
348 223 371
214 381 775
152 214 1300
152 348 1292
