177
814 427 1118
819 427 930
813 427 821
795 427 699
306 427 423
814 489 1093
819 489 559
813 489 826
795 489 561
306 489 490
814 524 1118
819 524 559
813 524 475
795 524 836
306 524 385
814 525 1093
819 525 559
813 525 627
795 525 801
306 525 385
814 562 1093
819 562 559
813 562 411
795 562 634
306 562 605
814 625 1093
819 625 559
813 625 496
795 625 484
306 625 507
814 651 925
819 651 983
813 651 821
795 651 822
306 651 822
814 667 1093
819 667 608
813 667 608
795 667 1086
306 667 421
814 678 1093
819 678 609
813 678 609
795 678 1041
306 678 501
814 696 1093
819 696 559
813 696 644
795 696 561
306 696 541
814 703 1093
819 703 559
813 703 789
795 703 801
306 703 385
814 822 728
819 822 579
813 822 373
306 822 637
346 814 1073
346 819 369
202 819 1126
604 819 17
298 819 1
346 813 935
202 813 71
193 813 527
298 813 201
346 795 327
193 795 904
193 306 927
604 306 674
298 306 231
202 306 215
346 306 184
139 193 697
486 193 1130
177 193 182
177 298 976
486 298 774
185 298 198
139 298 100
177 604 1146
139 604 638
486 604 297
185 604 218
463 604 156
486 202 1176
177 202 166
139 202 9
177 346 1149
139 346 723
185 346 454
486 346 268
37 486 1276
246 486 285
246 177 253
37 185 415
246 185 253
121 139 1031
37 139 551
246 139 547
414 463 1295
390 463 1015
246 463 185
175 246 375
396 246 290
135 37 1281
396 37 9
396 121 22
408 121 3
396 172 707
416 172 438
175 172 260
416 390 1204
402 390 1184
396 390 817
398 390 257
408 390 193
436 414 1066
402 414 1025
398 414 1002
416 414 652
396 414 583
408 414 193
208 396 924
324 396 591
381 175 816
208 175 663
324 175 551
402 175 401
208 402 1295
402 402 466
381 402 315
324 402 261
208 408 1085
402 408 627
381 408 536
324 408 507
424 408 466
402 135 22
424 398 648
208 398 615
324 398 535
402 398 287
381 398 287
208 436 1014
324 436 591
381 436 315
424 436 235
424 416 648
324 416 591
208 416 342
381 416 342
402 416 342
342 208 939
388 208 939
340 208 363
330 208 363
379 402 615
340 402 455
342 402 455
330 402 416
379 424 1000
388 424 588
342 424 588
330 424 323
340 424 323
342 324 698
388 324 698
379 324 443
134 342 1298
152 342 1210
134 330 815
134 388 1200
134 340 939
134 379 1200
