195
814 253 52
184 253 790
713 253 1070
732 253 16
814 338 871
732 338 428
814 494 441
184 494 707
713 494 1134
732 494 997
650 494 611
814 506 441
184 506 261
713 506 1231
732 506 997
650 506 611
814 557 318
184 557 707
713 557 1228
732 557 780
650 557 200
814 640 816
184 640 707
713 640 1166
732 640 780
650 640 161
814 730 759
184 730 261
713 730 968
732 730 997
650 730 611
814 763 267
184 763 707
713 763 1249
732 763 780
814 772 129
184 772 182
713 772 843
732 772 458
650 772 616
814 798 904
184 798 182
713 798 1093
732 798 465
650 798 882
814 799 1042
184 799 182
713 799 1271
732 799 465
650 799 788
814 826 1042
184 826 182
713 826 1223
732 826 465
650 826 481
814 934 875
713 934 7
650 934 290
713 192 1223
732 192 316
249 814 593
6 814 1063
36 814 38
713 814 1
249 184 1207
713 713 329
249 713 921
36 713 7
249 732 634
6 732 803
713 732 1151
36 732 431
713 650 1086
759 650 694
6 650 692
249 650 439
36 650 439
501 6 1213
431 713 1029
446 713 763
501 713 793
428 713 63
431 759 287
428 759 25
501 36 801
446 36 849
403 36 1157
428 249 1
415 403 850
216 403 803
172 403 485
414 403 225
216 446 803
414 446 449
172 446 401
415 428 1115
414 428 1054
264 428 842
172 428 800
75 428 563
245 428 297
216 428 288
415 431 1115
172 431 582
75 431 563
216 431 288
216 501 195
245 501 798
264 501 263
429 264 948
443 264 888
418 264 574
175 264 478
408 216 1139
175 216 888
443 216 857
429 216 857
436 216 827
418 216 491
418 75 140
443 75 142
429 75 6
418 172 440
175 172 314
408 415 1126
436 415 872
443 415 736
418 415 696
429 415 358
436 414 1194
443 414 822
418 414 696
429 414 690
408 414 323
175 414 249
418 245 888
436 245 757
408 245 312
264 175 1130
310 175 943
208 175 533
199 175 509
267 175 504
268 175 358
199 429 704
268 429 698
208 429 533
267 429 294
310 429 240
208 408 951
199 408 704
268 408 698
310 408 431
267 408 294
199 443 704
268 443 698
208 443 489
310 443 202
199 418 704
268 418 698
310 418 381
208 418 381
267 418 294
268 436 686
199 436 686
208 436 407
267 436 294
310 436 240
389 199 511
352 199 478
214 199 380
349 199 380
214 208 1171
389 268 592
352 268 360
214 310 738
343 310 636
349 310 636
352 310 504
379 310 449
389 264 1170
352 264 595
379 264 329
389 267 928
352 267 478
379 267 329
69 343 1099
69 389 1099
69 355 1299
134 214 1246
200 214 1098
69 352 697
69 349 1012
134 349 837
134 379 1235
