149
605 428 729
774 428 906
562 428 806
795 428 729
605 475 367
774 475 869
562 475 574
795 475 685
605 503 493
774 503 667
562 503 521
795 503 992
605 562 413
774 562 666
562 562 375
795 562 666
605 610 790
774 610 1022
562 610 179
795 610 884
605 678 715
774 678 800
562 678 219
795 678 800
605 711 511
774 711 724
562 711 583
795 711 724
605 801 755
774 801 1069
562 801 664
795 801 713
605 856 849
774 856 1069
562 856 140
795 856 1072
597 605 1154
760 605 511
703 605 400
737 605 354
779 605 120
737 774 1178
779 774 957
760 774 926
787 774 8
787 562 903
597 562 833
737 562 733
703 562 437
760 562 354
779 562 200
737 795 305
760 795 293
779 795 255
597 795 24
189 597 996
466 597 981
217 597 579
151 597 499
29 597 486
386 597 252
217 787 1166
29 787 462
217 737 1010
29 737 1148
151 737 504
386 737 407
466 737 636
217 760 644
189 760 1047
466 760 641
386 760 28
29 779 866
466 779 789
189 703 996
466 703 981
151 703 808
29 703 730
217 703 579
386 703 252
40 29 1156
409 29 118
72 386 586
409 386 481
403 386 316
40 217 916
72 217 593
409 217 517
403 217 509
409 466 862
72 189 580
409 189 574
40 189 309
409 151 369
403 151 360
72 151 346
414 151 243
408 40 631
436 40 351
175 40 366
416 40 17
416 403 1219
408 403 485
436 403 364
175 403 283
416 409 1212
408 409 1129
436 409 506
175 409 294
175 72 377
416 390 1238
408 390 485
175 390 171
436 414 1180
416 414 606
408 414 485
175 414 351
233 175 1173
255 175 1173
374 175 743
267 175 491
255 436 1156
374 436 1156
233 436 1080
267 436 377
255 408 860
374 408 855
233 408 804
267 408 377
374 416 1198
233 416 1080
255 416 374
312 329 1159
186 329 1088
414 329 825
414 255 1047
186 255 239
368 233 734
312 233 612
186 233 567
414 233 246
368 374 777
414 374 761
368 267 576
123 186 1032
134 368 1274
123 368 836
123 312 551
123 414 1204
