143
25 82 1160
0 82 917
190 82 1
33 82 66
25 416 407
0 416 757
190 416 804
33 416 757
25 540 664
0 540 303
190 540 508
33 540 1131
25 754 533
0 754 566
190 754 791
33 754 1109
25 763 835
0 763 552
190 763 498
33 763 1013
25 776 1072
0 776 923
190 776 875
33 776 941
25 782 1072
0 782 466
190 782 875
33 782 284
25 785 1072
0 785 629
190 785 875
33 785 176
25 848 1072
0 848 779
190 848 875
33 848 941
713 25 1048
597 25 215
804 25 653
713 0 1110
597 0 287
698 0 698
713 190 648
804 190 606
759 190 304
713 33 1143
597 33 535
426 713 681
431 713 1125
418 713 491
428 713 88
428 597 996
431 597 794
418 597 537
431 698 1155
428 698 996
426 698 756
418 698 727
431 759 592
428 759 41
426 759 611
426 804 1090
431 804 699
418 804 411
172 418 646
219 418 623
325 418 435
472 418 346
414 418 194
415 428 1050
414 428 844
325 428 822
172 428 694
472 428 280
219 428 270
415 431 1050
172 431 486
325 431 409
219 431 218
172 426 579
325 426 435
415 426 425
219 426 270
414 426 162
418 472 705
436 219 583
398 219 583
418 219 454
408 219 412
390 219 295
390 172 691
418 172 452
436 172 227
398 172 227
408 172 227
408 415 922
390 415 866
436 415 758
398 415 758
418 415 697
436 414 1152
398 414 1119
418 414 697
390 414 438
408 414 435
390 325 974
408 325 412
418 325 239
374 418 1094
255 418 955
267 418 454
307 418 389
303 418 352
208 418 339
374 408 945
208 408 845
255 408 549
267 408 454
374 436 904
255 436 904
208 436 464
267 436 454
307 436 389
303 436 352
374 398 1094
255 398 955
307 398 389
303 398 352
208 398 339
374 390 650
255 390 650
307 390 407
303 390 352
208 390 235
214 208 945
152 307 638
152 255 675
214 255 577
152 374 638
214 374 577
152 303 675
76 152 1198
76 214 696
