172
219 40 864
748 40 470
228 40 659
116 40 792
219 395 925
748 395 1248
228 395 501
116 395 991
647 395 213
219 436 925
748 436 1248
228 436 318
116 436 991
647 436 284
219 495 925
748 495 1248
228 495 415
116 495 991
219 629 925
748 629 1073
228 629 494
116 629 991
219 666 1006
748 666 1011
116 666 991
647 666 265
219 823 316
748 823 384
228 823 626
116 823 129
219 906 606
228 906 260
116 906 500
219 987 5
748 987 295
228 987 32
116 987 289
647 987 1179
748 26 32
647 26 915
748 126 1204
116 192 1
809 219 1120
819 219 1157
819 748 640
809 748 59
809 228 1237
766 228 208
819 228 1
766 116 539
819 116 1106
809 116 1220
36 116 612
809 647 1227
766 647 1050
36 647 811
461 809 715
221 809 1272
403 809 196
401 809 128
403 36 1136
221 36 1291
446 36 975
461 819 355
221 819 266
401 819 114
403 819 1
221 766 1030
403 766 598
446 766 78
471 221 988
216 221 438
159 221 309
470 221 193
471 403 1085
415 403 1021
216 403 657
391 403 503
414 403 435
159 403 226
471 446 951
414 446 692
216 446 673
391 446 503
159 446 217
471 401 1125
415 401 1021
470 401 918
391 401 540
216 401 528
159 401 226
471 461 999
470 461 918
216 461 528
391 461 503
415 461 238
414 461 235
172 470 751
172 159 763
175 159 480
176 159 421
408 159 389
176 471 1133
175 471 68
172 471 22
443 471 16
175 216 1073
408 216 1073
443 216 832
176 216 832
436 216 749
172 216 332
398 216 263
443 391 810
408 391 458
436 391 370
172 391 237
175 391 200
408 415 1131
398 415 915
436 415 915
443 415 762
176 415 567
398 414 1117
436 414 1106
443 414 904
172 414 350
408 414 308
176 414 248
175 414 200
264 175 1041
310 175 849
298 175 535
208 175 533
267 175 500
201 175 236
201 172 668
298 172 535
267 172 507
310 172 264
208 408 972
298 408 688
201 408 446
310 408 316
267 408 255
208 443 509
201 443 446
208 398 434
201 398 434
310 398 293
264 176 488
201 176 431
208 176 370
298 436 688
208 436 606
201 436 446
267 436 255
214 208 1019
214 201 526
378 201 417
214 310 659
378 310 513
348 310 365
348 264 1151
378 264 762
348 267 880
76 152 1243
152 378 1287
152 214 1300
200 214 1141
76 214 532
152 348 1287
