120
218 447 1235
44 447 510
85 447 1206
218 643 1144
44 643 1077
85 643 1144
218 737 1235
44 737 771
85 737 1206
218 790 287
44 790 1018
85 790 692
218 839 911
44 839 568
85 839 431
218 867 631
44 867 957
85 867 543
44 9 373
85 9 822
44 54 856
85 54 137
44 338 336
44 832 893
85 832 431
44 858 927
85 858 431
44 918 274
85 918 1
338 218 1096
734 218 1195
804 44 535
734 44 198
804 85 765
759 85 10
139 734 365
477 734 29
426 734 76
431 734 15
426 759 500
477 759 1152
431 759 349
426 804 1108
139 804 501
431 804 447
139 338 1278
431 338 974
477 338 615
472 477 1016
264 477 702
219 477 193
224 477 272
415 431 1009
224 431 425
219 431 253
472 139 664
224 139 644
264 139 620
219 139 318
415 426 441
224 426 425
219 426 411
472 426 252
409 224 944
418 224 871
443 224 421
408 224 212
429 264 980
443 264 916
409 264 831
418 264 831
443 219 805
429 219 802
418 219 615
409 219 615
408 219 296
409 472 561
418 472 777
408 415 1068
418 415 733
443 415 693
429 415 522
443 414 881
429 414 809
418 414 733
408 414 328
268 409 806
199 409 659
201 409 369
268 418 806
199 418 659
267 418 546
201 418 369
268 429 806
199 429 659
267 429 546
201 429 369
268 408 806
199 408 659
267 408 546
201 408 439
268 443 806
199 443 659
201 443 369
267 443 279
370 199 971
323 199 680
352 199 526
323 268 680
352 268 411
370 268 360
323 201 680
352 201 498
370 201 360
323 267 846
370 267 594
352 267 526
101 323 1138
101 370 1202
101 352 1179
