199
352 384 458
748 384 1173
335 384 137
116 384 1047
762 384 1224
352 570 458
748 570 1173
335 570 426
116 570 1047
647 570 292
762 570 1224
352 582 830
748 582 815
335 582 639
116 582 815
762 582 815
352 625 830
748 625 878
335 625 601
116 625 449
762 625 518
352 662 407
748 662 1169
335 662 292
116 662 1047
762 662 1169
352 705 312
748 705 1173
335 705 454
116 705 1047
647 705 454
762 705 1224
352 763 476
748 763 1173
335 763 462
116 763 1047
762 763 1224
352 802 503
748 802 892
335 802 651
116 802 289
762 802 584
352 828 380
748 828 892
116 828 289
748 820 892
335 820 393
116 820 922
647 820 221
762 820 332
335 224 430
116 224 160
762 224 736
721 352 919
810 352 775
36 352 625
759 352 547
763 352 371
759 748 82
763 335 1033
721 335 993
810 335 629
759 335 547
36 335 417
36 116 685
763 116 677
721 116 20
759 647 877
763 647 874
36 647 838
721 647 428
810 647 123
759 762 947
36 762 1141
221 810 284
431 810 587
431 759 272
221 759 55
428 759 16
446 36 925
403 36 1109
221 36 1277
221 721 405
431 721 846
446 721 238
446 763 203
403 763 374
471 221 962
407 221 748
216 221 458
415 403 999
471 403 999
407 403 694
216 403 640
375 403 560
414 403 504
264 403 276
471 446 869
375 446 739
414 446 739
216 446 669
407 446 637
471 428 1088
415 428 1025
414 428 927
264 428 690
407 428 637
216 428 293
407 431 1224
471 431 1088
415 431 1025
375 431 560
216 431 343
414 431 177
443 264 888
429 264 887
418 264 563
175 264 451
436 375 680
429 375 392
443 375 392
418 375 392
443 471 47
418 471 205
175 471 60
408 216 1083
175 216 1083
443 216 852
429 216 852
436 216 755
418 216 447
408 407 1137
443 407 642
429 407 642
418 407 627
436 407 373
436 414 1117
443 414 829
429 414 666
418 414 627
408 414 308
175 414 196
408 415 1085
436 415 908
443 415 671
418 415 627
429 415 407
264 175 1096
267 175 617
208 175 580
201 175 327
140 175 247
140 418 991
220 418 767
208 418 473
201 418 416
267 418 370
140 429 1247
220 429 1006
208 429 476
201 429 416
267 429 370
140 408 1245
208 408 989
220 408 949
201 408 462
267 408 370
220 443 880
140 443 826
208 443 513
201 443 416
140 436 682
208 436 586
220 436 449
201 436 416
267 436 370
238 140 1105
214 208 1108
214 220 1108
389 220 563
352 220 463
214 201 642
389 201 502
352 201 476
389 264 1128
352 264 463
389 267 866
368 267 538
352 267 456
101 389 695
101 355 1082
152 368 955
101 368 908
152 214 1300
200 214 1180
101 214 532
101 352 1027
152 238 1300
200 238 1180
