139
87 422 558
44 422 355
770 422 794
717 422 746
87 424 909
44 424 505
770 424 799
717 424 618
87 479 909
44 479 599
770 479 537
717 479 618
87 496 1094
44 496 432
770 496 982
717 496 715
87 533 1191
44 533 684
770 533 1217
717 533 618
87 575 844
44 575 1044
770 575 1014
717 575 961
87 616 1009
44 616 355
770 616 1009
717 616 1058
87 633 1191
44 633 390
770 633 1219
717 633 669
87 769 299
44 769 915
770 769 943
717 769 786
87 773 897
44 773 897
770 773 1002
717 773 330
87 808 748
44 808 1025
770 808 969
717 808 705
87 839 634
44 839 562
770 839 562
717 839 705
87 854 949
44 854 844
770 854 512
717 854 705
44 122 1121
770 122 1155
792 87 510
816 87 997
338 87 501
816 44 1223
792 44 919
734 44 294
792 770 579
816 770 302
734 717 593
338 717 1234
816 717 585
792 717 1078
344 792 1289
139 792 56
344 734 900
139 734 442
426 734 14
431 734 3
139 816 213
426 816 53
139 338 1257
431 338 886
424 338 97
426 338 97
415 424 1237
390 424 1125
460 424 674
414 424 425
18 424 336
224 424 278
460 344 1153
224 344 513
18 344 413
415 431 1121
18 431 336
224 431 277
460 139 649
224 139 513
415 426 514
18 426 336
224 426 277
460 426 215
409 224 962
418 224 894
443 224 384
409 18 440
418 18 305
409 460 695
418 460 477
443 460 11
443 415 809
418 415 758
436 415 701
429 415 559
418 390 758
429 390 503
443 390 489
436 414 1226
443 414 919
429 414 884
418 414 758
287 409 1146
268 409 658
208 409 601
227 418 680
268 418 658
267 418 524
208 418 395
227 429 1022
268 429 658
267 429 524
208 429 431
287 429 238
227 443 881
268 443 658
287 443 574
208 443 395
267 443 240
268 436 658
267 436 524
227 436 498
208 436 395
214 208 1032
200 214 1086
84 214 777
