76
814 464 1186
751 464 491
51 464 398
814 557 998
751 557 811
51 557 1059
814 619 493
751 619 595
51 619 796
814 644 1057
751 644 834
51 644 1103
814 713 1028
751 713 661
51 713 1100
751 118 825
51 118 1222
748 814 128
168 814 33
748 751 1246
168 751 1288
777 51 1282
168 51 1257
748 51 1264
25 777 1196
394 777 1146
224 748 1193
25 748 1270
394 168 829
224 168 1169
25 168 1293
229 168 102
168 229 1008
23 229 1005
168 25 777
23 25 1298
168 224 1008
23 224 1005
414 224 333
390 224 199
168 394 933
23 394 764
414 394 261
26 168 1137
26 23 1299
416 390 1258
402 390 1171
398 390 396
436 390 113
398 414 1112
402 414 1099
436 414 1097
416 414 938
26 414 712
140 402 1300
208 402 1296
228 26 621
385 26 1
140 416 937
385 416 527
228 416 463
208 416 463
140 398 937
208 398 636
385 398 527
228 398 310
208 436 1027
140 436 1027
385 436 267
228 436 267
238 140 1162
214 208 1067
152 214 1300
76 214 934
76 152 1286
152 238 1300
