180
791 330 90
740 330 683
791 416 788
248 416 490
106 416 733
129 416 443
740 416 624
33 416 451
791 520 149
248 520 490
106 520 651
129 520 736
740 520 569
33 520 388
791 540 649
248 540 589
106 540 661
129 540 347
740 540 176
33 540 410
791 607 788
248 607 589
106 607 378
129 607 577
740 607 819
33 607 453
791 616 586
248 616 501
106 616 359
129 616 743
740 616 373
33 616 453
791 669 333
248 669 289
106 669 429
129 669 577
740 669 652
33 669 453
791 752 721
248 752 501
129 752 697
740 752 624
33 752 453
791 789 326
248 789 499
106 789 356
129 789 758
740 789 864
33 789 392
791 800 271
248 800 416
106 800 646
129 800 758
740 800 864
33 800 392
791 801 120
248 801 416
106 801 610
129 801 644
740 801 864
33 801 392
791 816 120
248 816 416
106 816 569
129 816 758
740 816 864
33 816 392
791 856 432
248 856 499
129 856 758
740 856 864
33 856 392
791 987 473
248 987 572
33 987 255
248 878 499
106 878 584
129 878 292
740 878 864
33 878 392
129 193 492
740 193 109
129 902 46
33 902 165
713 791 1052
775 791 14
804 248 934
615 248 493
831 248 1194
713 106 1020
775 106 1207
804 106 1224
831 106 202
804 129 1180
831 129 243
804 740 360
713 740 38
713 33 1233
615 33 2
463 615 1081
426 615 975
418 615 513
477 615 467
418 713 616
426 713 913
431 713 1052
501 713 409
477 831 612
501 831 672
431 831 65
418 804 443
426 804 1242
431 804 298
426 775 692
477 775 425
463 775 5
448 418 763
264 477 820
448 477 445
415 431 1124
448 431 183
414 431 183
264 501 389
448 426 481
415 426 469
225 426 465
414 426 183
414 463 1284
415 463 558
225 463 482
264 463 482
448 463 448
429 264 1081
443 264 1033
409 264 909
418 264 800
443 448 11
429 225 786
443 225 757
418 225 440
409 225 210
436 414 1223
443 414 1014
429 414 951
418 414 683
443 415 938
436 415 833
429 415 708
418 415 683
268 409 820
199 409 608
368 409 537
208 409 455
267 409 175
265 409 144
268 418 820
265 418 768
199 418 608
267 418 604
208 418 310
268 429 820
199 429 608
267 429 604
368 429 479
208 429 455
268 443 820
265 443 625
199 443 608
267 443 321
208 443 310
268 436 820
199 436 608
267 436 604
208 436 310
214 208 1088
348 265 507
348 267 906
152 214 1300
200 214 1091
152 348 1291
