145
791 291 1250
791 398 1081
780 398 639
106 398 613
811 398 739
740 398 734
791 540 935
780 540 786
106 540 748
811 540 256
740 540 243
791 585 935
780 585 794
106 585 909
740 585 165
791 607 1081
780 607 534
106 607 484
811 607 1024
740 607 734
791 738 1081
780 738 832
106 738 609
811 738 739
740 738 832
791 789 421
780 789 679
106 789 606
811 789 292
740 789 919
791 800 172
780 800 607
106 800 899
811 800 700
740 800 1010
791 801 265
780 801 586
106 801 899
811 801 1119
740 801 975
791 844 271
780 844 424
106 844 732
811 844 999
740 844 643
791 878 421
780 878 276
106 878 899
811 878 785
740 878 1010
713 791 911
715 791 543
713 780 1142
715 780 17
713 106 981
804 106 1225
715 106 184
615 811 244
713 811 5
715 811 1
698 740 58
804 740 474
713 740 51
308 615 1134
241 615 1126
426 615 1017
431 615 212
431 713 1147
426 713 989
431 698 1179
426 698 1017
241 698 915
308 698 356
431 715 3
426 804 1232
431 804 541
241 804 889
264 308 609
112 308 475
219 308 290
415 431 1156
219 431 255
414 431 232
264 241 676
112 241 617
225 241 485
219 241 340
415 426 406
219 426 377
225 426 363
414 426 237
112 426 190
418 112 868
429 264 1049
443 264 921
418 264 841
429 219 890
443 219 810
418 219 596
408 219 556
436 219 396
429 225 683
418 225 611
443 225 594
408 225 248
408 415 1164
436 415 907
418 415 872
443 415 761
429 415 594
436 414 1248
443 414 905
429 414 892
418 414 872
408 414 433
268 418 853
267 418 575
307 418 437
208 418 291
268 429 853
307 429 611
267 429 575
208 429 419
268 408 853
208 408 839
267 408 575
268 443 838
307 443 477
208 443 384
267 443 343
268 436 653
267 436 575
307 436 437
208 436 302
214 208 1019
368 247 824
368 307 1255
152 307 511
368 264 251
368 267 625
76 152 1268
152 368 939
152 214 1300
200 214 1200
76 214 683
