166
352 140 88
762 140 1123
352 395 460
748 395 1177
0 395 509
762 395 1163
714 395 460
352 444 350
748 444 1177
0 444 698
762 444 1163
714 444 889
352 452 129
748 452 382
0 452 633
762 452 783
714 452 906
352 486 387
748 486 1177
0 486 838
762 486 1163
714 486 896
352 495 286
748 495 1177
0 495 411
762 495 1163
714 495 957
352 506 296
748 506 1177
0 506 326
762 506 1163
714 506 906
352 659 571
748 659 1177
0 659 427
762 659 1163
714 659 948
352 705 473
748 705 1177
0 705 541
762 705 1163
714 705 541
352 754 259
748 754 1177
0 754 405
762 754 1163
714 754 569
352 854 738
748 854 457
0 854 911
762 854 496
714 854 776
748 453 1177
0 453 359
762 453 1163
714 453 745
809 352 926
819 352 926
36 352 668
295 352 205
819 748 605
809 748 69
809 0 716
295 762 977
36 762 1195
819 762 260
295 714 219
36 714 445
819 714 232
221 809 1269
403 809 332
446 36 1019
221 36 1289
403 36 1204
221 819 358
403 819 2
221 295 727
168 295 651
471 221 987
407 221 741
216 221 514
391 221 174
471 446 959
414 446 768
216 446 710
407 446 709
391 446 500
471 403 1066
415 403 1000
407 403 719
216 403 699
391 403 500
414 403 487
471 168 1100
391 168 483
176 471 1121
443 471 22
418 471 208
175 471 77
175 216 1138
443 216 852
176 216 852
436 216 788
418 216 520
398 216 294
443 391 777
418 391 693
436 391 353
175 391 249
418 407 693
443 407 605
436 407 353
398 407 207
436 414 1145
398 414 1137
443 414 828
418 414 693
175 414 249
176 414 219
398 415 935
436 415 935
443 415 695
418 415 693
176 415 545
140 418 939
208 418 518
201 418 513
310 418 317
310 175 946
282 175 619
208 175 563
140 175 285
201 175 260
140 443 753
208 443 518
201 443 513
140 398 719
208 398 518
201 398 513
310 398 257
140 436 619
208 436 619
201 436 513
140 176 874
208 176 477
201 176 457
282 176 398
238 140 1112
214 208 1043
214 201 587
378 201 417
378 310 599
214 310 587
368 310 428
386 282 997
378 282 621
152 282 573
76 152 1264
152 368 1026
152 378 1289
76 386 1239
152 214 1300
200 214 1143
76 214 599
152 238 1300
200 238 1143
