140
791 262 435
713 262 568
0 262 1151
33 262 186
791 291 1172
713 291 850
791 540 722
713 540 431
0 540 669
33 540 669
791 585 722
713 585 927
0 585 740
33 585 571
791 789 474
0 789 575
33 789 233
791 854 238
713 854 297
0 854 1023
791 878 264
713 878 115
0 878 723
33 878 723
791 882 344
713 882 836
0 882 1023
33 882 734
713 791 1220
713 713 859
597 713 385
615 713 112
698 0 725
713 0 1227
615 0 297
597 0 254
713 33 1268
597 33 551
431 698 1243
428 698 1157
426 698 926
488 698 401
426 713 822
431 713 1223
428 713 57
488 713 1
488 615 1015
426 615 945
428 615 584
431 615 351
428 597 1181
431 597 701
426 597 395
431 804 824
426 804 1201
172 488 38
415 428 1083
414 428 789
172 428 746
264 428 680
407 428 612
219 428 355
390 428 211
407 431 1234
415 431 1169
172 431 525
219 431 260
414 431 157
407 426 1234
172 426 589
219 426 355
415 426 341
414 426 269
418 264 707
439 264 393
408 264 266
398 219 606
439 219 606
436 219 606
408 219 555
418 219 496
439 407 1252
408 407 1224
418 407 726
436 407 547
398 407 195
418 172 497
408 172 240
398 172 240
436 172 240
418 390 726
408 390 589
398 390 525
439 390 157
408 415 1097
398 415 927
436 415 927
418 415 726
439 415 213
436 414 1229
398 414 1208
439 414 745
418 414 726
408 414 589
374 408 985
267 408 550
374 436 914
267 436 550
307 436 417
374 418 1226
267 418 550
307 418 417
374 398 1220
307 398 417
267 398 343
374 439 1210
267 439 550
264 439 113
396 247 978
368 247 837
152 247 300
368 307 1221
396 307 1117
152 307 633
396 264 956
152 264 300
368 264 287
368 374 835
396 374 835
152 374 633
396 267 978
368 267 565
101 343 1005
101 349 1291
101 368 905
152 368 784
101 355 1075
152 396 858
101 396 850
76 152 1265
