199
240 400 964
44 400 193
47 400 276
347 400 213
65 400 474
240 402 903
44 402 1086
47 402 1086
347 402 334
65 402 334
240 409 646
44 409 634
47 409 663
347 409 281
65 409 1067
240 415 431
44 415 544
47 415 885
347 415 314
65 415 800
240 451 935
44 451 694
47 451 442
347 451 198
65 451 474
240 479 935
44 479 594
47 479 663
65 479 545
240 560 419
44 560 272
47 560 1026
347 560 588
65 560 800
240 573 431
44 573 836
47 573 500
347 573 314
65 573 500
240 636 911
44 636 538
47 636 608
347 636 538
65 636 1067
240 661 469
44 661 516
47 661 900
65 661 586
240 691 935
44 691 748
47 691 1026
347 691 314
65 691 800
240 710 469
44 710 516
47 710 663
347 710 168
65 710 1067
240 763 970
44 763 589
47 763 618
347 763 380
65 763 380
240 802 610
44 802 1053
47 802 165
347 802 1073
65 802 264
240 839 610
44 839 589
47 839 364
347 839 1033
65 839 264
816 240 1052
698 240 966
609 240 163
792 44 699
816 44 1260
734 44 111
698 44 27
792 47 813
609 47 690
792 347 944
816 347 910
734 347 758
698 347 504
609 347 371
816 65 1049
609 65 524
698 65 645
792 65 684
118 792 1248
344 792 1266
139 792 45
431 698 1126
118 698 952
139 698 542
118 816 1266
139 816 95
344 609 828
431 609 672
139 609 542
118 609 354
344 734 754
118 734 335
139 734 394
431 734 22
40 118 599
375 118 470
407 118 369
220 118 254
40 344 929
220 344 780
407 344 355
407 431 1176
415 431 1113
375 431 709
220 431 362
40 431 355
375 139 503
40 139 454
407 139 369
398 375 690
436 375 648
439 375 507
408 375 320
436 40 243
408 40 623
398 40 43
337 40 11
439 407 1216
408 407 1175
418 407 680
443 407 570
436 407 411
337 407 318
398 407 149
398 220 816
337 220 734
408 220 364
418 390 680
408 390 458
443 390 375
398 390 375
337 390 318
439 390 154
408 415 930
436 415 817
398 415 817
443 415 688
418 415 680
337 415 318
439 415 200
436 414 1191
398 414 1151
443 414 745
439 414 711
418 414 680
408 414 458
337 414 318
265 418 771
208 418 600
324 418 449
267 418 408
381 418 283
208 408 1009
265 408 991
324 408 604
381 408 563
267 408 408
265 443 692
208 443 574
324 443 449
267 443 191
265 337 818
208 337 518
267 337 211
324 337 211
208 436 572
324 436 449
267 436 408
381 436 283
265 436 179
265 398 991
324 398 449
208 398 316
267 398 213
381 398 182
265 439 720
208 439 600
324 439 449
267 439 408
381 439 283
214 208 999
214 265 398
214 381 628
76 152 1269
184 152 761
76 214 681
