190
814 197 192
211 197 46
814 400 843
67 400 847
633 400 125
780 400 768
211 400 384
60 400 832
814 417 843
67 417 847
633 417 320
780 417 709
211 417 429
60 417 647
814 427 843
67 427 847
633 427 392
780 427 768
211 427 384
60 427 832
814 428 843
67 428 847
633 428 325
780 428 772
211 428 429
60 428 649
814 506 491
67 506 340
633 506 451
780 506 768
211 506 384
60 506 832
814 507 478
67 507 478
633 507 160
780 507 771
211 507 429
60 507 649
814 512 843
67 512 847
633 512 279
780 512 768
211 512 384
60 512 785
814 630 387
67 630 387
633 630 320
780 630 908
211 630 429
60 630 649
814 705 172
633 705 320
780 705 768
211 705 480
60 705 832
814 763 182
67 763 258
633 763 284
780 763 768
211 763 384
60 763 832
814 775 805
67 775 473
633 775 612
780 775 283
211 775 196
60 775 205
814 805 790
67 805 205
633 805 612
780 805 236
211 805 196
60 805 755
814 813 312
67 813 473
633 813 318
780 813 300
211 813 448
60 813 734
814 853 805
67 853 313
633 853 612
211 853 596
60 853 734
708 814 101
6 814 920
713 814 1
763 67 948
831 67 1064
6 67 471
708 67 1
713 633 892
763 633 790
831 633 762
6 633 499
713 780 780
831 211 988
708 211 787
6 211 109
713 211 88
763 211 23
831 60 249
6 60 1
501 6 1030
419 6 158
431 713 948
501 713 584
501 831 663
308 831 944
431 831 166
419 831 48
501 708 786
431 708 260
419 708 18
308 763 232
501 763 153
483 419 789
391 419 400
172 419 353
391 308 487
483 308 360
172 308 341
264 308 320
407 308 278
407 431 1043
415 431 963
172 431 358
483 501 579
264 501 178
391 501 1
429 264 896
443 264 792
418 264 646
422 264 382
390 264 188
418 483 279
422 391 886
390 391 885
443 391 734
418 391 612
429 391 410
390 407 885
418 407 663
443 407 637
429 407 637
422 407 598
390 172 560
422 172 398
418 172 316
429 172 283
443 414 765
429 414 745
418 414 663
422 414 598
390 414 328
422 415 861
390 415 856
443 415 681
418 415 663
429 415 486
220 418 629
267 418 441
201 418 369
277 418 285
220 429 815
267 429 441
201 429 369
277 429 182
220 422 815
277 422 494
201 422 362
267 422 203
220 443 752
223 443 576
201 443 369
267 443 203
277 443 182
220 390 815
277 390 494
223 390 266
352 277 459
152 277 365
352 201 410
352 220 459
352 267 445
352 223 459
101 343 771
101 352 815
200 152 596
101 349 1058
