159
791 291 1280
190 291 163
791 540 912
129 540 306
780 540 1043
106 540 716
190 540 517
791 605 1083
129 605 690
780 605 1258
106 605 186
190 605 518
791 607 1057
129 607 714
780 607 971
106 607 504
190 607 608
791 789 276
129 789 973
780 789 533
106 789 433
190 789 993
791 801 157
129 801 787
780 801 500
106 801 579
190 801 705
791 854 238
129 854 803
780 854 533
106 854 966
190 854 492
791 876 713
129 876 713
780 876 713
106 876 600
190 876 960
791 878 157
129 878 439
780 878 533
106 878 619
190 878 556
791 880 432
129 880 973
780 880 720
106 880 515
190 880 705
713 791 1040
8 129 789
804 129 1056
722 129 1290
713 780 1169
722 780 1221
8 780 136
713 106 1093
804 106 1145
713 190 475
804 190 611
8 190 407
426 713 895
431 713 1146
428 713 67
426 722 435
428 722 263
241 722 153
477 8 905
241 8 766
426 8 14
241 804 865
426 804 1210
431 804 615
415 428 1060
414 428 1060
264 428 824
172 428 694
219 428 356
448 428 330
448 477 376
264 477 838
219 477 160
415 431 1116
172 431 453
219 431 231
414 431 206
448 431 201
264 241 670
172 241 617
448 241 421
219 241 283
415 426 475
172 426 409
448 426 391
219 426 356
414 426 255
429 264 931
443 264 850
418 264 826
429 219 798
443 219 754
418 219 626
408 219 506
436 219 491
443 448 9
418 172 543
429 172 369
436 172 264
408 172 264
408 415 1186
436 415 928
418 415 821
443 415 779
429 415 529
436 414 1242
443 414 827
418 414 821
429 414 791
408 414 435
268 418 856
220 418 677
267 418 558
307 418 486
208 418 266
220 429 1075
268 429 856
307 429 632
267 429 558
208 429 354
220 408 1003
268 408 856
208 408 797
267 408 558
220 443 873
268 443 856
307 443 486
267 443 344
208 443 343
268 436 706
220 436 582
267 436 558
307 436 486
208 436 266
214 208 1037
368 307 1238
214 220 1037
352 220 561
370 220 336
352 268 465
370 268 336
370 267 763
368 267 575
352 267 493
352 264 561
370 264 336
101 370 1208
152 368 966
101 368 906
152 214 1300
200 214 1191
101 352 1166
