166
1 40 948
803 40 21
650 40 524
1 192 1056
803 192 1066
713 192 690
1 508 453
803 508 869
713 508 926
650 508 456
1 520 497
803 520 671
713 520 285
650 520 635
1 540 420
803 540 1042
713 540 458
650 540 363
1 643 497
803 643 1020
713 643 180
647 643 180
650 643 635
1 649 497
803 649 628
713 649 295
647 649 420
650 649 635
1 692 249
803 692 1190
713 692 754
647 692 270
650 692 388
1 799 774
803 799 856
713 799 1027
647 799 541
650 799 856
1 864 1044
803 864 844
713 864 160
647 864 165
650 864 844
803 243 1159
759 1 957
787 1 1178
36 1 1194
733 803 1257
338 803 1240
759 803 23
787 713 387
36 713 16
338 647 1028
733 647 971
759 647 845
36 647 797
787 650 1098
733 650 1028
338 650 1028
36 650 797
759 650 238
403 787 1111
517 733 1260
431 733 139
477 759 1127
431 759 360
403 36 1145
477 36 8
517 338 1236
431 338 1007
477 338 554
403 338 287
415 403 939
472 403 499
414 403 251
224 403 221
264 403 216
245 403 208
224 517 448
472 517 92
264 477 708
224 477 231
472 477 961
245 477 133
415 431 1066
224 431 315
414 431 177
418 224 924
409 224 843
408 224 411
443 224 364
175 224 323
429 264 876
443 264 841
418 264 718
409 264 718
175 264 532
418 472 807
409 472 445
175 472 9
409 245 1014
418 245 944
408 245 264
443 245 233
443 414 817
418 414 799
429 414 710
408 414 289
175 414 279
408 415 1140
418 415 799
443 415 649
429 415 424
175 415 126
268 409 842
208 409 537
310 409 212
268 418 842
310 418 433
208 418 433
267 418 358
264 175 1150
310 175 1008
267 175 574
268 175 508
208 175 461
268 429 842
208 429 537
267 429 358
310 429 262
208 408 864
268 408 842
310 408 508
267 408 358
268 443 842
208 443 426
310 443 257
214 208 1030
389 264 1166
352 264 558
370 264 325
413 268 1183
389 268 600
352 268 484
370 268 325
214 310 698
343 310 574
349 310 574
352 310 524
389 310 340
370 310 325
389 267 946
370 267 723
352 267 454
413 369 999
214 369 679
352 369 540
101 370 1216
101 343 1000
101 389 604
134 214 1200
200 214 1048
101 413 1019
101 352 1072
101 349 1286
134 349 805
