160
154 182 4
47 182 70
106 182 714
154 425 500
47 425 729
8 425 534
106 425 942
758 425 980
154 428 522
47 428 944
8 428 768
106 428 401
758 428 570
154 479 500
47 479 638
8 479 345
106 479 649
758 479 649
154 551 651
47 551 423
8 551 465
106 551 912
758 551 357
154 575 468
47 575 674
8 575 674
106 575 802
758 575 785
154 616 489
8 616 527
106 616 447
758 616 997
154 618 356
47 618 464
8 618 830
106 618 912
758 618 354
154 720 500
47 720 287
8 720 256
106 720 912
758 720 881
154 730 500
47 730 318
8 730 345
106 730 814
758 730 881
154 853 638
47 853 104
8 853 639
106 853 838
758 853 163
154 854 815
47 854 276
8 854 756
106 854 1080
758 854 756
758 987 641
831 154 1060
609 154 45
734 154 3
831 47 1044
609 47 726
792 47 967
734 8 1228
792 8 1266
609 8 53
831 106 270
734 106 140
792 758 1043
831 758 910
609 758 19
344 792 1292
305 792 528
344 734 1092
426 734 75
431 734 9
344 831 1125
303 831 370
431 831 71
344 609 1068
426 609 757
431 609 523
305 609 191
303 609 157
460 344 1269
258 344 603
219 344 396
460 303 1231
225 303 940
219 303 215
415 431 1104
258 431 406
219 431 287
460 305 1239
415 305 516
219 305 367
258 305 332
415 426 609
225 426 514
258 426 406
219 426 287
460 426 195
409 258 1141
418 258 866
443 258 688
429 258 688
408 258 532
443 219 952
429 219 952
418 219 734
409 219 734
408 219 503
409 460 710
418 460 454
443 460 9
443 225 716
429 225 716
418 225 463
408 415 1143
443 415 932
418 415 758
429 415 702
443 414 1048
429 414 1006
418 414 758
408 414 434
287 409 1221
223 409 738
208 409 490
267 409 168
265 409 165
265 418 742
267 418 553
208 418 312
223 418 168
267 429 553
208 429 312
287 429 288
265 408 1051
208 408 859
267 408 553
287 408 487
223 408 168
223 443 776
287 443 723
265 443 592
208 443 312
267 443 261
378 208 398
378 287 1168
348 287 720
378 265 1034
348 265 720
348 267 990
378 267 417
378 223 538
348 223 538
152 378 1291
152 348 1291
