179
435 186 704
1 186 79
435 259 382
18 259 696
435 705 872
1 705 476
748 705 988
81 705 1074
18 705 968
435 761 872
1 761 564
748 761 960
81 761 992
18 761 968
435 795 385
1 795 680
748 795 184
81 795 1026
18 795 999
435 816 385
1 816 680
748 816 591
81 816 1026
18 816 999
435 817 385
1 817 1063
748 817 379
81 817 1026
18 817 1132
435 875 385
1 875 1095
748 875 916
81 875 973
18 875 999
1 40 1030
748 40 470
81 40 8
18 40 76
1 71 34
1 1017 980
748 1017 255
81 1017 1
783 435 963
36 435 559
763 435 556
787 435 533
787 1 1251
36 1 1256
783 748 967
783 81 576
36 81 1076
36 18 1151
783 18 1284
787 18 228
403 787 1211
401 787 3
446 36 1034
221 36 1287
403 36 1238
401 783 145
221 783 1261
403 783 787
403 763 672
446 763 188
401 763 49
471 403 1124
415 403 1046
216 403 972
391 403 510
414 403 455
159 403 239
471 221 1093
216 221 821
159 221 314
391 221 211
471 446 1050
216 446 1003
414 446 642
391 446 514
159 446 217
471 401 1208
415 401 1046
216 401 861
391 401 555
159 401 239
207 159 1089
172 159 812
175 159 509
418 159 267
443 159 199
418 471 150
175 471 96
207 471 41
172 471 42
443 471 19
175 216 1068
207 216 1068
429 216 755
443 216 755
436 216 739
172 216 455
418 216 410
443 391 955
418 391 590
429 391 441
436 391 330
172 391 218
175 391 218
436 415 916
443 415 782
418 415 590
429 415 551
172 415 164
175 415 163
436 414 1138
443 414 1021
429 414 883
418 414 590
172 414 441
175 414 271
310 175 866
298 175 645
267 175 608
223 175 605
208 175 466
201 175 204
223 172 898
267 172 695
298 172 645
201 172 401
310 172 364
208 429 649
298 429 495
201 429 457
267 429 294
310 429 199
223 443 806
201 443 457
208 443 442
298 418 783
201 418 457
208 418 442
310 418 383
267 418 294
223 418 168
298 436 783
208 436 551
201 436 457
267 436 294
310 207 739
223 207 605
298 207 556
208 207 466
201 207 199
214 208 1179
363 208 350
352 201 827
214 201 409
389 201 390
363 201 350
214 310 682
349 310 627
352 310 527
363 310 350
389 298 518
389 267 883
363 267 615
352 267 489
214 223 1179
352 223 546
69 363 1076
69 389 1076
134 389 692
101 349 1276
69 349 1024
134 349 844
134 214 1240
101 352 1031
69 352 660
