186
1 26 267
748 26 2
647 26 781
1 40 801
219 40 806
748 40 437
228 40 680
1 64 21
748 64 1225
228 64 183
1 126 151
748 126 1145
1 192 1006
1 395 196
219 395 880
748 395 1229
228 395 240
647 395 284
1 436 451
219 436 880
748 436 1229
228 436 180
647 436 382
1 506 418
219 506 880
748 506 1229
228 506 309
647 506 224
1 820 455
219 820 576
748 820 1057
228 820 954
647 820 141
1 823 663
219 823 394
748 823 272
228 823 612
219 987 1
748 987 213
228 987 83
647 987 1173
228 259 425
819 1 399
36 1 1271
809 219 1230
819 219 1175
819 748 608
809 748 50
809 228 1273
766 228 285
819 228 1
809 647 1244
766 647 1171
36 647 945
819 647 112
240 809 587
403 809 313
221 809 1274
401 809 170
240 819 379
221 819 317
401 819 174
221 36 1293
403 36 1218
240 36 252
221 766 1003
403 766 763
471 221 1071
216 221 573
159 221 371
470 221 204
471 403 1172
415 403 1060
216 403 788
391 403 465
414 403 309
159 403 275
471 401 1204
415 401 1060
470 401 888
216 401 662
391 401 497
159 401 275
471 240 1071
470 240 845
216 240 573
391 240 487
159 240 426
172 470 836
207 159 1096
172 159 827
175 159 512
176 159 403
408 159 333
175 471 94
176 471 1103
172 471 21
207 471 36
207 216 1103
175 216 1103
408 216 1064
176 216 760
436 216 752
172 216 361
408 391 394
436 391 357
175 391 243
172 391 243
408 415 1103
436 415 878
398 415 878
176 415 541
175 415 161
436 414 1135
398 414 1097
172 414 351
408 414 264
175 414 261
176 414 251
264 175 1007
310 175 880
298 175 645
358 175 629
208 175 531
201 175 270
201 172 669
298 172 645
358 172 629
310 172 310
208 408 1004
298 408 797
358 408 552
201 408 467
310 408 380
201 176 524
264 176 509
208 176 433
358 398 552
208 398 439
201 398 439
310 398 308
298 436 797
208 436 639
201 436 447
310 436 194
310 207 744
264 207 744
298 207 565
208 207 531
358 207 529
201 207 270
214 208 1130
395 208 378
352 201 481
214 201 467
395 310 918
214 310 791
343 310 678
349 310 668
379 310 522
352 310 503
348 264 1146
352 264 494
379 264 328
395 298 1193
379 298 543
343 298 208
355 298 197
348 358 834
395 358 704
379 358 445
69 343 1081
101 343 909
69 355 1297
101 355 1057
134 395 1180
101 395 728
134 214 1226
101 352 1029
69 352 628
101 349 1280
69 349 1011
134 349 830
69 348 1081
101 348 1080
134 379 1180
