177
47 140 782
47 453 264
228 453 703
386 453 745
313 453 115
175 453 1274
47 470 295
228 470 703
386 470 745
175 470 1269
47 480 302
228 480 208
386 480 498
313 480 359
175 480 659
47 519 702
228 519 247
386 519 745
313 519 606
175 519 821
47 528 302
228 528 232
386 528 202
313 528 783
175 528 783
47 637 702
228 637 162
386 637 498
313 637 271
175 637 382
47 667 306
228 667 703
386 667 745
313 667 306
175 667 1208
47 776 190
228 776 549
386 776 525
313 776 634
47 821 466
228 821 549
386 821 525
313 821 1083
175 821 393
47 851 91
228 851 549
386 851 525
313 851 846
47 865 441
228 865 590
386 865 219
313 865 634
175 865 976
47 867 376
228 867 590
386 867 525
313 867 302
175 867 727
228 854 549
386 854 525
313 854 634
175 854 255
386 338 747
175 338 574
36 47 671
763 47 1161
585 47 42
759 228 427
763 228 193
597 228 3
585 386 800
763 386 747
36 386 582
597 386 486
759 386 417
585 313 762
763 313 514
597 313 486
759 313 407
36 313 396
763 175 722
36 175 165
585 175 34
428 597 1201
477 597 938
446 597 848
431 597 772
431 759 433
477 759 1122
428 759 54
446 36 921
477 36 9
446 763 321
431 585 811
428 585 664
446 585 648
477 585 648
219 446 948
414 446 742
407 446 666
472 446 513
172 446 452
414 428 899
172 428 768
407 428 666
264 428 579
219 428 505
472 428 281
264 477 574
472 477 984
219 477 270
407 431 1215
172 431 667
219 431 253
418 264 653
408 264 313
398 219 707
436 219 661
418 219 583
434 219 520
408 219 457
408 407 1199
434 407 913
418 407 729
436 407 426
398 407 274
434 172 697
418 172 510
408 172 303
398 172 303
436 172 303
418 472 830
398 414 1203
436 414 1193
418 414 729
408 414 465
140 418 990
268 418 866
267 418 441
303 418 405
310 418 395
140 398 900
268 398 762
303 398 405
310 398 272
268 436 850
140 436 850
267 436 441
303 436 393
310 436 279
140 408 1168
268 408 866
310 408 508
267 408 441
140 434 1168
268 434 866
310 434 508
303 434 453
267 434 169
238 140 1172
372 303 940
396 303 816
374 303 787
389 303 572
389 268 610
396 268 563
375 268 351
389 310 511
396 267 816
389 267 756
152 372 1289
152 389 721
152 375 375
152 374 1277
152 396 1088
152 238 1300
200 238 1069
