132
352 10 8
1 10 946
762 10 1286
352 270 572
1 270 715
714 270 1259
352 391 964
1 391 340
714 391 931
762 391 1081
352 480 964
1 480 393
714 480 861
762 480 806
352 563 964
1 563 442
714 563 916
762 563 934
352 582 964
1 582 455
714 582 804
762 582 611
352 738 298
1 738 442
714 738 987
762 738 838
352 817 128
1 817 1000
714 817 941
762 817 1129
352 833 536
1 833 1000
714 833 814
762 833 1129
787 352 970
721 352 816
36 352 759
759 352 575
759 1 986
787 1 1231
36 1 1245
759 714 1021
36 714 536
721 714 1093
787 714 763
759 762 969
36 762 1179
403 787 1126
477 759 1135
428 759 65
446 36 916
403 36 1164
477 36 19
446 721 238
471 403 929
216 403 819
409 403 813
472 403 426
414 403 389
172 403 389
216 446 835
414 446 730
471 446 627
409 446 497
172 446 431
472 446 426
414 428 995
471 428 929
172 428 787
409 428 627
216 428 384
472 428 222
472 477 967
216 477 127
409 477 1
439 409 1242
408 409 1127
418 409 880
436 409 414
175 409 272
175 471 164
418 471 416
408 216 1176
175 216 1138
436 216 887
418 216 783
418 172 553
436 172 338
408 172 313
175 172 302
175 472 7
418 472 933
436 414 1176
418 414 880
439 414 814
408 414 337
175 414 321
310 175 1016
267 175 516
208 175 455
140 175 273
220 175 251
140 418 947
220 418 717
310 418 352
208 418 352
267 418 317
140 408 1193
220 408 1049
208 408 911
310 408 553
267 408 317
140 436 675
208 436 499
220 436 403
267 436 317
310 436 290
140 439 1162
220 439 609
267 439 317
208 439 307
310 439 290
238 140 1076
214 208 941
214 220 941
152 220 422
214 310 450
152 310 319
76 152 1276
200 214 1181
76 214 745
200 238 1181
