156
0 289 433
762 289 1059
0 582 514
762 582 776
391 582 659
101 582 816
0 742 514
762 742 1247
391 742 659
101 742 654
0 799 379
762 799 1186
391 799 534
101 799 607
0 821 602
762 821 1186
391 821 534
101 821 607
0 833 874
762 833 1186
391 833 286
101 833 841
0 857 417
762 857 1186
391 857 549
101 857 607
762 10 1286
101 10 154
762 140 1284
762 237 1293
101 237 823
787 0 238
400 0 1058
759 762 986
36 762 1127
400 762 535
759 391 772
400 391 575
36 391 486
309 391 206
787 391 206
759 101 909
309 101 486
403 787 1127
477 400 743
428 400 690
403 400 301
477 759 1200
428 759 46
446 36 1052
403 36 1171
477 36 37
446 309 969
477 309 831
403 309 697
428 309 580
414 446 763
216 446 732
472 446 530
172 446 462
414 428 1041
172 428 760
264 428 643
216 428 356
472 428 292
245 428 266
216 403 732
472 403 530
172 403 470
414 403 370
264 403 242
264 477 598
472 477 1076
216 477 77
245 477 133
443 264 861
429 264 846
418 264 634
175 264 462
390 264 217
175 216 1074
443 216 861
436 216 846
429 216 846
418 216 617
390 216 437
436 166 1026
390 166 900
429 166 558
418 166 282
390 172 737
418 172 440
436 172 289
429 172 258
175 172 251
418 472 789
175 472 4
436 414 1161
443 414 834
418 414 740
429 414 702
390 414 451
175 414 230
418 245 900
436 245 696
443 245 257
310 175 885
267 175 592
208 175 492
268 175 358
140 175 241
140 418 988
220 418 820
268 418 748
267 418 374
208 418 315
310 418 264
140 429 1173
220 429 1035
268 429 748
267 429 374
208 429 315
220 443 1035
140 443 888
268 443 748
208 443 372
220 390 1035
140 390 903
208 390 372
268 390 184
140 436 781
268 436 748
220 436 575
208 436 476
267 436 374
238 140 1066
374 208 463
375 220 690
378 220 469
378 268 825
375 268 648
378 310 544
349 310 544
343 310 544
370 267 613
378 267 346
101 370 1103
101 343 965
152 378 1282
101 375 477
152 374 1234
101 374 867
101 349 1284
152 238 1300
200 238 1018
101 238 522
