140
780 338 1106
780 439 1218
713 439 1192
184 439 851
26 439 1048
780 506 1191
713 506 1191
184 506 329
26 506 1249
780 512 1219
713 512 1222
184 512 851
26 512 1249
780 557 1218
713 557 1058
184 557 851
26 557 1249
780 598 1218
713 598 964
184 598 851
26 598 1249
780 730 1148
713 730 772
184 730 419
26 730 1148
780 767 1218
713 767 943
184 767 851
26 767 635
780 785 435
713 785 208
184 785 743
26 785 709
249 780 1192
713 780 1181
249 713 1077
597 713 194
713 713 502
615 713 196
597 184 118
249 184 1249
249 26 1234
713 26 1241
615 26 725
428 597 1067
418 597 676
431 597 590
510 597 269
418 713 487
431 713 1076
426 713 292
510 713 91
428 713 44
510 615 724
426 615 538
418 615 499
428 615 341
431 615 119
431 759 340
426 759 355
510 759 74
428 759 18
510 249 1286
418 249 51
428 249 1
258 418 955
172 418 486
245 418 393
75 510 1269
245 510 97
415 428 1084
414 428 1060
172 428 784
75 428 737
245 428 393
258 428 316
415 431 1152
258 431 526
172 431 484
75 431 484
258 426 526
415 426 403
172 426 384
245 426 384
418 258 835
443 258 449
429 258 421
408 258 409
418 172 443
443 75 206
418 75 159
429 75 9
408 415 1146
436 415 790
443 415 776
418 415 694
429 415 533
418 245 835
436 245 807
408 245 409
443 245 244
436 414 1209
443 414 880
429 414 795
418 414 694
408 414 392
268 418 821
199 418 757
267 418 460
208 418 294
268 429 821
199 429 757
208 429 514
267 429 460
208 408 898
268 408 821
199 408 757
267 408 460
268 443 821
199 443 757
208 443 420
267 443 232
268 436 799
199 436 757
267 436 460
208 436 294
352 199 536
214 208 1101
352 268 392
352 267 536
379 267 330
352 264 635
69 343 1097
69 349 1015
134 349 844
69 355 1297
134 214 1222
200 214 1113
69 352 615
134 379 1219
