196
87 395 849
388 395 436
25 395 436
665 395 468
265 395 277
760 395 867
87 416 397
388 416 301
25 416 579
665 416 418
265 416 291
760 416 867
87 631 280
388 631 301
25 631 695
665 631 418
265 631 302
760 631 867
87 738 280
388 738 400
25 738 400
665 738 418
265 738 294
760 738 867
87 757 351
388 757 443
25 757 559
665 757 216
265 757 304
760 757 559
87 766 829
388 766 342
25 766 291
665 766 473
265 766 362
760 766 530
87 792 396
388 792 525
25 792 932
665 792 633
265 792 633
760 792 266
87 848 854
388 848 324
25 848 1140
665 848 309
760 848 371
87 854 1123
25 854 612
665 854 633
265 854 546
760 854 448
87 1018 130
665 1018 626
265 1018 757
760 1018 509
388 330 128
25 330 183
665 330 25
760 330 922
388 591 304
25 591 612
665 591 631
265 591 304
760 591 881
25 68 1
665 68 157
265 68 649
760 68 239
25 122 186
665 122 318
760 122 29
816 87 817
831 388 1065
734 388 803
816 388 306
804 388 146
614 388 146
804 25 678
816 25 225
831 665 593
734 665 576
804 665 363
816 665 356
614 665 326
614 265 770
804 265 726
831 265 604
734 265 488
816 265 484
614 760 357
804 760 1
816 760 3
418 816 607
477 816 307
426 816 121
241 816 10
344 734 600
431 734 14
426 734 81
477 734 19
344 831 678
431 831 74
477 831 457
241 614 845
431 614 577
418 614 548
344 614 284
477 614 181
241 804 809
426 804 1134
418 804 313
431 804 303
446 418 428
245 418 323
446 344 392
264 344 344
245 344 310
225 344 309
264 477 587
245 477 191
415 431 1105
446 431 277
245 241 799
225 241 697
446 241 561
264 241 456
225 426 533
415 426 465
446 426 277
245 426 276
443 446 929
429 446 809
418 446 753
408 446 344
429 264 1017
443 264 978
409 264 725
418 264 725
429 225 642
443 225 633
418 225 489
408 225 199
408 415 1074
443 415 860
418 415 753
436 415 749
429 415 550
409 245 1058
418 245 903
436 245 841
408 245 341
443 245 247
436 414 1211
443 414 929
429 414 809
418 414 753
408 414 344
307 409 744
223 409 724
268 409 668
208 409 588
201 409 320
268 418 668
267 418 494
208 418 393
307 418 333
201 418 320
268 429 668
267 429 494
208 429 459
307 429 459
201 429 320
208 408 981
268 408 668
267 408 494
201 408 378
223 408 178
223 443 848
268 443 668
208 443 414
307 443 364
201 443 320
268 436 668
267 436 494
208 436 433
307 436 333
201 436 320
214 208 1072
368 307 1262
214 201 526
368 267 605
214 223 1072
152 368 1025
152 214 1300
200 214 1105
