157
1 10 976
762 10 1184
1 506 597
249 506 892
413 506 285
762 506 809
1 520 597
249 520 973
413 520 828
762 520 195
1 525 571
249 525 457
413 525 285
762 525 1170
1 528 597
249 528 786
413 528 451
762 528 871
1 549 608
249 549 959
413 549 301
762 549 393
1 582 608
249 582 652
413 582 652
762 582 476
1 643 597
249 643 973
413 643 694
762 643 769
1 763 500
249 763 884
413 763 852
762 763 685
1 799 824
249 799 395
413 799 583
762 799 824
249 225 3
762 225 1184
249 249 57
413 249 1047
36 1 1224
787 1 1207
759 1 1072
721 249 1248
759 249 682
759 413 991
721 413 941
787 413 932
36 413 581
36 762 1161
759 762 1061
403 787 1081
403 36 1126
446 36 892
477 36 17
431 759 443
477 759 1137
431 721 1020
446 721 315
216 403 789
472 403 579
172 403 497
414 403 354
264 403 253
216 446 813
414 446 708
472 446 579
172 446 469
472 477 1035
264 477 724
216 477 106
172 431 727
216 431 358
429 264 750
443 264 712
418 264 695
396 264 680
175 264 562
408 264 231
408 216 1126
175 216 1116
429 216 750
443 216 712
418 216 695
396 172 738
418 172 575
175 172 274
408 172 265
443 172 234
429 172 220
418 472 869
175 472 13
396 472 7
443 472 1
396 414 882
418 414 834
443 414 698
429 414 602
175 414 326
408 414 316
310 175 1008
268 175 564
267 175 519
208 175 444
220 175 295
140 175 193
140 418 960
268 418 898
220 418 620
208 418 350
310 418 350
267 418 335
140 396 1074
208 396 653
268 396 284
310 396 267
140 429 1125
220 429 1090
268 429 898
208 429 480
267 429 335
310 429 310
140 408 1125
220 408 1028
268 408 898
208 408 853
310 408 542
267 408 335
140 443 908
268 443 898
220 443 813
208 443 364
310 443 299
374 208 422
238 140 1126
389 220 597
352 220 410
389 268 593
352 268 384
343 310 568
352 310 419
368 310 415
389 310 316
389 267 837
368 267 490
352 267 361
101 343 1018
101 389 723
200 152 661
101 352 1085
101 368 886
101 355 1061
101 374 898
200 238 1175
101 238 474
