132
1 122 557
384 122 364
33 122 908
1 140 939
384 140 102
33 140 1066
1 186 160
384 186 622
1 237 829
822 237 988
1 416 931
822 416 929
33 416 616
1 757 559
822 757 1112
33 757 1272
1 832 976
384 832 155
822 832 151
33 832 485
1 833 1050
384 833 341
822 833 987
33 833 501
1 971 1174
384 971 226
759 1 921
787 1 1199
36 1 1239
814 1 333
759 384 1132
814 384 667
36 384 540
787 384 373
8 822 333
36 822 319
787 822 2
814 33 1293
403 787 1151
477 759 1190
431 759 434
446 36 1062
403 36 1191
477 36 7
431 814 27
477 8 1102
415 403 960
216 403 895
172 403 549
472 403 530
414 403 287
216 446 895
414 446 605
172 446 464
472 446 397
472 477 1037
216 477 114
307 477 90
415 431 1061
172 431 497
216 431 455
408 307 1160
175 307 1068
429 307 359
443 307 323
408 216 1146
175 216 1068
443 216 687
429 216 687
418 216 665
418 172 589
429 172 353
408 172 263
175 172 262
418 472 824
175 472 2
408 415 1145
418 415 791
443 415 769
429 415 487
443 414 829
418 414 791
429 414 737
408 414 405
175 414 272
310 175 963
303 175 536
267 175 533
208 175 436
307 175 365
201 175 225
307 418 441
201 418 437
310 418 409
208 418 409
303 418 345
267 418 310
307 429 441
201 429 437
208 429 413
303 429 345
267 429 310
310 429 302
208 408 856
310 408 532
201 408 490
267 408 310
307 443 515
201 443 437
303 443 345
208 443 332
310 443 302
374 208 381
368 307 1228
389 201 553
374 303 1027
389 303 372
336 310 803
368 310 346
389 310 328
389 267 884
368 267 597
69 389 1095
101 389 643
101 336 1281
69 336 1259
69 415 1095
101 415 951
69 355 1299
101 355 1034
101 368 893
101 374 888
