198
87 231 777
665 231 437
47 231 1065
87 402 288
665 402 548
47 402 842
8 402 249
265 402 826
87 425 295
665 425 769
47 425 927
8 425 544
265 425 492
87 428 1022
665 428 606
47 428 1034
8 428 800
265 428 207
87 479 838
665 479 490
47 479 865
8 479 800
265 479 344
87 494 268
665 494 490
47 494 1117
8 494 586
265 494 492
87 520 1100
665 520 428
47 520 1127
8 520 800
265 520 492
87 575 1100
665 575 769
47 575 1119
8 575 800
265 575 931
87 667 984
665 667 614
47 667 984
8 667 800
265 667 492
87 769 627
665 769 740
47 769 281
8 769 423
265 769 757
87 840 711
665 840 303
47 840 536
8 840 503
265 840 757
87 854 946
665 854 740
47 854 237
8 854 940
265 854 757
87 859 627
665 859 468
47 859 281
8 859 940
265 859 539
792 87 485
792 665 561
734 665 534
831 665 494
763 665 405
792 47 908
831 47 927
763 47 1185
609 47 334
792 8 1243
734 8 1229
763 8 153
609 8 14
792 265 921
763 265 758
831 265 613
734 265 426
609 265 371
344 792 1265
431 734 17
344 734 972
267 734 31
344 831 1047
431 831 92
308 831 1076
308 609 1114
344 609 1028
241 609 736
431 609 543
267 609 473
344 763 1115
308 763 184
241 763 106
264 308 527
460 308 527
18 308 491
460 344 1036
264 344 535
18 344 441
460 267 636
375 267 607
225 267 607
264 267 333
415 431 1093
375 431 553
18 431 226
460 241 804
225 241 542
375 241 542
264 241 333
375 463 1295
414 463 1282
390 463 624
415 463 588
264 463 385
225 463 385
460 463 207
436 375 602
439 375 400
429 375 366
418 375 366
443 375 366
429 264 983
443 264 905
418 264 675
439 264 253
418 18 242
418 460 388
443 460 7
429 225 537
443 225 527
418 225 362
408 225 240
418 390 661
443 390 454
429 390 371
408 390 340
439 390 161
408 415 1052
436 415 794
443 415 774
418 415 661
429 415 437
439 415 205
436 414 1166
443 414 850
429 414 748
418 414 661
439 414 650
408 414 340
268 418 706
208 418 533
267 418 433
268 429 706
208 429 533
267 429 433
287 429 219
208 408 1073
268 408 706
267 408 433
287 408 362
223 443 715
268 443 706
287 443 572
208 443 533
268 436 634
208 436 533
267 436 433
268 439 706
208 439 533
267 439 433
214 208 1130
387 208 338
378 287 1075
415 287 923
387 287 522
348 287 459
378 268 803
348 264 1047
378 264 798
387 264 522
348 267 844
214 223 1130
348 223 383
387 223 383
378 223 383
415 223 371
101 343 902
101 415 902
101 387 829
152 378 1297
152 214 1300
200 214 1172
152 348 1287
101 348 997
