156
723 393 983
744 393 498
814 393 893
665 393 599
27 393 877
723 464 1055
744 464 288
814 464 1031
665 464 410
27 464 877
723 487 1205
744 487 699
814 487 893
665 487 593
27 487 877
723 488 1164
744 488 436
814 488 893
665 488 593
27 488 877
723 525 1215
744 525 270
814 525 893
665 525 652
27 525 877
723 625 1215
744 625 498
814 625 893
665 625 450
27 625 877
723 667 1193
744 667 288
814 667 1051
665 667 593
27 667 877
723 696 1069
744 696 889
814 696 908
665 696 410
27 696 877
723 713 1047
744 713 732
814 713 744
665 713 593
27 713 652
723 763 1125
744 763 889
814 763 1051
665 763 593
27 763 877
823 723 46
823 744 350
669 744 1
823 814 652
681 665 1130
823 665 916
669 665 566
484 665 440
484 27 1207
436 27 49
229 823 62
177 669 1201
229 669 1172
463 669 586
121 669 527
378 669 515
177 484 1078
246 484 945
229 484 640
378 484 580
121 484 485
177 436 1237
246 436 1005
121 436 824
378 436 580
229 436 489
229 681 1172
463 681 948
177 681 885
121 681 527
378 681 220
420 246 762
403 246 682
440 246 657
403 229 682
440 229 657
420 229 565
375 229 382
420 177 762
403 177 682
440 177 657
403 121 682
440 121 657
420 121 498
403 378 589
440 378 453
420 378 311
375 463 1295
414 463 1295
390 463 1107
440 463 344
403 463 205
420 463 87
436 420 1038
402 420 1036
398 420 1024
416 420 953
412 420 685
402 375 1192
398 375 606
436 375 528
416 375 393
412 375 393
416 403 1206
412 403 1199
402 403 600
398 403 600
436 403 600
402 440 1285
416 440 1206
412 440 1199
416 390 1206
412 390 1199
402 390 1187
398 390 305
436 414 1038
402 414 1036
398 414 1024
416 414 866
412 414 312
140 402 1300
208 402 1298
233 402 165
140 398 873
239 398 723
208 398 707
424 398 619
233 398 454
208 436 1088
140 436 1088
233 436 1030
239 436 310
424 436 310
233 416 1030
140 416 873
239 416 622
424 416 619
208 416 469
140 412 1204
233 412 404
424 412 274
208 412 274
239 412 266
238 140 1154
76 152 1264
152 238 1300
