230
516 186 232
800 186 1104
516 419 216
800 419 621
517 419 1064
665 419 284
314 419 867
482 419 595
516 476 222
800 476 750
665 476 561
314 476 867
482 476 316
516 544 586
800 544 1085
517 544 1064
665 544 561
314 544 867
482 544 595
516 625 508
800 625 924
665 625 561
314 625 867
482 625 316
516 688 379
800 688 649
517 688 1049
665 688 561
314 688 867
482 688 595
516 740 222
800 740 823
517 740 1064
665 740 200
314 740 458
482 740 595
516 813 577
800 813 1131
517 813 764
665 813 392
314 813 704
482 813 531
516 826 577
800 826 1142
517 826 398
665 826 468
314 826 651
482 826 531
516 874 399
800 874 838
517 874 398
665 874 389
314 874 704
482 874 474
516 878 675
800 878 926
517 878 398
665 878 389
482 878 285
516 1016 536
665 1016 92
482 1016 1
800 677 1107
517 677 1064
665 677 561
314 677 867
482 677 595
154 516 661
81 516 647
503 516 497
787 516 450
689 516 388
752 516 324
503 800 497
154 800 491
752 800 931
689 800 15
81 800 1
154 517 794
81 517 759
787 517 665
503 517 497
752 517 448
689 517 169
752 665 879
689 665 637
154 665 340
503 665 131
81 665 91
154 314 794
81 314 759
503 314 497
752 314 249
787 314 224
787 482 930
81 482 792
154 482 505
503 482 497
689 482 332
752 482 300
177 503 990
277 503 950
508 503 607
463 503 607
29 503 370
277 787 1148
29 787 242
42 81 226
29 81 1
277 81 1
42 689 1160
463 689 929
177 689 863
29 689 690
277 689 247
508 689 208
508 752 9
277 752 17
42 154 1032
29 154 545
412 508 318
271 508 42
403 508 4
271 29 512
413 29 17
403 177 508
413 177 296
412 177 276
413 42 2
271 277 525
403 277 423
375 277 272
414 463 1297
375 463 1279
390 463 1135
415 463 340
413 463 301
412 463 189
403 463 178
416 403 1246
412 403 1212
398 403 935
436 403 556
408 403 432
175 403 194
436 413 1167
412 413 1157
416 413 1157
398 413 1156
408 413 1096
175 413 314
398 375 788
436 375 647
416 375 603
412 375 352
408 375 228
175 271 1013
436 271 823
398 271 823
416 271 645
408 271 635
412 271 352
436 412 1167
398 412 1126
408 412 885
416 412 369
175 412 325
412 412 198
436 414 1167
398 414 1126
416 414 922
412 414 606
408 414 432
175 414 314
416 390 1246
412 390 1212
398 390 585
408 390 432
175 390 155
436 390 104
436 415 963
398 415 963
416 415 854
412 415 854
408 415 779
175 415 155
233 175 1094
208 175 489
324 175 421
360 175 210
233 436 1033
208 436 818
324 436 416
208 408 853
233 408 638
324 408 454
360 408 148
233 398 616
324 398 416
208 398 381
360 398 208
233 416 1033
324 416 416
208 416 308
233 412 370
324 412 172
342 208 920
340 208 367
330 208 367
330 360 586
340 360 586
330 233 808
340 233 672
379 233 639
343 233 372
349 233 372
342 324 614
379 324 436
385 324 384
69 330 1037
134 330 854
134 342 1297
152 342 1118
69 342 957
69 343 1034
69 349 1007
134 349 854
134 340 962
69 385 1034
134 379 1209
