154
803 270 888
58 270 3
757 270 125
803 436 1202
58 436 593
757 436 1246
796 436 947
803 453 734
58 453 510
757 453 963
796 453 1108
803 473 1238
58 473 1008
757 473 1008
796 473 920
803 578 1238
58 578 1057
757 578 875
796 578 875
803 638 1238
58 638 775
757 638 876
796 638 244
803 661 1033
58 661 770
757 661 770
796 661 667
803 681 1209
58 681 1028
757 681 1246
796 681 947
803 693 974
58 693 368
757 693 1278
796 693 667
803 765 974
58 765 639
757 765 1251
796 765 870
803 776 677
58 776 1116
757 776 1102
796 776 677
803 870 1084
58 870 1116
757 870 993
796 870 546
721 803 424
823 803 134
759 803 10
721 58 1032
541 58 467
823 58 13
721 757 947
735 757 262
823 757 919
541 757 724
735 796 382
759 796 1073
823 796 591
446 541 849
221 541 648
477 541 523
493 541 520
261 541 351
261 823 108
221 823 5
493 759 780
477 759 1088
221 759 61
261 759 4
221 735 631
477 735 953
493 735 625
446 735 13
221 721 186
261 721 431
446 721 131
471 493 958
75 493 368
264 493 2
471 221 991
407 221 795
75 221 636
219 446 977
414 446 880
471 446 849
407 446 787
407 261 855
471 261 718
219 261 487
264 261 310
264 477 596
219 477 217
429 264 872
443 264 841
172 264 737
418 264 606
439 264 306
418 471 276
172 471 84
443 471 67
443 219 721
429 219 708
172 219 704
439 219 651
418 219 505
436 219 471
439 407 1193
418 407 720
429 407 595
443 407 595
436 407 421
172 407 299
418 75 276
443 75 355
429 75 30
436 414 1123
439 414 824
443 414 782
418 414 720
429 414 696
172 414 503
140 418 966
267 418 448
208 418 442
223 418 287
223 172 896
267 172 709
140 172 579
369 172 480
140 429 1115
267 429 448
208 429 436
223 429 273
140 443 899
223 443 789
208 443 454
140 436 749
208 436 515
267 436 448
223 436 273
140 439 1115
267 439 448
208 439 436
223 439 287
238 140 1158
214 208 1123
214 223 1123
214 369 862
200 214 1180
76 214 745
76 152 1297
200 238 1180
