219
800 516 1027
677 516 413
605 516 177
744 516 595
665 516 436
692 516 456
91 516 673
800 534 1168
677 534 413
605 534 255
744 534 812
665 534 260
692 534 398
91 534 673
800 544 1188
677 544 234
605 544 126
744 544 106
665 544 250
692 544 427
91 544 673
800 545 1027
677 545 411
605 545 123
744 545 216
665 545 381
692 545 280
91 545 450
800 604 1159
677 604 147
605 604 322
744 604 812
665 604 250
692 604 247
91 604 673
800 606 1158
677 606 144
605 606 258
744 606 464
665 606 311
692 606 311
91 606 673
800 625 1082
677 625 217
605 625 255
744 625 216
665 625 260
692 625 400
91 625 673
800 677 1132
677 677 251
605 677 151
744 677 603
665 677 251
692 677 427
91 677 673
800 688 990
677 688 243
605 688 298
744 688 708
665 688 357
692 688 297
91 688 673
800 689 1203
677 689 362
605 689 416
744 689 441
665 689 360
692 689 416
91 689 673
800 813 1093
677 813 365
605 813 470
744 813 179
665 813 230
692 813 348
91 813 323
800 826 1044
677 826 552
605 826 470
744 826 130
665 826 241
692 826 287
91 826 330
752 800 1029
769 800 56
758 800 1
752 677 1226
823 677 714
769 677 626
758 677 311
678 677 216
787 677 168
758 605 467
823 605 411
752 605 411
678 605 284
769 605 219
769 744 302
823 744 187
758 744 436
787 744 225
752 665 1119
823 665 854
758 665 311
769 665 228
769 692 626
823 692 575
678 692 542
752 692 527
758 692 269
787 692 218
823 91 791
758 91 774
752 91 99
787 91 24
277 787 1018
500 787 269
29 787 331
29 823 52
500 769 430
90 769 7
277 752 25
500 752 7
277 758 67
500 758 33
29 678 979
159 678 578
90 678 534
500 678 465
277 678 193
463 678 176
403 90 37
50 29 1133
50 500 421
403 500 639
403 159 827
375 159 526
50 159 396
403 277 717
414 463 1295
375 463 1292
390 463 1083
50 463 556
403 463 198
175 50 418
408 50 73
402 375 1181
398 375 634
232 375 538
408 375 256
398 403 942
232 403 931
402 403 423
408 403 371
175 403 274
232 412 1167
402 412 1049
398 412 1049
408 412 919
175 412 288
402 390 1153
232 390 910
398 390 636
408 390 371
175 390 122
402 414 1107
398 414 1055
232 414 685
408 414 371
175 414 274
233 175 1065
255 175 1065
264 175 1026
208 175 494
140 175 407
140 402 1300
208 402 1291
360 402 604
255 402 379
233 402 188
255 398 1117
140 398 848
208 398 825
233 398 447
208 408 991
140 408 990
255 408 726
233 408 633
360 408 134
264 232 748
140 232 674
360 232 574
233 232 313
255 232 213
238 140 1130
168 140 118
168 208 1096
214 208 1077
330 208 354
330 360 487
214 360 478
168 360 478
214 255 406
336 255 309
330 233 651
379 233 481
336 233 309
168 264 731
379 264 351
134 330 756
152 168 1300
134 336 1295
152 214 1300
134 214 1177
76 214 681
134 379 1163
152 238 1300
76 238 528
