221
814 387 1065
723 387 890
0 387 220
57 387 668
27 387 784
759 387 1168
814 393 904
723 393 897
0 393 238
57 393 762
27 393 458
759 393 801
814 464 1173
723 464 890
0 464 348
57 464 762
27 464 369
759 464 1023
814 478 907
723 478 1070
0 478 377
57 478 668
759 478 954
814 525 861
723 525 861
0 525 259
57 525 501
27 525 809
759 525 501
814 562 907
723 562 1182
0 562 529
57 562 668
27 562 311
759 562 1165
814 570 542
723 570 897
0 570 317
57 570 762
27 570 542
759 570 580
814 601 1191
723 601 890
0 601 230
57 601 668
27 601 348
759 601 1106
814 625 818
723 625 818
0 625 230
57 625 668
27 625 790
759 625 818
814 667 1189
723 667 890
0 667 296
57 667 285
27 667 731
759 667 1023
814 686 772
723 686 836
0 686 356
57 686 762
27 686 391
759 686 580
814 696 1136
723 696 1016
0 696 224
57 696 181
27 696 461
759 696 1023
814 713 955
723 713 1051
0 713 637
57 713 668
27 713 411
759 713 955
814 763 1191
723 763 890
0 763 403
57 763 181
27 763 514
759 763 1023
410 814 785
712 814 216
712 723 445
410 723 321
698 0 855
705 0 446
719 0 699
712 0 11
410 0 19
705 57 430
821 57 708
712 57 159
719 57 354
705 27 613
410 27 8
698 27 5
712 759 162
410 759 1044
698 759 287
428 698 952
378 698 852
177 698 789
278 698 368
229 705 49
278 719 499
229 719 1122
378 712 339
428 712 5
378 410 1231
428 410 1092
278 410 795
229 410 354
378 821 418
229 821 46
428 591 993
177 591 858
378 591 852
229 591 577
278 591 339
353 229 975
440 229 622
375 229 574
172 229 258
353 278 867
172 278 258
353 177 975
440 177 622
172 428 821
414 428 769
440 428 575
353 428 523
390 428 309
375 428 214
353 378 819
172 378 396
440 378 208
402 375 1114
398 375 677
436 375 557
416 375 557
412 375 420
396 375 247
436 353 683
402 353 683
398 353 622
402 440 1253
416 440 1206
412 440 1196
396 440 455
396 172 806
412 172 657
416 172 650
402 172 299
398 172 299
436 172 299
416 390 1206
402 390 1196
412 390 1196
396 390 931
398 390 314
436 390 86
436 414 1076
398 414 1052
402 414 939
416 414 865
396 414 739
412 414 335
140 402 1300
208 402 1293
206 402 1213
312 402 899
267 402 279
233 402 241
140 396 1206
233 396 1067
208 396 1040
206 396 1033
312 396 899
233 436 1067
140 436 1064
208 436 1064
206 436 1033
267 436 279
206 398 1219
140 398 811
208 398 689
233 398 451
312 398 210
206 416 1219
233 416 1067
140 416 811
208 416 332
140 412 1206
233 412 468
267 412 279
206 412 271
208 412 191
238 140 1127
330 312 645
324 312 435
342 208 826
388 208 826
324 208 348
330 208 339
330 233 847
324 233 287
388 233 287
342 233 287
342 206 1005
388 206 1005
324 206 348
152 342 1093
69 342 907
69 330 1000
152 324 901
69 388 646
152 238 1300
200 238 1167
