160
803 122 301
665 122 337
144 122 9
33 122 739
803 498 927
665 498 396
144 498 820
125 498 1099
33 498 591
803 667 527
665 667 441
144 667 820
125 667 1078
33 667 604
803 689 527
665 689 441
144 689 820
125 689 1099
33 689 604
803 693 714
665 693 278
144 693 403
125 693 709
33 693 591
803 747 560
665 747 512
144 747 820
125 747 1099
33 747 395
803 812 475
665 812 577
144 812 982
125 812 896
33 812 925
803 845 282
665 845 577
144 845 663
125 845 896
33 845 489
803 877 836
665 877 366
144 877 982
125 877 398
33 877 191
665 107 93
125 107 762
33 107 723
144 54 719
33 54 962
338 803 1224
823 803 127
277 803 7
406 803 4
823 665 783
689 665 715
406 665 539
338 665 192
338 144 1033
277 125 1109
406 125 1129
338 125 143
823 125 12
338 33 571
261 823 288
64 823 1
188 823 1
463 689 1129
303 689 528
261 689 421
226 689 176
261 277 1214
226 277 1055
303 277 365
463 277 272
64 277 249
261 406 1214
226 406 952
463 406 480
188 406 384
303 406 365
64 406 249
64 338 1225
303 338 566
188 338 232
261 338 177
226 338 177
463 338 138
40 64 456
219 261 413
219 226 331
40 303 673
219 303 264
219 188 474
40 188 317
390 188 309
375 188 230
375 463 1300
414 463 1294
390 463 939
415 463 614
40 463 98
172 40 416
212 40 325
436 40 169
398 40 32
398 375 650
436 375 540
416 375 474
172 219 827
212 219 827
416 219 599
396 219 574
436 219 501
398 219 434
416 390 1245
396 390 927
398 390 475
172 390 272
212 390 119
396 415 927
436 415 844
398 415 844
416 415 769
172 415 184
436 414 1138
398 414 1094
416 414 784
396 414 633
172 414 499
212 414 146
140 396 1127
208 396 906
232 172 1043
223 172 893
267 172 609
140 172 502
267 212 818
232 212 699
223 212 699
140 212 278
208 212 278
140 398 914
208 398 527
223 398 269
208 436 910
140 436 910
267 436 334
223 436 269
140 416 914
232 416 312
208 416 312
223 416 269
238 140 1148
214 208 968
214 223 968
76 152 1271
184 152 862
152 214 1300
76 214 566
152 238 1300
