237
350 393 418
677 393 245
665 393 270
813 393 670
329 393 406
332 393 674
409 393 475
350 416 418
677 416 509
665 416 270
813 416 1170
329 416 406
332 416 674
409 416 475
350 436 293
677 436 509
665 436 278
813 436 959
329 436 229
332 436 511
409 436 273
350 437 418
677 437 360
665 437 270
813 437 813
329 437 406
332 437 674
409 437 475
350 482 378
665 482 403
813 482 707
329 482 211
332 482 527
409 482 475
350 507 731
677 507 509
665 507 330
813 507 1167
329 507 565
332 507 572
409 507 475
350 525 293
677 525 326
665 525 375
813 525 630
329 525 133
332 525 572
409 525 475
350 526 436
677 526 499
665 526 433
813 526 499
329 526 406
332 526 674
409 526 475
350 603 418
677 603 245
665 603 486
813 603 500
329 603 406
332 603 674
409 603 486
350 625 488
677 625 243
665 625 375
813 625 996
329 625 272
332 625 572
409 625 475
350 657 378
677 657 509
665 657 330
813 657 1158
329 657 261
332 657 572
409 657 475
350 689 498
665 689 302
813 689 615
329 689 406
332 689 674
409 689 475
677 884 543
665 884 223
329 884 323
409 884 712
375 350 832
727 350 702
484 350 593
436 350 438
744 350 320
821 350 293
614 350 140
744 677 1127
484 677 410
614 677 386
821 677 365
727 677 173
744 665 859
821 665 240
727 665 240
614 665 174
484 665 122
375 813 1095
744 813 1231
727 813 543
436 813 13
436 329 1109
744 329 599
484 329 492
375 329 410
727 329 381
821 329 324
614 329 210
436 332 1109
375 332 915
727 332 702
744 332 571
484 332 492
614 332 453
821 332 373
436 409 1109
484 409 632
744 409 465
821 409 414
375 409 403
727 409 317
614 409 226
86 484 1083
177 484 1035
280 484 189
21 821 4
21 614 1148
177 614 810
86 614 706
86 436 1083
177 436 1035
176 436 649
280 436 189
177 727 34
280 727 612
176 727 1
176 375 1255
280 375 993
86 375 525
21 375 514
177 375 152
86 744 1203
176 744 1288
280 744 106
21 744 25
375 280 1245
40 280 1188
390 280 1106
414 280 797
440 280 208
375 86 26
40 177 754
440 177 665
390 176 1106
40 176 1072
375 176 1009
414 176 797
440 176 255
415 176 244
40 21 1290
440 21 63
375 463 1300
414 463 1296
390 463 1127
415 463 296
40 463 197
440 463 180
436 40 224
398 40 95
416 40 9
402 375 1222
398 375 611
436 375 481
416 375 481
412 375 311
402 440 1292
416 440 1244
412 440 1176
402 390 1266
416 390 1244
412 390 1176
398 390 329
416 415 995
412 415 995
402 415 890
436 415 890
398 415 890
402 414 1199
436 414 1048
398 414 1028
416 414 853
412 414 346
140 402 1300
208 402 1300
206 402 1217
218 402 807
235 402 485
206 398 1251
140 398 1114
208 398 931
235 398 485
218 398 165
208 436 1168
140 436 1168
206 436 1071
218 436 807
235 436 485
206 416 1251
140 416 1114
235 416 485
208 416 359
218 416 315
140 412 1257
218 412 807
235 412 485
206 412 352
238 140 1190
168 140 99
168 208 1195
214 208 972
342 208 759
372 218 611
152 218 472
342 206 985
152 372 1299
152 342 1217
152 168 1300
76 152 1270
152 214 1300
76 214 724
152 238 1300
