136
665 316 503
202 316 759
665 448 820
535 448 142
109 448 371
33 448 870
665 473 554
535 473 449
202 473 916
109 473 1172
33 473 692
665 522 438
535 522 353
202 522 458
109 522 357
33 522 1040
665 541 820
202 541 768
109 541 768
33 541 1088
665 624 387
535 624 449
202 624 458
109 624 320
33 624 1088
665 798 456
535 798 147
202 798 764
109 798 436
33 798 651
665 812 425
202 812 764
109 812 744
33 812 835
665 821 476
535 821 940
202 821 764
109 821 566
33 821 853
665 855 346
202 855 482
109 855 819
33 855 1002
665 867 425
202 867 764
109 867 958
791 665 882
689 665 728
763 665 434
816 665 265
791 535 1198
689 535 851
763 535 774
816 535 767
791 202 15
791 109 1295
791 33 1144
816 33 809
188 791 676
123 791 1218
485 791 1239
308 791 263
344 791 1
123 816 159
344 689 992
485 689 829
308 689 643
123 689 246
188 763 395
485 763 212
344 763 623
308 763 155
72 485 880
446 485 270
471 123 1001
72 123 1001
375 123 255
446 123 239
72 308 1131
471 308 1074
446 308 256
375 308 209
471 344 877
72 344 850
446 344 431
72 188 942
471 188 567
390 188 325
375 188 266
446 188 239
402 446 1136
416 446 749
172 446 633
422 446 564
402 375 1225
436 375 473
416 375 473
172 375 342
422 375 238
422 471 212
172 471 262
172 72 744
402 390 1249
416 390 1226
422 390 801
172 390 398
402 414 1168
436 414 1029
416 414 749
172 414 633
422 414 465
232 172 1134
223 172 1036
140 172 659
140 422 1247
208 422 1247
223 422 428
208 436 1001
140 436 1001
223 436 428
232 436 297
232 212 871
223 212 871
208 212 434
140 212 434
140 402 1300
208 402 1299
223 402 396
232 402 297
140 416 983
223 416 428
208 416 284
232 416 284
238 140 1187
76 152 1286
152 238 1300
