129
734 414 171
0 414 318
714 414 1228
510 414 558
734 495 634
0 495 478
714 495 1179
510 495 231
734 652 709
714 652 1224
510 652 619
734 770 667
0 770 538
714 770 1236
510 770 908
734 777 667
0 777 841
714 777 1236
510 777 106
734 786 667
0 786 559
714 786 920
510 786 908
734 864 667
0 864 398
714 864 1236
734 875 667
0 875 920
714 875 1236
787 734 777
541 734 87
400 0 990
541 0 1013
787 0 498
211 0 90
787 714 893
211 714 423
400 714 174
787 510 1114
541 510 714
400 510 650
211 510 441
431 400 799
277 400 791
428 400 541
403 400 332
431 541 922
428 541 899
277 541 460
403 787 1101
277 787 1227
428 211 518
277 211 920
403 211 611
471 403 970
413 403 962
409 403 872
414 403 410
471 428 970
414 428 901
409 428 659
413 428 402
390 428 183
409 277 646
471 277 602
413 277 320
413 431 1006
471 431 970
409 431 872
408 409 1130
416 409 1092
436 409 523
175 409 305
398 409 279
436 413 1208
398 413 1207
408 413 1202
416 413 895
175 413 332
175 471 161
416 390 1282
398 390 716
408 390 343
175 390 143
436 390 101
436 414 1208
398 414 1207
416 414 979
408 414 343
175 414 332
264 175 1010
310 175 952
374 175 782
267 175 584
140 175 361
374 436 977
140 436 588
267 436 376
310 436 269
374 398 1214
140 398 783
310 398 274
140 408 1234
374 408 887
310 408 513
267 408 376
374 416 1124
140 416 783
310 416 302
238 140 1118
389 264 1118
378 264 673
152 264 522
152 374 907
368 374 790
378 310 471
389 310 454
152 310 454
368 310 407
389 267 799
370 267 700
368 267 581
76 370 1041
76 152 1275
152 389 759
152 368 866
152 378 1292
152 374 1256
152 238 1300
