194
450 30 15
665 30 468
789 30 979
17 30 440
757 30 1286
378 30 2
450 474 518
665 474 352
789 474 416
17 474 356
757 474 1197
378 474 267
450 561 183
665 561 334
789 561 832
17 561 293
757 561 1210
378 561 302
450 621 137
665 621 554
789 621 781
17 621 573
757 621 1034
378 621 579
450 627 430
665 627 570
789 627 416
17 627 293
757 627 992
450 722 518
665 722 535
789 722 832
17 722 139
757 722 1261
378 722 302
450 760 453
665 760 349
789 760 809
757 760 1097
378 760 302
665 122 277
789 122 745
17 122 804
757 122 1281
665 207 254
757 207 1286
378 207 320
789 54 510
17 54 19
757 54 1249
378 54 136
789 79 687
17 79 744
757 79 1254
831 450 1135
750 450 939
763 450 729
608 450 585
823 450 469
721 450 325
823 665 976
831 665 939
750 665 308
763 665 214
608 665 148
608 789 455
763 789 161
823 789 69
763 17 480
823 17 159
721 17 393
823 757 674
721 757 216
831 757 236
608 757 75
750 757 104
831 378 985
750 378 770
608 378 585
763 378 444
823 378 409
721 378 298
499 823 248
327 823 13
303 823 1
327 750 683
499 750 1171
303 750 2
327 831 1003
499 831 1232
303 831 263
168 831 177
499 608 1211
428 608 981
168 608 374
303 608 318
327 608 313
463 608 150
499 721 617
303 721 695
327 763 78
391 327 620
264 327 551
219 327 489
225 327 223
414 428 963
264 428 674
219 428 602
225 428 365
391 168 613
219 168 394
225 168 314
264 168 292
264 499 690
391 499 634
219 499 201
225 499 3
225 303 879
391 303 613
219 303 279
414 463 1290
391 463 654
225 463 222
264 463 172
443 264 919
429 264 918
418 264 561
443 219 646
429 219 646
436 219 512
398 219 443
418 219 417
408 219 400
443 391 815
418 391 626
408 391 525
436 391 418
429 391 360
429 225 472
443 225 430
418 225 398
408 225 331
436 414 1138
398 414 1132
443 414 871
429 414 746
418 414 626
408 414 339
140 408 1188
208 408 1011
199 408 643
267 408 563
201 408 496
223 408 161
140 429 1188
199 429 643
267 429 563
201 429 491
208 429 466
140 443 854
223 443 769
199 443 643
201 443 491
208 443 466
267 443 312
140 418 910
199 418 643
267 418 563
201 418 491
208 418 466
140 398 594
199 398 594
201 398 491
208 398 466
267 398 312
140 436 719
208 436 652
199 436 643
267 436 563
201 436 491
223 436 174
238 140 1098
214 208 1153
214 199 454
378 199 406
214 201 593
378 201 568
378 267 293
214 223 1153
152 378 1292
152 214 1299
76 214 811
76 152 1293
152 238 1299
