166
605 518 289
665 518 643
800 518 899
182 518 452
252 518 290
605 625 279
665 625 643
800 625 1217
182 625 284
252 625 537
605 655 329
665 655 180
800 655 1013
182 655 921
252 655 567
605 660 360
665 660 174
800 660 1218
182 660 915
252 660 468
605 688 360
665 688 643
800 688 1113
182 688 241
252 688 601
605 713 360
665 713 363
800 713 1013
182 713 921
252 713 842
605 740 326
665 740 299
800 740 692
182 740 384
252 740 692
605 747 284
665 747 765
800 747 1170
182 747 433
252 747 778
605 777 416
665 777 630
800 777 1196
182 777 335
252 777 261
605 813 464
665 813 558
800 813 1100
182 813 336
252 813 261
605 826 464
665 826 668
800 826 1009
182 826 396
252 826 641
686 605 580
321 605 548
755 605 474
769 605 278
787 605 163
686 665 948
769 665 422
755 665 255
321 665 163
755 800 161
769 800 122
686 800 118
321 800 10
321 182 233
769 182 1202
755 182 91
755 252 830
277 787 1251
500 787 37
390 755 809
500 755 542
177 755 31
277 755 9
500 769 123
390 769 22
463 686 1291
159 686 681
277 686 556
500 686 485
159 321 1054
390 321 728
500 321 568
277 321 408
403 390 895
50 390 684
413 390 419
414 390 187
403 177 895
413 177 476
412 177 336
403 500 815
50 500 454
403 159 895
50 159 417
403 277 867
412 277 204
414 463 1295
390 463 1167
50 463 613
413 463 488
403 463 121
412 463 116
52 50 1282
416 403 1260
398 403 1010
232 403 911
52 403 690
436 403 400
398 413 1239
416 413 1219
436 413 1149
232 413 446
52 413 242
232 412 1223
436 412 1149
398 412 1126
52 412 690
416 412 419
416 390 1260
232 390 911
398 390 760
52 390 690
436 414 1149
398 414 1126
232 414 785
416 414 771
52 414 690
255 398 1164
140 398 706
233 398 566
208 398 551
360 398 217
360 232 733
140 232 578
233 232 382
233 436 1101
255 436 965
208 436 948
140 436 948
360 436 211
233 416 1101
140 416 706
208 416 364
255 52 470
233 52 617
360 52 1
214 208 1092
238 140 1048
214 360 334
359 255 598
214 255 339
379 233 672
359 233 644
69 359 1297
134 359 1209
69 415 1040
134 379 1209
152 214 1300
134 214 1223
69 385 1040
152 238 1300
