141
727 516 758
800 516 1159
744 516 626
665 516 789
784 516 500
727 526 816
800 526 1188
744 526 1012
665 526 789
784 526 138
727 549 758
800 549 1280
744 549 1059
665 549 702
784 549 449
727 574 816
800 574 1273
744 574 1059
665 574 446
784 574 767
727 587 816
800 587 1286
744 587 1059
665 587 79
784 587 961
727 597 759
800 597 1288
744 597 1059
665 597 858
784 597 1021
727 604 816
800 604 1204
744 604 1059
665 604 555
784 604 694
727 606 150
800 606 1117
744 606 453
665 606 684
784 606 985
727 649 297
800 649 1013
744 649 486
665 649 641
784 649 449
758 727 1141
693 800 1185
769 800 174
758 800 3
769 744 473
758 744 861
787 744 120
758 665 745
693 665 732
769 665 475
484 665 170
787 665 115
693 784 644
758 784 868
484 784 212
283 787 786
500 787 184
511 484 1034
283 484 309
500 484 309
500 769 290
511 769 87
511 758 1245
349 758 21
500 758 3
283 758 3
511 693 1078
500 693 366
4 693 333
283 693 331
456 349 1103
107 349 813
50 349 747
403 349 740
403 4 316
456 511 250
50 511 1042
403 511 473
107 511 1091
403 500 622
456 500 491
50 500 432
456 283 1078
107 283 813
403 283 740
50 283 376
52 50 1226
232 107 216
416 403 1224
412 403 1177
398 403 877
232 403 842
52 403 572
436 403 446
232 456 157
398 414 1016
436 414 1003
416 414 838
232 414 644
412 414 625
52 414 572
208 398 828
233 398 510
424 398 507
168 232 924
233 232 380
424 232 285
208 436 1128
233 436 1068
424 436 291
233 416 1071
208 416 411
424 416 392
233 412 310
208 412 232
424 412 232
233 52 573
168 52 6
342 208 863
330 208 336
340 208 336
379 424 920
342 424 579
330 424 304
340 424 281
330 233 739
340 233 674
379 233 657
330 168 648
340 168 1000
342 168 595
134 330 812
134 342 1274
152 342 1045
134 340 931
134 379 1151
