177
605 231 86
548 231 3
720 231 799
605 263 174
0 263 1
605 413 517
548 413 476
720 413 914
0 413 486
762 413 914
371 413 476
605 635 517
548 635 431
720 635 252
0 635 521
762 635 918
371 635 302
605 682 406
548 682 717
720 682 248
0 682 521
762 682 829
371 682 386
605 775 656
720 775 377
0 775 809
762 775 304
371 775 460
605 779 651
548 779 347
720 779 407
0 779 809
762 779 636
371 779 260
605 834 651
548 834 384
720 834 377
0 834 767
762 834 304
371 834 460
605 851 651
548 851 350
720 851 377
0 851 675
762 851 146
371 851 595
605 986 59
720 986 102
371 986 16
597 605 1068
585 605 1010
759 605 770
688 605 563
698 605 311
597 548 917
759 548 750
585 548 603
698 548 592
688 548 548
688 720 725
759 720 2
698 0 819
597 0 624
759 762 782
688 762 191
698 762 502
585 762 475
759 371 1030
597 371 556
585 371 538
688 371 305
698 371 291
428 698 1206
431 698 1204
454 698 784
384 698 643
428 597 1206
463 597 818
454 597 784
431 597 776
384 597 643
431 759 484
454 759 405
428 759 90
428 688 1206
454 688 784
431 688 711
463 688 322
431 585 1027
428 585 914
454 585 784
384 585 643
463 585 162
325 428 1013
415 428 989
414 428 891
172 428 803
409 428 735
361 428 576
415 454 906
414 454 906
172 454 803
361 454 761
325 454 528
409 454 361
415 431 989
409 431 923
325 431 922
172 431 663
361 431 364
361 384 421
172 384 409
409 384 265
325 384 265
414 463 1291
415 463 901
409 463 735
361 463 346
439 409 1270
408 409 1185
416 409 1124
396 409 931
436 409 439
396 361 900
408 361 336
396 172 693
416 172 291
408 172 235
436 172 235
439 172 225
436 414 1177
439 414 991
396 414 931
416 414 918
408 414 459
408 415 1124
436 415 965
396 415 931
416 415 887
439 415 177
396 325 900
408 325 559
439 325 243
140 396 1054
338 396 583
264 396 311
303 396 228
267 396 228
140 408 1231
267 408 492
338 408 160
140 416 759
338 416 517
303 416 403
267 416 264
140 436 554
267 436 492
338 436 316
303 436 251
140 439 1154
267 439 492
338 439 469
303 439 217
238 140 1133
389 264 1166
348 264 1072
389 303 492
389 267 1068
348 267 1068
101 389 646
101 349 1269
134 349 800
152 348 1292
101 348 841
134 379 1149
152 238 1300
101 238 556
