197
605 122 188
789 122 884
761 122 13
757 122 1251
767 122 8
605 470 292
789 470 982
450 470 409
761 470 1045
757 470 1075
767 470 376
605 474 292
789 474 364
450 474 733
761 474 278
757 474 1074
767 474 555
605 555 375
789 555 507
450 555 520
761 555 507
757 555 1004
767 555 555
605 561 163
789 561 982
450 561 374
761 561 1073
757 561 1073
767 561 349
605 650 404
789 650 364
450 650 520
761 650 786
757 650 1083
767 650 555
605 800 343
789 800 491
450 800 302
761 800 779
757 800 983
767 800 734
605 801 493
789 801 1002
450 801 467
761 801 779
757 801 1221
767 801 182
605 820 493
789 820 930
450 820 302
761 820 779
757 820 544
767 820 263
605 880 423
789 880 273
450 880 274
761 880 337
757 880 1164
767 880 442
789 30 1025
450 30 11
761 30 28
757 30 1270
358 605 513
831 605 496
823 605 487
608 605 487
750 605 334
763 605 228
763 789 250
608 789 411
823 789 38
831 450 1119
750 450 824
358 450 649
608 450 644
763 450 570
823 450 338
763 761 653
823 761 29
750 757 180
823 757 660
831 757 200
608 757 77
831 767 589
763 767 677
499 823 117
261 823 111
327 823 13
303 823 1
499 750 959
327 750 865
303 750 2
168 750 1
168 831 277
327 831 1121
499 831 1094
303 831 379
499 608 1067
327 608 479
261 608 439
303 608 413
168 608 394
327 763 132
261 763 814
499 358 977
261 358 533
303 358 315
168 358 152
409 327 730
391 327 562
219 327 406
225 327 250
409 261 610
391 261 576
219 261 453
225 261 250
409 168 541
391 168 511
219 168 402
225 168 402
409 499 769
391 499 611
219 499 225
225 499 3
409 303 541
391 303 511
225 303 508
219 303 241
439 409 1208
408 409 1066
418 409 679
436 409 463
172 409 217
398 409 155
439 219 761
436 219 614
398 219 582
408 219 451
418 219 433
172 219 417
439 391 1208
418 391 679
408 391 520
436 391 463
172 391 160
408 225 580
172 225 576
418 225 407
436 414 1203
398 414 1182
439 414 917
418 414 679
408 414 389
172 414 248
140 418 924
199 418 688
201 418 527
267 418 515
267 172 667
201 172 574
199 172 564
140 172 546
140 408 1221
199 408 688
201 408 548
267 408 515
140 436 607
199 436 607
201 436 527
267 436 515
140 398 637
199 398 480
201 398 480
267 398 243
140 439 1192
199 439 688
201 439 527
267 439 515
238 140 1128
375 199 798
378 199 467
152 199 389
375 201 798
378 201 467
378 264 675
375 264 639
368 264 299
368 267 632
378 267 379
76 152 1274
152 378 1283
101 375 424
101 415 987
152 368 937
101 368 910
152 238 1300
