141
803 459 1056
450 459 850
757 459 1062
268 459 959
803 474 466
450 474 962
757 474 1241
268 474 959
803 640 1051
450 640 850
757 640 1201
268 640 959
803 665 596
450 665 962
757 665 1209
268 665 959
803 666 576
450 666 850
757 666 1214
268 666 956
803 681 915
450 681 850
757 681 1212
268 681 959
803 724 1203
450 724 962
757 724 1233
268 724 959
450 470 962
757 470 1102
268 470 844
450 561 587
757 561 1148
268 561 844
450 820 552
757 820 526
268 820 320
763 803 695
508 803 19
750 450 1060
763 450 957
819 450 836
614 450 595
508 450 574
508 757 537
750 757 103
750 268 1016
819 268 945
763 268 749
614 268 687
508 268 505
499 750 1171
327 750 691
461 750 282
168 750 1
327 819 63
461 819 616
305 819 1025
168 819 1
499 508 1187
305 508 899
461 508 861
327 508 789
168 508 627
499 614 825
168 614 657
305 614 605
327 614 338
461 614 232
461 763 968
327 763 54
391 305 819
264 305 819
471 305 722
219 305 576
391 327 783
264 327 696
219 327 359
391 499 831
264 499 813
219 499 141
471 168 1141
391 168 783
219 168 257
264 168 228
219 461 996
391 461 929
471 461 845
414 461 247
443 264 966
172 264 688
439 264 276
172 471 85
443 471 56
443 219 816
439 219 651
436 219 638
398 219 612
172 219 463
408 219 385
439 391 1189
443 391 842
436 391 520
408 391 495
172 391 179
436 414 1202
398 414 1157
443 414 905
439 414 788
172 414 379
408 414 360
223 172 870
267 172 833
201 172 588
368 172 299
201 408 602
267 408 579
223 408 176
223 443 731
201 443 598
267 443 250
201 398 483
267 398 250
201 436 585
267 436 579
201 439 598
267 439 579
223 439 176
370 368 1274
378 368 448
368 368 335
378 201 606
370 201 417
370 267 809
368 267 665
378 267 336
378 223 279
368 223 278
76 370 900
152 368 1007
152 378 1286
