186
665 422 489
277 422 226
822 422 1061
796 422 1007
33 422 706
665 525 618
277 525 226
822 525 1003
796 525 799
33 525 706
665 540 325
277 540 226
822 540 1061
796 540 1039
33 540 706
665 562 218
277 562 575
822 562 575
796 562 1039
33 562 935
665 603 594
277 603 249
822 603 468
796 603 1056
33 603 935
665 624 432
277 624 249
822 624 1061
796 624 471
33 624 935
665 659 228
277 659 609
822 659 931
796 659 1039
33 659 706
665 721 516
277 721 564
822 721 564
796 721 1039
33 721 935
665 754 243
277 754 368
822 754 983
796 754 1039
33 754 706
665 756 471
277 756 568
822 756 506
796 756 1039
33 756 702
665 765 631
277 765 249
822 765 285
796 765 1056
33 765 667
665 797 347
277 797 234
796 797 854
33 797 852
665 812 357
277 812 849
822 812 185
796 812 839
33 812 683
823 665 886
791 665 834
689 665 519
831 665 509
831 277 779
220 277 779
791 277 605
689 277 605
8 277 423
823 277 421
220 822 1031
8 822 207
823 822 2
823 796 471
220 796 673
689 796 114
831 796 50
791 33 439
499 823 48
486 823 2
188 791 989
317 791 541
499 689 945
431 689 506
488 689 175
317 220 779
488 220 1263
499 220 930
486 220 701
499 831 1020
431 831 100
486 8 835
471 317 815
409 317 380
219 317 241
409 488 374
219 486 1005
471 486 575
409 486 301
409 499 526
219 499 128
415 431 944
471 431 940
409 431 707
375 431 660
414 431 196
219 431 162
471 188 513
219 188 507
409 188 465
390 188 265
416 409 1104
408 409 1035
418 409 580
436 409 465
398 409 232
398 375 572
436 375 572
416 375 561
418 375 399
408 375 271
418 471 156
416 219 654
398 219 561
436 219 561
418 219 399
408 219 354
416 390 1229
418 390 580
398 390 502
408 390 338
436 414 1136
398 414 1115
416 414 807
418 414 580
408 414 338
436 415 951
398 415 951
408 415 829
416 415 733
418 415 580
140 418 936
208 418 551
267 418 433
201 418 300
223 418 210
140 398 816
208 398 460
201 398 282
223 398 210
267 398 207
140 408 1183
208 408 1076
267 408 433
201 408 300
223 408 172
140 436 824
208 436 824
267 436 433
201 436 282
223 436 210
140 416 816
201 416 280
208 416 260
267 416 250
214 208 1010
238 140 1134
378 264 685
214 201 579
378 201 489
368 267 603
378 267 318
214 223 1010
378 223 268
76 152 1259
152 378 1294
152 368 996
152 214 1300
200 214 1064
76 214 563
152 238 1300
200 238 1064
