96
511 397 881
784 397 1273
434 397 881
511 599 963
784 599 1182
434 599 919
511 612 314
784 612 1273
434 612 386
511 649 879
784 649 1030
434 649 769
511 747 509
784 747 1061
434 747 769
787 511 1003
753 511 777
772 511 531
758 511 296
758 784 721
753 784 802
758 434 1237
787 434 1168
753 434 795
772 434 719
485 787 1186
220 787 68
220 753 1262
171 753 1212
232 758 89
220 758 1104
485 758 760
232 772 1257
456 220 1235
107 220 930
285 220 654
191 220 616
330 220 573
456 485 1282
330 485 818
107 485 2
456 171 1035
330 171 732
285 171 654
191 171 405
456 232 1267
107 232 663
330 232 600
285 232 392
191 232 392
357 285 848
464 285 568
436 285 198
464 191 654
408 191 508
357 191 357
464 107 613
464 456 1129
357 330 908
408 330 738
464 330 627
436 330 287
436 414 1066
416 414 1011
412 414 666
408 414 325
206 408 1004
208 408 891
140 408 881
324 408 493
324 464 20
140 357 844
324 357 630
206 357 503
208 357 391
206 436 1056
208 436 1022
140 436 1022
324 436 495
206 416 1253
140 416 613
324 416 495
208 416 260
140 412 1117
206 412 303
324 412 221
342 208 906
330 208 354
340 208 354
342 206 1056
379 206 653
342 324 645
134 330 900
134 342 1299
134 340 1082
134 379 1205
