147
605 270 650
249 270 521
714 270 1289
605 414 662
249 414 1170
714 414 1280
280 414 486
605 486 662
249 486 890
714 486 1035
280 486 135
605 495 562
249 495 464
714 495 1260
280 495 742
605 496 662
249 496 976
714 496 1041
280 496 603
605 804 704
249 804 977
714 804 1194
280 804 539
605 823 705
249 823 856
714 823 993
280 823 770
605 851 705
249 851 985
714 851 758
280 851 149
597 605 1124
699 605 467
759 605 389
698 605 255
721 605 175
721 249 1274
759 249 269
721 714 1014
759 714 701
721 280 1110
759 280 717
698 280 199
431 698 1258
428 698 1216
155 698 217
428 597 1216
431 597 659
155 597 360
417 597 292
428 759 169
431 759 633
431 699 1054
428 699 973
155 699 718
417 699 611
431 721 1132
155 721 165
415 417 1120
325 417 792
172 417 516
412 417 360
414 417 258
413 417 250
325 428 1178
415 428 960
172 428 895
414 428 786
412 428 454
413 428 250
325 431 1046
413 431 981
415 431 960
172 431 715
412 431 360
413 155 996
172 155 241
325 155 241
436 413 1187
412 413 1091
416 413 1012
439 413 692
396 413 91
436 412 1187
396 412 1044
439 412 715
416 412 715
412 412 210
396 172 800
436 172 363
436 415 1059
396 415 1044
412 415 1004
416 415 1004
439 415 176
436 414 1187
439 414 1052
396 414 1044
416 414 812
412 414 574
396 325 1028
439 325 257
374 396 1246
255 396 1153
140 396 998
338 396 766
360 396 679
374 416 1183
140 416 888
338 416 677
360 416 437
255 416 245
374 436 960
255 436 960
140 436 570
360 436 451
338 436 451
374 439 1227
255 439 1153
140 439 1045
360 439 570
338 439 570
374 412 1246
255 412 1153
140 412 716
338 412 341
360 412 341
238 140 1143
152 360 732
330 360 371
152 255 904
389 255 265
374 338 680
330 338 629
152 338 508
152 374 915
396 374 554
101 343 1012
101 330 929
76 152 1274
101 389 674
101 349 1281
101 374 837
101 396 767
200 238 1098
101 238 616
76 238 510
