148
727 537 719
605 537 593
800 537 998
24 537 267
665 537 553
727 625 700
605 625 337
800 625 1050
24 625 1030
665 625 669
727 640 758
605 640 252
800 640 1233
24 640 229
665 640 783
727 710 758
605 710 719
800 710 1244
24 710 349
665 710 711
727 733 758
605 733 253
800 733 1249
24 733 366
665 733 366
727 740 758
605 740 451
800 740 1235
24 740 283
665 740 283
727 808 605
605 808 494
800 808 243
24 808 243
665 808 654
727 820 605
605 820 765
800 820 801
24 820 200
665 820 596
727 880 651
605 880 765
800 880 382
24 880 538
665 880 480
727 917 588
605 917 71
665 917 876
727 972 170
800 972 555
758 727 1200
823 727 237
752 605 698
823 605 589
693 605 511
758 605 500
769 605 324
752 800 1102
693 800 1234
769 800 278
758 24 1297
752 665 1137
823 665 985
758 665 958
693 665 893
769 665 544
511 823 451
2 823 1204
2 758 1297
511 758 1276
66 769 1284
511 769 116
52 769 145
511 752 1124
94 752 1
463 752 1
463 693 1298
511 693 1147
94 693 836
52 693 738
107 2 1286
50 2 319
50 66 1280
403 94 136
50 94 1142
403 511 578
50 511 1163
107 511 1147
50 52 767
414 463 1298
50 463 774
413 463 458
403 463 279
232 107 322
175 50 417
52 50 1270
408 50 37
398 403 1022
232 403 880
52 403 653
436 403 426
408 403 301
175 403 198
398 413 1213
436 413 1088
408 413 866
232 413 424
175 413 275
52 413 230
436 414 1088
398 414 1080
232 414 832
52 414 653
408 414 301
175 414 275
255 175 1136
298 175 677
208 175 404
360 175 295
360 232 699
298 232 620
140 232 518
208 408 899
140 408 769
298 408 654
255 408 569
360 408 214
255 398 1152
208 398 748
140 398 748
360 398 207
208 436 1088
140 436 1088
298 436 881
255 436 872
360 436 214
255 52 447
214 208 1110
214 360 372
214 255 478
336 255 364
379 298 542
134 336 1287
152 214 1300
134 214 1216
76 214 866
134 383 1211
134 379 1211
