176
803 79 638
789 79 830
10 79 5
803 259 174
819 259 779
10 259 73
60 259 69
803 391 784
819 391 938
789 391 253
10 391 792
647 391 253
60 391 419
803 398 350
819 398 661
789 398 316
10 398 661
60 398 358
803 495 623
819 495 938
789 495 505
10 495 792
647 495 326
60 495 358
803 506 633
819 506 164
789 506 865
10 506 150
647 506 620
60 506 294
803 620 623
819 620 938
789 620 201
10 620 792
647 620 340
60 620 358
803 666 623
819 666 417
789 666 290
10 666 182
647 666 417
60 666 474
803 795 629
819 795 979
10 795 226
647 795 127
60 795 882
803 850 594
819 850 979
789 850 1004
10 850 153
60 850 882
803 882 629
819 882 696
789 882 1004
10 882 367
60 882 259
819 54 777
789 54 658
10 177 277
60 177 845
763 803 879
202 803 68
202 819 1208
604 819 15
763 789 419
202 789 775
608 789 626
193 10 1216
202 10 1182
763 647 1070
202 647 719
604 647 671
608 647 559
193 647 547
202 60 341
193 60 460
608 60 792
486 193 1249
139 193 456
344 193 26
143 193 2
344 604 1063
446 604 890
139 604 300
143 604 296
486 604 176
344 608 1063
446 608 890
486 608 456
139 608 300
143 608 174
486 202 1260
446 202 935
344 202 779
143 202 127
139 202 2
139 763 685
344 763 674
446 763 57
471 143 1250
375 143 720
121 143 234
471 344 1186
391 344 640
471 446 1052
391 446 697
414 446 663
375 446 663
471 486 926
391 486 784
121 139 1032
471 139 869
375 139 664
398 375 676
436 375 650
416 375 650
429 375 440
443 375 440
422 471 145
172 471 37
443 471 20
422 121 19
422 391 1011
443 391 915
416 391 811
436 391 429
429 391 317
172 391 236
422 415 875
443 415 875
436 415 861
398 415 861
429 415 517
416 415 507
436 414 1160
398 414 1138
443 414 955
429 414 789
422 414 704
416 414 640
172 414 408
223 172 957
267 172 802
244 172 762
299 172 749
287 172 300
299 422 366
244 422 331
223 422 239
244 429 786
299 429 601
267 429 467
287 429 306
223 429 229
223 443 859
287 443 698
299 443 601
244 443 331
299 398 557
244 398 331
223 398 239
267 398 235
299 436 601
267 436 467
244 436 331
223 436 229
244 416 493
223 416 239
299 416 225
379 299 635
379 267 393
69 343 1082
69 349 1038
134 349 902
134 379 1209
