172
450 474 725
605 474 278
757 474 1149
268 474 881
714 474 348
767 474 540
450 561 348
605 561 170
757 561 1084
268 561 703
714 561 887
767 561 314
450 627 533
605 627 348
757 627 1110
268 627 881
714 627 887
767 627 540
450 650 533
605 650 348
757 650 1141
268 650 881
714 650 669
767 650 549
450 763 533
605 763 218
757 763 1181
268 763 881
714 763 403
767 763 540
450 765 408
605 765 326
757 765 680
268 765 390
714 765 612
767 765 722
450 776 323
605 776 311
757 776 1132
268 776 171
450 813 184
605 813 276
757 813 647
767 813 413
450 820 309
605 820 466
757 820 737
268 820 365
714 820 144
767 820 141
450 828 303
605 828 353
757 828 920
268 828 365
714 828 323
605 122 226
757 122 1284
714 122 192
767 122 6
605 303 102
757 303 1277
767 303 525
831 450 1099
750 450 970
763 450 747
721 450 699
823 450 354
823 605 681
831 605 445
750 605 377
763 605 323
721 757 607
750 757 143
831 757 149
823 757 723
721 268 887
831 268 712
750 268 712
763 268 482
823 268 259
721 714 909
750 714 676
823 714 272
831 714 157
763 767 534
831 767 555
327 750 792
499 750 1144
499 823 103
327 823 7
499 831 1218
327 831 1079
168 831 286
499 721 309
305 721 164
327 763 93
264 305 719
409 305 685
407 305 556
219 305 303
409 327 685
264 327 622
219 327 621
407 327 556
414 428 872
407 428 861
264 428 765
409 428 721
219 428 551
264 499 811
219 499 181
409 499 712
409 168 518
264 168 492
219 168 492
414 168 212
439 409 1233
408 409 1104
418 409 733
436 409 474
398 409 211
418 264 583
439 264 377
408 264 279
439 219 783
436 219 663
398 219 627
418 219 501
408 219 463
439 407 1233
408 407 1180
418 407 733
436 407 474
398 407 285
436 414 1198
398 414 1164
439 414 800
418 414 733
408 414 401
140 408 1244
208 408 991
201 408 564
267 408 543
140 418 900
201 418 550
267 418 543
208 418 390
140 398 676
201 398 466
208 398 390
267 398 274
140 436 610
208 436 566
201 436 550
267 436 543
140 439 1176
201 439 550
267 439 543
208 439 390
238 140 1082
214 208 1019
370 264 399
152 264 363
214 201 588
370 201 399
152 201 363
370 267 752
76 370 973
76 152 1288
200 214 1161
76 214 786
200 238 1161
