160
605 270 677
249 270 242
605 496 644
610 496 298
249 496 1105
548 496 710
371 496 710
605 548 644
610 548 477
249 548 1105
548 548 940
371 548 744
605 607 530
610 607 604
249 607 213
548 607 697
371 607 835
605 739 644
610 739 425
249 739 1017
548 739 940
371 739 849
605 794 636
610 794 985
249 794 831
548 794 208
371 794 208
605 804 701
610 804 665
249 804 891
548 804 441
371 804 388
605 851 656
610 851 784
249 851 777
548 851 317
371 851 671
605 859 719
610 859 468
249 859 891
548 859 296
371 859 671
597 605 1241
500 605 723
688 605 571
698 605 286
597 610 1241
698 610 544
721 610 186
721 249 1270
597 548 1082
688 548 623
698 548 592
500 548 552
721 548 173
500 371 903
721 371 802
688 371 422
597 371 375
698 371 288
431 698 1270
428 698 1218
409 698 838
155 698 260
431 500 1247
428 500 1038
409 500 393
428 597 1218
431 597 747
155 597 406
409 597 342
409 721 33
431 721 1165
155 721 250
428 688 1218
431 688 875
155 688 801
409 688 272
325 428 1195
172 428 963
414 428 825
413 428 454
412 428 451
413 431 1028
325 431 1013
172 431 783
412 431 451
412 409 852
172 409 603
413 409 594
325 409 202
413 155 1031
325 155 229
172 155 229
408 413 1224
436 413 1183
416 413 1055
175 413 406
396 172 847
175 172 299
408 172 299
436 172 299
416 172 232
436 412 1183
396 412 1141
408 412 987
416 412 636
175 412 301
436 414 1183
416 414 951
396 414 945
408 414 446
175 414 379
396 325 1118
408 325 533
175 325 440
310 175 1118
374 175 797
338 175 280
360 175 276
140 175 217
374 396 1275
140 396 987
360 396 753
338 396 653
310 396 264
140 408 1172
374 408 798
310 408 723
338 408 199
360 408 199
374 416 1214
140 416 827
338 416 599
360 416 475
310 416 347
374 436 995
140 436 578
338 436 435
360 436 435
310 436 353
238 140 1078
405 360 913
372 360 742
152 360 721
374 338 621
152 338 573
372 338 573
405 338 501
405 374 993
152 374 713
389 310 346
152 310 309
152 372 1282
76 152 1254
152 389 711
152 374 1272
152 405 1132
152 238 1300
200 238 1109
