147
800 184 512
784 184 25
745 184 839
775 184 1086
800 414 1283
784 414 475
745 414 893
746 414 856
775 414 1008
800 474 1282
784 474 475
745 474 893
746 474 856
775 474 1008
800 484 1252
784 484 592
745 484 893
746 484 856
775 484 1008
800 547 990
784 547 796
745 547 335
746 547 490
775 547 596
800 604 1284
784 604 475
745 604 893
746 604 856
775 604 1008
800 621 1284
784 621 475
745 621 893
746 621 856
775 621 1008
800 717 1218
784 717 454
745 717 289
746 717 255
775 717 596
800 718 873
784 718 475
745 718 873
746 718 856
775 718 873
800 731 1284
784 731 475
745 731 893
746 731 892
775 731 1008
800 747 1261
784 747 475
745 747 893
746 747 892
775 747 1008
800 778 1223
784 778 892
775 778 520
752 800 1139
81 800 37
758 784 548
81 784 9
752 784 28
787 745 765
81 745 6
81 746 1027
752 746 906
758 746 151
787 746 3
752 775 879
758 775 556
277 787 1175
500 787 132
277 758 71
349 758 21
500 758 1
349 752 548
277 752 13
500 717 929
349 717 18
403 349 924
330 349 881
107 349 662
413 349 470
403 90 80
330 500 936
403 500 750
403 277 897
107 277 333
232 107 370
408 107 1
412 403 1247
398 403 1043
232 403 904
436 403 427
408 403 380
412 413 1241
398 413 1214
436 413 1112
408 413 1015
232 413 438
398 375 687
232 375 511
436 375 503
412 375 414
408 330 548
436 330 379
232 330 379
398 330 379
412 390 1247
232 390 904
398 390 774
408 390 380
436 414 1112
398 414 1107
232 414 904
412 414 707
408 414 380
228 408 968
140 408 773
255 408 773
233 408 748
140 232 495
233 232 466
228 232 308
255 398 1181
140 398 603
233 398 541
228 398 430
233 436 1101
255 436 981
140 436 947
228 436 483
255 412 1181
140 412 1051
233 412 325
228 412 269
238 140 926
304 228 1091
214 228 462
304 233 629
214 255 382
152 304 1300
76 304 655
152 214 1300
76 214 915
152 238 1300
76 238 569
