139
816 392 961
450 392 307
757 392 961
33 392 307
6 392 296
816 507 1009
450 507 580
757 507 1220
33 507 942
6 507 564
816 525 610
450 525 580
757 525 1137
33 525 519
6 525 564
816 572 1088
450 572 580
757 572 1200
33 572 970
6 572 564
816 592 1088
450 592 497
757 592 497
33 592 970
6 592 1055
816 653 1112
450 653 489
757 653 739
33 653 970
6 653 414
816 659 1088
450 659 544
757 659 544
33 659 323
6 659 1055
816 674 1008
450 674 580
757 674 941
33 674 970
6 674 564
816 888 775
450 888 442
757 888 710
33 888 626
6 888 396
450 30 10
757 30 1241
6 30 587
450 893 279
757 893 710
6 893 540
757 122 1228
33 122 581
757 276 1174
6 276 427
738 816 994
750 816 1126
763 816 9
389 816 3
750 450 1112
763 450 857
614 450 812
389 450 418
738 450 171
389 757 1231
750 757 281
389 33 1282
750 33 846
389 6 1238
738 6 213
327 750 844
499 750 949
499 389 934
233 389 853
327 389 514
136 389 455
233 614 929
327 614 489
499 614 421
384 614 352
136 614 328
384 738 20
327 763 76
112 233 1158
219 233 396
264 233 296
112 136 1171
264 136 799
219 136 701
414 136 450
112 327 1235
264 327 651
219 327 452
264 499 836
112 499 188
219 499 262
112 384 656
219 384 569
408 112 1
439 264 444
439 219 822
436 219 714
398 219 704
408 219 347
408 415 1169
398 415 932
436 415 932
439 415 391
398 414 1201
436 414 1197
439 414 921
408 414 448
208 408 1014
201 408 607
267 408 536
267 436 536
201 436 517
208 436 507
307 436 458
307 398 458
208 398 380
201 398 380
267 398 283
201 439 588
267 439 536
208 439 409
368 307 1262
152 307 839
214 208 1035
356 208 545
214 201 531
152 201 434
368 267 754
356 267 442
76 152 1291
152 368 1038
152 214 1300
76 214 682
76 356 1173
