219
605 122 247
665 122 231
761 122 28
757 122 1225
605 197 210
665 197 1
0 197 1
605 386 247
435 386 629
665 386 318
761 386 577
0 386 431
125 386 575
757 386 823
605 436 201
435 436 572
665 436 318
761 436 577
0 436 366
125 436 649
757 436 1229
605 474 349
435 474 387
665 474 402
761 474 132
0 474 293
125 474 649
757 474 1114
605 498 264
435 498 629
665 498 291
761 498 164
0 498 267
125 498 649
757 498 725
605 555 420
435 555 629
665 555 318
761 555 577
0 555 217
125 555 649
757 555 746
605 559 251
435 559 629
761 559 743
0 559 743
125 559 649
757 559 995
605 579 293
435 579 629
665 579 318
761 579 577
0 579 453
125 579 649
757 579 859
605 610 421
435 610 298
665 610 345
761 610 611
0 610 220
125 610 325
757 610 936
605 633 373
435 633 387
665 633 249
761 633 276
0 633 453
125 633 649
757 633 725
605 649 263
435 649 629
665 649 350
761 649 363
0 649 453
125 649 649
757 649 908
605 681 184
435 681 407
665 681 318
761 681 577
0 681 447
125 681 522
757 681 1158
605 692 451
435 692 407
665 692 318
761 692 922
0 692 836
125 692 249
757 692 780
814 605 706
759 605 706
823 605 426
784 605 253
643 605 213
750 605 209
777 605 186
750 435 1117
777 435 701
814 435 685
784 435 545
823 435 510
819 435 433
759 435 361
643 435 329
823 665 1181
784 665 571
643 665 486
759 665 427
777 665 369
750 665 294
784 761 943
643 761 818
777 761 363
823 761 33
750 0 353
823 0 841
784 0 1
777 0 9
814 125 663
643 125 359
823 125 17
823 757 1018
777 757 339
784 757 75
750 757 114
814 757 2
501 750 650
499 750 686
499 823 19
221 823 1
305 784 292
303 777 487
305 777 425
499 777 607
501 777 1
221 759 5
305 759 2
303 814 343
463 643 1284
305 643 333
240 643 203
305 819 713
221 819 187
240 819 291
501 819 95
375 305 685
409 305 563
415 305 526
219 305 490
409 221 490
409 499 671
219 499 164
409 303 421
219 303 212
219 501 114
409 501 1
409 240 421
219 240 222
375 463 1300
414 463 1296
415 463 737
409 463 656
402 375 1240
436 375 691
416 375 691
398 375 468
439 375 245
439 409 1218
416 409 1028
402 409 433
436 409 421
398 409 137
402 219 635
416 219 607
439 219 438
436 219 373
398 219 362
436 415 762
402 415 762
398 415 762
416 415 648
439 415 230
436 414 1157
398 414 1146
402 414 1129
439 414 1033
416 414 877
140 402 1300
208 402 1297
267 402 369
199 402 205
140 398 841
208 398 531
199 398 467
208 436 851
140 436 851
199 436 534
267 436 369
140 416 841
208 416 318
140 439 1200
199 439 737
208 439 661
267 439 369
238 140 983
168 140 273
168 199 540
152 199 428
214 199 380
168 208 1198
214 208 1154
168 264 487
152 264 428
152 168 1300
76 152 1296
152 214 1300
76 214 978
152 238 1300
