155
803 122 95
789 122 833
665 122 321
757 122 1274
803 474 763
789 474 391
665 474 390
548 474 671
757 474 1238
803 587 763
789 587 391
665 587 390
548 587 671
757 587 1185
803 621 763
789 621 894
665 621 601
548 621 901
757 621 1181
803 627 1163
789 627 391
665 627 458
548 627 136
757 627 1166
803 724 1163
789 724 391
665 724 225
548 724 671
757 724 1240
803 765 877
789 765 367
665 765 316
548 765 640
757 765 1141
789 54 530
548 54 347
757 54 1235
823 803 256
400 803 2
608 789 587
823 789 73
823 665 1043
831 665 940
823 548 1026
831 548 795
735 548 613
608 548 598
400 548 559
400 757 925
823 757 725
608 757 93
831 757 187
735 757 31
499 823 294
240 400 1123
499 400 1122
428 400 361
501 400 164
499 831 1203
303 831 306
501 831 602
499 608 1193
428 608 1010
501 608 689
303 608 372
499 735 530
240 735 754
303 735 427
501 735 164
414 428 1062
407 428 791
264 428 664
409 428 628
225 428 321
246 428 250
264 240 501
407 240 480
409 240 381
225 240 317
246 240 295
409 499 584
264 499 695
225 303 776
407 303 480
409 303 381
246 501 988
264 501 457
409 501 1
443 246 701
418 246 520
408 246 271
439 409 1224
408 409 1055
416 409 996
418 409 644
443 409 536
436 409 468
443 264 791
418 264 520
439 264 313
439 407 1224
408 407 1174
416 407 828
418 407 644
443 407 590
436 407 468
443 225 540
418 225 520
408 225 323
436 414 1152
439 414 950
416 414 811
443 414 757
418 414 644
408 414 323
140 418 949
199 418 689
267 418 525
208 418 475
201 418 455
140 408 1208
208 408 1009
199 408 689
267 408 525
201 408 473
140 443 893
199 443 689
208 443 488
201 443 455
267 443 284
140 436 726
199 436 689
208 436 553
267 436 525
201 436 455
140 416 643
201 416 392
267 416 295
208 416 278
140 439 1181
199 439 689
267 439 525
208 439 475
201 439 455
238 140 1117
370 199 1092
214 199 436
214 208 1180
214 201 716
370 267 718
76 370 1023
76 152 1288
200 214 1108
76 214 868
200 238 1108
