164
197 197 1052
784 197 822
0 197 3
197 436 691
784 436 447
0 436 158
757 436 1247
391 436 638
197 453 617
784 453 768
0 453 745
757 453 1024
391 453 180
197 587 691
784 587 732
0 587 704
757 587 1247
391 587 890
197 634 691
784 634 732
0 634 704
757 634 1114
391 634 890
197 659 691
784 659 447
0 659 670
757 659 1247
391 659 605
197 681 691
784 681 740
0 681 697
757 681 1247
391 681 171
197 934 283
391 934 122
784 122 1196
757 122 1250
784 555 452
0 555 438
757 555 1102
391 555 746
809 197 461
823 197 419
759 197 5
705 784 675
809 784 42
6 0 224
809 0 337
705 0 586
823 0 442
823 757 717
809 757 256
406 757 1
809 391 806
759 391 584
823 391 584
6 391 573
705 391 567
501 6 1087
240 6 75
240 809 727
221 809 1194
240 705 724
221 705 7
501 705 4
261 823 153
225 823 33
221 823 6
221 759 30
225 406 1138
261 406 980
501 406 841
240 406 754
221 406 516
409 225 548
264 225 511
414 225 495
219 225 479
407 225 411
407 221 764
409 221 438
407 261 881
409 261 539
219 261 330
264 261 314
264 501 296
219 501 79
409 501 1
264 240 530
407 240 393
409 240 334
219 240 204
439 409 1231
408 409 1056
418 409 704
436 409 446
398 409 172
418 264 584
439 264 324
439 219 748
436 219 524
398 219 493
418 219 480
408 219 297
439 407 1231
408 407 1144
418 407 704
436 407 446
398 407 226
408 415 1095
398 415 900
436 415 900
418 415 704
439 415 221
436 414 1167
398 414 1164
439 414 876
418 414 704
408 414 317
140 408 1212
208 408 992
374 408 946
199 408 796
267 408 445
374 418 1175
140 418 994
199 418 796
208 418 454
267 418 445
374 436 872
199 436 712
140 436 712
208 436 575
267 436 445
374 398 1175
140 398 711
199 398 656
208 398 454
140 439 1184
374 439 1175
199 439 796
208 439 454
267 439 445
238 140 1105
370 199 1029
352 199 461
152 199 382
214 208 1059
368 374 829
152 374 802
214 374 407
370 267 693
368 267 599
352 267 461
101 370 1171
76 370 994
76 152 1287
101 355 1036
152 368 945
101 368 889
152 214 1300
76 214 723
101 352 1016
152 238 1300
