120
773 122 35
335 122 541
10 122 966
773 159 580
10 159 817
773 177 637
335 177 46
10 177 736
773 620 602
819 620 997
335 620 690
10 620 1054
773 728 816
819 728 997
335 728 1014
10 728 1054
773 816 1195
819 816 835
335 816 408
10 816 548
773 845 990
819 845 977
10 845 561
773 999 11
819 999 580
335 999 1014
10 999 577
819 249 1173
10 249 1187
819 987 1164
335 987 414
604 773 27
202 819 1216
604 819 21
202 335 1069
193 335 969
608 335 591
604 335 241
202 10 1207
193 10 1275
486 193 1239
344 193 30
344 604 1148
446 604 943
317 604 486
486 604 298
446 202 994
344 202 955
486 202 1254
344 608 1148
446 608 943
486 608 600
471 317 1216
159 317 748
121 317 686
471 344 1251
159 344 274
471 446 1160
159 446 481
471 486 1086
172 159 1032
176 159 338
409 159 322
443 159 266
176 471 1093
172 471 80
409 471 21
443 471 12
409 121 11
176 121 43
223 409 900
208 409 574
246 409 504
244 409 380
267 409 142
232 172 1161
223 172 1097
244 172 863
267 172 767
246 172 708
244 429 885
208 429 574
232 429 533
246 429 504
267 429 489
223 429 419
223 443 1042
244 443 516
246 443 504
208 443 462
223 176 867
246 176 708
232 176 609
244 176 399
208 176 345
214 208 1160
352 208 429
375 246 958
214 246 829
352 246 816
378 246 672
378 244 1178
375 244 815
352 244 447
370 244 408
375 232 1288
352 232 447
370 267 689
378 267 537
375 267 469
375 223 1239
214 223 1160
352 223 447
378 223 436
168 370 1284
152 378 1291
152 375 519
152 214 1299
200 214 1168
168 352 1284
