160
814 461 708
416 461 187
219 461 989
721 461 1282
428 461 330
814 480 705
416 480 217
219 480 989
721 480 1242
428 480 330
814 638 809
416 638 629
219 638 989
721 638 1242
428 638 330
814 705 705
416 705 466
219 705 989
721 705 1233
428 705 330
814 727 781
416 727 385
219 727 139
721 727 975
428 727 352
814 748 705
219 748 472
721 748 1044
428 748 315
814 761 705
416 761 385
219 761 989
721 761 1280
428 761 330
814 765 705
416 765 366
219 765 989
721 765 1242
428 765 330
814 769 589
416 769 179
219 769 1064
721 769 1077
428 769 474
814 824 159
416 824 179
219 824 1064
721 824 1105
428 824 729
814 925 962
428 925 36
416 288 949
219 288 319
721 288 1196
721 969 1040
428 969 404
823 814 855
767 814 259
823 416 726
767 416 710
520 416 438
729 416 380
604 416 251
767 219 30
604 721 13
823 721 1
823 428 1027
520 428 888
729 428 378
767 428 378
604 428 376
229 823 37
419 604 1116
229 604 1097
457 604 1020
56 604 728
93 604 336
463 604 292
419 767 939
93 767 1240
457 767 8
56 767 2
56 520 962
93 520 638
229 520 528
457 520 432
93 729 693
56 729 74
379 419 1239
184 419 497
212 419 465
390 419 318
184 229 627
212 229 542
379 229 261
379 457 1239
390 457 1196
184 457 497
379 93 1024
184 93 623
184 56 1
212 56 45
414 463 1298
390 463 1160
415 463 410
184 463 394
379 463 202
398 184 774
408 184 739
416 184 641
436 184 572
408 212 363
436 212 363
398 212 363
408 379 739
416 379 659
436 379 557
398 379 503
416 390 1243
402 390 1199
398 390 433
408 390 378
436 390 109
436 414 1167
402 414 1120
398 414 1104
416 414 933
408 414 378
436 415 982
398 415 982
402 415 952
408 415 741
416 415 736
265 408 1054
140 408 1046
208 408 974
440 408 570
424 408 470
140 402 1300
208 402 1300
265 402 1073
440 402 675
265 398 1073
440 398 939
140 398 775
424 398 619
208 398 437
208 436 874
140 436 874
424 436 570
440 436 570
265 436 217
265 416 1073
440 416 840
140 416 775
424 416 619
208 416 363
238 140 1219
76 152 1264
152 238 1300
