247
583 451 677
609 451 329
732 451 415
610 451 463
297 451 354
371 451 238
391 451 320
739 451 875
583 452 674
609 452 328
732 452 386
610 452 193
297 452 795
371 452 570
391 452 457
583 476 677
609 476 328
732 476 222
610 476 240
297 476 863
371 476 570
391 476 320
739 476 875
583 546 677
609 546 412
732 546 658
610 546 463
297 546 249
371 546 238
391 546 320
739 546 875
583 653 677
609 653 329
732 653 415
610 653 226
297 653 863
371 653 570
391 653 320
739 653 875
583 675 631
609 675 328
732 675 350
610 675 463
297 675 350
371 675 333
391 675 320
739 675 421
583 775 448
609 775 375
732 775 355
610 775 253
297 775 704
371 775 315
391 775 128
739 775 347
583 834 448
609 834 396
732 834 328
610 834 262
297 834 675
371 834 315
391 834 149
739 834 213
583 839 492
609 839 375
610 839 344
297 839 637
391 839 252
583 844 492
609 844 204
610 844 566
297 844 703
371 844 430
391 844 293
739 844 436
583 846 743
732 846 355
610 846 572
297 846 158
371 846 430
391 846 553
583 859 492
609 859 375
732 859 355
610 859 253
297 859 703
371 859 430
583 891 253
609 891 375
732 891 270
610 891 579
297 891 158
371 891 315
391 891 553
739 891 279
500 583 967
597 583 940
585 583 940
689 583 940
738 583 902
721 583 276
597 609 1063
585 609 1048
689 609 961
738 609 902
500 609 554
721 609 363
500 732 348
597 732 400
738 732 17
597 610 1117
585 610 1048
689 610 961
738 610 902
721 610 428
500 610 250
738 297 741
597 297 726
500 297 674
585 297 596
721 297 431
689 297 378
738 371 958
500 371 674
597 371 512
721 371 455
689 371 391
585 371 344
597 391 996
721 391 755
738 391 551
585 391 540
500 391 456
689 391 263
500 739 531
597 739 37
585 739 57
428 597 1194
463 597 1007
454 597 867
456 597 808
431 597 606
431 500 1060
428 500 1003
456 500 625
428 689 1194
463 689 1095
456 689 871
454 689 867
431 689 606
454 738 2
431 721 914
428 585 973
431 585 955
454 585 867
456 585 747
172 456 664
414 456 469
325 456 216
325 428 1066
415 428 1049
414 428 1049
172 428 911
361 428 683
390 428 159
414 454 981
415 454 981
172 454 911
361 454 879
325 454 546
390 454 235
415 431 1090
325 431 870
172 431 749
361 431 299
414 463 1293
390 463 835
415 463 564
361 463 340
235 361 1193
396 361 1002
390 361 757
408 361 345
235 172 1015
390 172 710
396 172 655
439 172 470
408 172 201
396 390 1033
390 390 866
408 390 440
439 390 190
235 390 112
408 415 1095
396 415 1033
390 415 866
235 415 777
439 415 229
396 414 956
439 414 762
390 414 489
235 414 479
408 414 440
235 325 1061
396 325 1002
390 325 924
408 325 597
208 408 891
267 408 312
303 235 1026
338 235 762
208 396 704
338 396 600
303 396 309
338 390 600
303 390 543
208 390 254
338 439 507
208 439 338
267 439 312
303 439 309
214 208 976
154 208 803
374 208 406
389 264 1151
396 264 911
154 264 436
374 338 733
152 338 528
214 338 502
374 303 898
396 303 886
152 303 789
154 303 424
389 267 990
396 267 911
368 267 529
154 267 424
101 343 1023
76 152 1273
101 389 667
101 349 1288
101 368 946
101 374 881
76 214 629
101 396 836
76 154 735
