152
0 238 294
762 238 347
510 238 29
60 238 13
0 262 934
762 262 2
757 262 279
0 391 587
762 391 665
757 391 988
510 391 587
60 391 431
0 408 341
762 408 919
757 408 919
510 408 329
60 408 431
0 634 587
762 634 975
757 634 1064
510 634 479
60 634 360
0 695 262
762 695 969
757 695 969
510 695 407
60 695 517
0 721 251
762 721 544
757 721 662
510 721 407
60 721 287
0 728 587
762 728 775
757 728 1099
510 728 479
60 728 431
0 763 254
762 763 998
757 763 998
510 763 587
60 763 190
0 765 262
762 765 721
757 765 960
510 765 329
60 765 431
0 797 676
762 797 816
757 797 333
510 797 237
60 797 669
0 817 662
762 817 952
757 817 884
60 817 635
400 0 997
36 762 1045
400 762 671
400 757 926
831 757 155
202 510 851
400 510 553
831 510 546
36 510 459
604 510 396
36 60 323
202 60 282
831 60 88
162 400 992
499 400 796
317 400 419
446 36 805
317 36 583
499 604 964
446 604 776
162 604 466
317 604 447
486 604 266
499 831 1036
486 202 1177
446 202 861
216 317 551
409 317 350
37 317 196
414 446 707
216 446 658
409 446 419
409 486 288
37 486 1195
409 499 519
37 499 568
37 162 569
216 162 490
409 162 291
408 37 12
416 409 966
408 409 950
402 409 453
436 409 397
398 409 241
408 216 1089
416 216 757
436 216 757
402 216 374
398 216 299
436 414 1040
398 414 1030
402 414 1011
416 414 782
408 414 287
408 415 988
402 415 837
436 415 837
398 415 837
416 415 538
140 402 1206
208 402 1206
199 402 163
310 402 157
140 398 718
208 398 512
199 398 512
310 398 192
140 408 1158
208 408 959
199 408 584
310 408 317
208 436 736
140 436 736
199 436 584
140 416 718
208 416 288
310 416 280
168 208 1115
214 208 939
168 140 263
238 140 895
152 199 382
168 199 358
214 199 351
168 310 964
214 310 567
152 199 917
200 199 917
152 168 1206
200 168 1142
200 152 708
152 214 1206
200 214 1142
152 238 1206
200 238 1142
