117
249 209 1102
239 209 1081
757 209 530
249 392 910
239 392 517
757 392 989
306 392 1050
249 533 934
239 533 392
757 533 910
306 533 907
249 555 934
239 555 638
757 555 995
306 555 179
249 776 537
239 776 462
757 776 944
306 776 589
249 828 882
239 828 462
757 828 533
306 828 533
249 870 533
239 870 502
757 870 955
306 870 992
249 878 1043
239 878 462
757 878 297
306 878 136
249 885 1043
239 885 462
306 885 1115
757 182 1092
306 182 1005
757 1011 34
721 249 1293
268 249 3
721 239 1234
722 239 131
817 239 147
817 757 339
721 757 901
823 757 997
268 757 122
722 306 1263
823 306 1124
721 306 1085
268 306 809
817 306 269
499 823 36
499 817 1104
82 817 1032
499 721 138
428 722 192
182 722 16
499 268 1037
82 268 656
182 268 595
121 182 992
264 182 789
409 182 737
415 428 1022
264 428 846
414 428 846
409 428 735
264 499 884
409 499 705
121 499 22
121 82 1261
439 409 1260
408 409 1103
436 409 529
398 409 253
439 264 291
408 121 6
408 415 1106
398 415 1001
436 415 1001
439 415 307
398 414 1187
436 414 1179
439 414 982
408 414 411
140 408 1157
208 408 983
374 408 972
220 408 890
267 408 511
374 436 928
140 436 611
208 436 611
267 436 511
220 436 431
374 398 1171
220 398 781
140 398 590
208 398 308
267 398 284
374 439 1171
140 439 1094
220 439 619
267 439 511
208 439 478
238 140 1109
214 208 1125
152 374 864
214 374 288
214 220 1125
152 220 344
152 264 344
76 152 1292
200 152 680
200 214 1180
76 214 843
200 238 1180
