215
212 30 624
665 30 375
548 30 175
757 30 1264
268 30 95
212 167 5
605 167 194
268 167 181
212 392 572
605 392 303
0 392 255
548 392 200
757 392 872
268 392 586
212 407 368
605 407 370
665 407 340
0 407 376
548 407 570
757 407 673
268 407 717
212 466 213
605 466 340
665 466 237
0 466 376
548 466 558
757 466 886
268 466 529
212 470 1016
605 470 280
665 470 389
0 470 435
548 470 558
757 470 1203
268 470 702
212 572 524
605 572 247
665 572 292
0 572 285
548 572 347
757 572 1139
268 572 801
212 624 872
605 624 230
665 624 206
0 624 435
548 624 296
757 624 872
268 624 717
212 860 134
605 860 376
665 860 539
0 860 357
548 860 540
757 860 1081
268 860 203
212 873 133
605 873 387
665 873 247
0 873 556
548 873 540
757 873 1081
268 873 203
605 122 217
665 122 188
757 122 1256
605 665 212
665 665 389
548 665 558
757 665 1056
268 665 801
605 776 376
665 776 539
0 776 556
548 776 300
757 776 1059
605 801 394
665 801 386
0 801 556
548 801 316
757 801 1204
268 801 274
605 808 291
665 808 539
0 808 234
548 808 198
757 808 1008
268 808 274
608 212 194
823 212 27
585 605 871
823 605 540
608 605 513
779 605 262
614 605 238
823 665 1014
614 665 280
585 665 192
823 0 509
823 548 1019
608 548 433
614 548 433
779 548 433
585 548 358
823 757 698
779 757 29
608 757 94
779 268 922
614 268 723
608 268 395
585 268 345
823 268 233
499 823 89
499 614 500
431 614 442
182 614 437
384 614 422
428 614 421
499 608 1098
428 608 972
182 608 761
384 608 215
431 608 187
499 779 1095
384 779 975
182 779 14
431 779 1
431 585 683
428 585 524
384 585 422
499 585 370
182 585 297
409 182 746
219 182 630
264 182 564
415 428 1007
414 428 994
409 428 751
264 428 638
219 428 624
264 499 666
409 499 716
219 499 225
415 431 1020
409 431 878
414 431 198
409 384 390
219 384 390
439 409 1261
408 409 1076
418 409 771
436 409 517
398 409 163
418 264 635
439 264 464
408 264 266
439 219 798
436 219 660
398 219 644
418 219 541
408 219 401
408 415 1104
436 415 869
398 415 869
418 415 771
439 415 293
436 414 1206
398 414 1197
439 414 906
418 414 771
408 414 398
140 408 1239
208 408 970
374 408 969
201 408 562
267 408 517
374 418 1148
140 418 916
267 418 517
201 418 507
208 418 354
374 436 944
140 436 586
208 436 586
267 436 517
201 436 507
374 398 1148
140 398 789
201 398 452
208 398 354
267 398 242
140 439 1181
374 439 1148
267 439 517
201 439 507
208 439 354
238 140 1131
374 208 433
368 374 795
152 374 752
375 201 815
152 201 391
375 264 623
152 264 391
368 267 616
76 152 1286
101 355 1078
101 415 969
152 368 1012
101 368 928
152 375 463
152 374 1223
101 374 801
152 238 1300
101 238 513
