177
605 392 445
47 392 768
548 392 609
386 392 752
46 392 675
762 392 365
605 414 630
47 414 768
548 414 816
386 414 520
46 414 675
762 414 651
605 433 491
47 433 768
548 433 1101
386 433 520
46 433 675
762 433 503
605 519 283
47 519 768
548 519 188
386 519 752
46 519 839
762 519 652
605 637 445
47 637 758
548 637 993
386 637 520
46 637 675
762 637 652
605 662 447
47 662 768
548 662 578
386 662 752
46 662 675
762 662 578
605 676 447
47 676 768
548 676 850
386 676 573
46 676 715
762 676 850
605 689 296
47 689 768
548 689 1101
386 689 520
46 689 675
762 689 503
605 743 521
47 743 657
548 743 636
386 743 520
46 743 751
762 743 652
605 776 631
548 776 555
386 776 629
46 776 570
762 776 214
605 833 466
47 833 179
548 833 301
386 833 629
46 833 570
762 833 663
605 867 631
47 867 329
548 867 344
386 867 522
46 867 862
762 867 663
585 605 1149
597 605 1096
738 605 1028
763 605 337
585 47 86
763 47 1193
597 548 1007
763 548 821
738 548 734
585 548 712
738 386 1085
597 386 892
763 386 829
585 386 712
597 46 537
763 46 1096
585 762 673
428 597 1196
454 597 1032
245 597 730
431 597 704
225 597 181
245 738 113
454 738 12
245 763 1262
225 763 64
431 585 1001
454 585 901
428 585 901
245 585 730
225 585 181
172 225 748
414 225 620
361 225 361
390 225 361
415 428 1060
414 428 1060
172 428 969
361 428 711
415 454 982
414 454 982
172 454 969
361 454 870
390 454 451
415 431 1011
172 431 807
361 431 370
172 245 640
361 245 305
396 361 1092
390 361 823
408 361 352
396 172 884
390 172 698
439 172 247
408 172 230
436 172 230
396 390 1125
390 390 818
408 390 419
439 390 207
436 414 1116
439 414 1029
396 414 971
390 414 539
408 414 419
396 415 1125
436 415 1009
408 415 955
390 415 818
439 415 208
140 396 1058
338 396 549
303 396 400
267 396 182
140 408 1260
267 408 412
140 436 575
303 436 499
338 436 468
267 436 412
140 390 1058
338 390 549
303 390 530
140 439 1118
338 439 549
267 439 412
303 439 400
238 140 1149
386 303 1057
396 303 909
152 303 809
152 338 809
386 267 1110
396 267 909
348 267 893
101 343 888
76 152 1279
76 386 1172
152 396 1060
101 396 727
101 349 1266
152 348 1289
101 348 778
152 238 1300
101 238 653
