147
751 23 741
281 23 127
813 23 1255
58 23 146
278 23 378
751 489 300
281 489 323
813 489 1272
58 489 757
278 489 525
751 646 353
281 646 323
813 646 1261
58 646 757
278 646 443
751 671 360
281 671 141
813 671 1248
58 671 563
278 671 443
751 784 123
281 784 914
813 784 573
58 784 502
751 805 173
281 805 822
813 805 1139
278 805 173
751 813 725
281 813 336
813 813 685
58 813 950
278 813 842
751 851 528
281 851 560
813 851 671
58 851 950
278 851 842
751 870 254
281 870 190
813 870 830
58 870 950
278 870 842
751 878 552
281 878 822
813 878 764
58 878 572
278 878 572
281 352 5
813 352 1300
278 352 1
281 1016 932
813 1016 1087
813 38 1296
716 751 774
748 751 1044
560 751 512
680 751 68
716 281 825
748 281 610
680 281 479
560 281 330
464 281 262
680 813 349
716 813 280
560 813 451
464 813 17
748 813 3
464 58 382
748 58 1116
560 58 66
680 278 699
560 278 578
464 278 372
716 278 353
748 278 309
472 716 1271
200 716 153
25 716 647
9 716 412
200 748 737
472 748 382
9 748 846
25 748 1020
200 464 1126
281 464 1125
9 464 898
472 464 722
25 464 403
463 464 217
200 680 1010
9 680 564
25 680 315
472 680 239
200 560 1126
281 560 770
472 560 722
463 560 608
9 560 414
25 560 328
103 9 1220
23 9 102
30 200 1030
103 200 948
23 200 689
403 200 384
23 25 1256
49 25 10
103 472 1262
403 472 269
49 472 770
23 472 527
30 281 1061
403 281 384
403 463 314
103 463 305
23 463 156
49 463 153
68 30 983
402 403 339
436 403 339
340 403 198
68 403 158
68 103 1128
68 49 1196
340 23 586
191 68 1282
140 402 1300
208 402 1300
381 402 477
208 436 1150
140 436 1150
381 436 477
191 436 357
191 340 1198
140 340 811
208 340 736
381 340 569
238 140 1205
214 208 1146
348 191 1
214 381 747
152 214 1300
200 214 1096
152 348 1295
152 238 1300
200 238 1096
