228
460 408 507
665 408 471
535 408 342
805 408 930
777 408 462
96 408 471
796 408 858
460 422 507
665 422 277
535 422 470
805 422 1044
777 422 579
96 422 660
796 422 858
460 525 507
665 525 547
535 525 255
805 525 981
777 525 330
96 525 660
796 525 858
460 540 507
665 540 221
535 540 671
805 540 817
777 540 798
96 540 660
796 540 869
460 570 353
665 570 499
535 570 255
805 570 958
777 570 579
96 570 589
796 570 958
460 599 484
665 599 348
535 599 255
805 599 439
777 599 645
96 599 409
796 599 999
460 603 507
665 603 763
535 603 165
805 603 1047
777 603 499
96 603 341
796 603 858
460 659 195
665 659 391
535 659 255
805 659 373
777 659 579
96 659 660
796 659 1000
460 667 172
665 667 555
535 667 415
805 667 563
777 667 330
96 667 555
796 667 563
460 765 507
665 765 532
535 765 533
805 765 1047
777 765 416
96 765 532
796 765 858
460 812 193
665 812 298
805 812 172
777 812 535
96 812 474
796 812 450
460 820 452
665 820 330
535 820 152
805 820 259
777 820 535
96 820 381
796 820 197
460 828 540
665 828 330
805 828 146
777 828 535
796 828 196
665 231 470
96 231 590
796 231 44
665 562 222
535 562 255
805 562 896
777 562 579
96 562 349
796 562 896
535 906 161
777 906 423
796 906 287
831 460 856
791 460 710
763 460 640
698 460 511
604 460 235
585 460 155
831 665 903
791 665 847
763 665 343
604 665 280
698 665 142
831 535 981
791 535 869
763 535 551
698 535 324
604 535 235
585 535 155
763 805 555
831 805 1041
604 777 217
763 96 503
831 96 1028
698 96 3
585 96 1
585 796 200
831 796 347
344 791 16
384 791 65
308 791 493
384 698 443
308 698 256
344 604 832
384 604 443
168 604 321
463 604 221
168 831 261
344 831 389
308 831 1031
344 763 525
308 763 172
168 585 598
308 585 567
384 585 443
344 585 357
463 585 221
407 344 520
409 344 476
219 344 466
409 308 428
407 308 319
219 308 264
219 486 988
409 486 356
219 168 478
409 168 428
409 384 220
219 384 220
407 384 195
414 463 1291
415 463 654
409 463 603
407 463 176
439 409 1238
408 409 1123
416 409 982
436 409 559
398 409 269
416 219 580
439 219 580
398 219 580
436 219 580
408 219 368
439 407 1238
408 407 1115
416 407 748
436 407 559
398 407 214
436 415 1043
398 415 1043
408 415 1008
416 415 637
439 415 177
398 414 1161
436 414 1152
439 414 942
416 414 761
408 414 466
265 398 923
140 398 656
199 398 539
324 398 409
267 398 255
140 408 1226
265 408 923
199 408 700
267 408 537
324 408 459
140 436 646
199 436 622
267 436 537
324 436 409
265 416 923
140 416 656
324 416 409
267 416 326
140 439 1220
265 439 829
199 439 700
267 439 537
324 439 409
264 439 125
238 140 1107
152 199 447
378 199 436
378 264 659
379 264 364
368 265 1203
378 265 837
379 265 612
368 267 627
379 267 364
379 324 364
76 152 1230
134 368 1299
152 368 1024
134 379 1091
152 378 1292
152 238 1300
