251
800 441 1209
137 441 226
605 441 271
744 441 926
665 441 325
252 441 722
742 441 331
800 462 1160
137 462 247
605 462 223
744 462 926
665 462 500
252 462 722
742 462 247
800 499 968
137 499 162
605 499 147
744 499 737
665 499 586
252 499 968
742 499 670
800 518 832
137 518 192
605 518 239
744 518 459
665 518 390
252 518 805
742 518 192
800 544 1105
137 544 725
605 544 114
744 544 351
665 544 500
252 544 934
742 544 331
800 549 1235
605 549 298
744 549 926
665 549 608
252 549 722
742 549 711
800 597 1235
137 597 725
605 597 449
744 597 926
665 597 344
252 597 722
742 597 431
800 625 822
137 625 359
605 625 238
744 625 671
665 625 500
252 625 671
742 625 331
800 643 754
137 643 576
605 643 173
744 643 373
665 643 342
252 643 754
742 643 281
800 655 867
137 655 725
605 655 328
744 655 459
665 655 394
252 655 620
742 655 331
800 688 1113
137 688 337
605 688 238
744 688 926
665 688 500
252 688 722
742 688 331
800 710 891
137 710 162
605 710 223
744 710 737
665 710 472
252 710 720
742 710 458
800 713 1052
137 713 725
605 713 236
744 713 926
665 713 333
252 713 883
800 813 1027
605 813 392
744 813 384
665 813 334
252 813 365
742 813 398
800 878 1065
605 878 389
744 878 139
665 878 400
252 878 648
769 800 132
254 800 1169
752 800 660
755 800 177
704 800 312
681 800 44
704 137 509
769 137 1104
681 137 101
787 137 71
681 605 687
755 605 425
752 605 389
769 605 327
704 744 444
769 744 455
254 744 1084
755 744 35
787 744 91
681 665 1015
704 665 717
752 665 619
769 665 404
755 665 279
755 252 792
254 252 125
752 252 138
254 742 133
787 742 462
755 742 18
500 254 999
29 254 1244
265 254 2
29 787 299
500 787 131
265 787 1
265 755 451
29 755 318
500 755 675
177 755 56
159 755 1
500 769 215
265 769 161
500 752 1
265 704 566
500 704 342
463 681 1019
159 681 780
177 681 652
500 681 643
29 681 617
265 681 483
50 29 1153
50 500 504
403 500 532
403 177 670
412 177 496
403 159 656
50 159 480
375 159 458
412 159 180
403 265 629
414 463 1297
375 463 1292
390 463 1083
50 463 608
403 463 188
412 463 170
396 50 924
408 50 103
436 412 1110
398 412 1110
396 412 906
408 412 890
416 412 403
412 412 314
398 375 694
436 375 493
416 375 418
412 375 409
408 375 344
416 403 1240
412 403 1197
398 403 957
396 403 906
408 403 428
436 403 422
416 390 1240
412 390 1197
396 390 906
398 390 616
408 390 428
436 390 75
436 414 1125
398 414 1120
416 414 846
396 414 740
412 414 635
408 414 428
140 396 1155
255 396 1142
233 396 1057
208 396 1002
360 396 594
255 398 1142
140 398 728
233 398 610
208 398 561
360 398 207
208 408 943
140 408 915
255 408 784
233 408 714
233 436 1057
208 436 1008
140 436 1008
255 436 965
233 416 1057
140 416 728
208 416 337
255 416 224
140 412 1155
255 412 1142
233 412 463
238 140 1147
214 208 1076
342 208 850
388 208 850
330 208 294
340 208 294
330 360 510
340 360 510
214 360 391
379 264 463
214 255 461
330 233 712
340 233 665
379 233 604
134 342 1294
152 342 1093
69 342 954
69 330 1044
134 330 787
152 214 1300
134 214 1165
134 388 1148
69 388 751
134 340 955
134 379 1148
69 385 985
152 238 1300
