157
605 54 216
757 54 931
33 54 838
605 70 1
665 70 562
33 70 680
605 122 493
665 122 570
757 122 1176
33 122 672
605 148 363
665 148 250
757 148 275
33 148 615
605 470 598
665 470 730
757 470 1137
33 470 369
605 474 598
665 474 730
757 474 1166
33 474 325
605 572 405
665 572 647
757 572 1166
33 572 804
605 593 810
665 593 730
757 593 1137
33 593 674
605 614 373
665 614 373
757 614 516
33 614 799
605 679 397
665 679 273
757 679 1137
33 679 868
605 724 392
665 724 544
757 724 1060
33 724 432
605 760 437
665 760 647
757 760 930
33 760 955
665 30 858
757 30 1215
814 605 759
389 605 749
823 605 614
784 605 367
758 605 338
643 605 245
823 665 1215
784 665 848
758 665 450
643 665 432
389 665 144
389 757 992
784 757 189
823 757 1129
758 757 45
814 757 14
814 33 1195
389 33 1133
463 389 1083
499 389 715
188 389 536
428 389 511
233 389 356
2 823 1214
499 823 14
463 643 1283
2 643 1120
233 643 476
428 643 280
499 643 188
2 784 26
188 814 1077
233 814 549
2 814 113
2 758 1291
428 758 2
403 233 546
409 233 459
375 233 371
219 233 319
414 428 835
409 428 659
403 428 517
219 428 432
375 428 268
409 499 667
219 499 154
403 188 698
409 188 569
219 188 538
375 188 340
375 463 1299
414 463 1297
409 463 579
403 463 254
416 403 1198
398 403 854
436 403 580
402 403 580
408 403 313
408 409 1147
416 409 1038
436 409 465
402 409 438
398 409 165
402 375 1238
436 375 537
416 375 537
398 375 408
402 219 738
398 219 606
436 219 606
416 219 506
408 219 295
402 414 1154
436 414 1144
398 414 1094
416 414 852
408 414 313
140 402 1300
208 402 1300
374 402 1018
208 408 1208
140 408 1098
374 408 772
374 398 1136
140 398 865
208 398 631
140 436 879
208 436 879
374 436 764
374 416 1018
140 416 865
208 416 230
238 140 1127
168 140 146
168 208 1226
214 208 1171
152 374 961
214 374 460
152 264 512
152 168 1300
76 152 1289
152 214 1300
76 214 976
76 216 1299
152 216 1290
152 238 1300
76 238 790
