168
744 408 1034
814 408 614
665 408 326
219 408 660
509 408 373
362 408 472
721 408 627
744 515 293
814 515 595
665 515 326
219 515 799
509 515 659
362 515 595
721 515 798
744 625 434
814 625 776
665 625 444
219 625 778
509 625 723
362 625 385
721 625 589
744 631 447
814 631 554
665 631 326
219 631 798
509 631 723
362 631 385
721 631 554
744 696 851
814 696 593
665 696 317
219 696 565
509 696 525
362 696 593
721 696 658
744 784 597
665 784 513
219 784 649
509 784 652
362 784 473
721 784 978
744 844 793
814 844 418
665 844 668
219 844 566
509 844 805
362 844 473
721 844 622
744 865 212
814 865 279
665 865 494
219 865 375
509 865 805
362 865 143
814 777 264
665 777 494
219 777 815
509 777 652
362 777 473
721 777 807
814 887 279
665 887 299
219 887 303
509 887 805
362 887 249
721 887 307
785 744 609
823 744 312
823 814 648
6 814 884
604 814 1
823 665 887
606 665 576
604 665 327
785 665 239
785 219 858
606 219 135
785 509 873
6 509 566
823 509 566
604 509 506
606 362 866
785 362 525
6 362 438
604 362 383
823 362 265
785 721 542
604 721 134
823 721 2
322 6 35
229 823 203
229 604 1192
322 604 899
378 604 411
463 604 387
229 606 1192
322 606 849
463 606 768
378 606 411
378 785 815
455 229 1106
375 229 553
107 229 505
455 322 911
375 322 539
107 322 505
414 322 222
455 378 1106
107 378 724
414 463 1299
375 463 1297
390 463 1181
415 463 428
455 463 167
408 107 6
408 455 6
402 375 1160
398 375 640
436 375 620
416 375 620
416 390 1256
402 390 1246
398 390 349
408 390 298
402 415 958
436 415 958
398 415 958
416 415 813
408 415 799
436 414 1123
398 414 1116
402 414 1092
416 414 868
408 414 298
140 402 1300
208 402 1296
206 402 1242
362 402 905
267 402 305
324 402 192
140 408 1163
208 408 1022
206 408 995
362 408 905
324 408 433
267 408 305
206 398 1261
362 398 905
140 398 783
208 398 625
324 398 427
206 436 1067
140 436 1026
208 436 1026
324 436 427
267 436 305
206 416 1261
362 416 905
140 416 783
324 416 427
208 416 319
238 140 1146
342 208 893
342 324 589
342 206 1048
152 342 1089
76 152 1290
152 238 1300
