86
511 397 998
784 397 1250
329 397 436
511 597 855
784 597 1257
329 597 445
511 612 804
784 612 1271
329 612 366
511 674 1091
784 674 1262
329 674 296
511 695 920
784 695 1236
329 695 466
511 760 402
784 760 1271
329 760 466
784 181 1281
329 181 363
787 511 1024
714 511 851
202 511 837
677 511 145
714 784 337
677 784 28
714 329 851
787 329 842
202 329 750
677 329 548
485 787 1228
203 787 39
171 202 1037
203 202 272
203 677 1103
171 677 1010
233 677 871
171 714 358
203 714 345
485 714 868
37 203 278
37 171 528
408 37 9
416 390 1287
412 390 1286
398 390 810
408 390 351
436 415 1056
398 415 1056
416 415 995
412 415 995
408 415 719
436 414 1137
398 414 1068
416 414 1000
412 414 673
408 414 351
206 398 1261
324 398 587
208 398 376
229 398 273
267 398 204
206 408 1055
208 408 835
324 408 595
267 408 351
229 408 273
206 436 1072
208 436 763
324 436 587
267 436 351
229 436 225
206 416 1261
324 416 587
208 416 249
229 416 249
267 412 351
324 412 294
206 412 233
342 208 941
342 229 508
462 267 630
342 206 1052
342 324 564
152 342 1040
76 462 1
