70
63 417 1073
784 417 1073
386 417 762
63 490 967
784 490 1186
386 490 810
63 521 263
784 521 1268
386 521 652
63 538 228
784 538 1179
386 538 660
63 718 301
784 718 535
386 718 1064
63 852 818
784 852 983
386 852 983
767 63 1274
63 63 4
705 784 1068
721 784 1244
721 386 1241
767 386 763
63 386 708
705 386 486
394 705 1213
224 705 280
485 63 1188
215 63 106
485 721 591
224 721 1089
215 721 202
485 767 858
224 767 103
394 767 64
330 485 916
330 215 516
330 224 650
330 394 744
408 330 356
436 330 338
398 330 338
436 414 1134
398 414 1090
416 414 783
412 414 718
408 414 400
228 408 1121
208 408 798
255 408 465
255 398 1160
208 398 424
228 398 417
385 398 356
255 436 987
208 436 713
385 436 407
228 436 407
385 416 388
208 416 388
228 416 388
255 412 1160
228 412 219
385 412 219
208 412 219
214 208 1140
214 255 394
152 214 1299
76 214 1044
