139
803 408 892
125 408 952
757 408 962
796 408 962
803 473 291
125 473 595
757 473 1141
796 473 1030
803 518 311
125 518 610
757 518 1113
796 518 1121
803 634 915
125 634 777
757 634 915
796 634 915
803 652 837
125 652 794
757 652 1141
796 652 794
803 659 990
125 659 734
757 659 1174
796 659 1225
803 667 448
125 667 736
757 667 690
796 667 736
803 681 990
125 681 587
757 681 1174
796 681 1225
803 776 724
125 776 1068
757 776 731
796 776 863
803 855 692
125 855 940
757 855 347
796 855 1156
803 1018 626
125 1018 7
757 1018 793
763 803 562
759 803 13
406 803 11
400 803 2
786 125 459
406 125 1241
400 125 10
759 125 1
400 757 1028
406 757 18
400 796 205
759 796 959
406 796 38
240 400 1167
162 400 1006
261 400 292
226 400 154
371 759 1008
261 759 15
261 406 1203
226 406 751
240 406 471
463 406 438
162 406 344
226 786 761
261 786 206
261 763 1060
240 763 3
471 261 428
219 261 254
471 371 1066
472 371 888
219 371 594
414 371 456
219 226 600
472 226 486
471 226 372
219 162 631
471 240 789
472 240 321
219 240 254
414 463 1296
390 463 938
415 463 421
471 463 418
472 463 113
396 472 11
422 472 8
422 471 293
396 219 730
416 219 711
436 219 634
398 219 586
416 390 1238
396 390 938
422 390 916
398 390 464
436 390 100
436 415 949
398 415 949
396 415 938
422 415 916
416 415 694
436 414 1148
398 414 1142
396 414 818
416 414 802
422 414 612
140 396 1150
308 396 269
140 422 1163
308 422 269
140 436 754
267 436 444
308 436 269
140 398 922
308 398 269
267 398 217
140 416 922
308 416 269
267 416 217
238 140 1094
152 247 435
378 247 409
378 308 865
378 264 744
152 264 435
359 264 291
378 267 311
101 359 1271
76 152 1280
152 378 1294
101 415 817
152 238 1299
101 238 543
76 238 459
