189
665 122 256
761 122 15
17 122 1019
741 122 587
757 122 1223
767 122 3
665 207 268
757 207 1244
665 453 428
761 453 557
17 453 592
741 453 635
757 453 1075
767 453 165
665 474 428
761 474 177
17 474 593
741 474 277
757 474 1126
767 474 700
665 507 388
761 507 628
17 507 196
741 507 246
757 507 1163
767 507 700
665 547 410
761 547 1055
17 547 196
741 547 123
757 547 1122
767 547 700
665 548 428
761 548 198
17 548 234
741 548 472
757 548 1064
767 548 700
665 561 388
761 561 1124
17 561 542
757 561 1124
767 561 436
665 610 388
761 610 646
17 610 587
741 610 249
757 610 724
767 610 482
665 674 426
761 674 115
17 674 564
741 674 767
757 674 795
767 674 700
665 752 448
761 752 238
17 752 219
741 752 767
757 752 363
767 752 718
665 888 669
17 888 187
741 888 717
757 888 754
767 888 760
767 89 147
823 665 990
831 665 849
750 665 486
763 761 672
823 761 27
763 17 601
721 17 354
823 17 73
823 741 518
831 741 1035
750 741 102
763 741 68
823 757 673
750 757 316
721 757 362
831 757 263
763 767 717
831 767 588
261 823 253
327 823 51
499 823 54
303 823 2
327 750 948
499 750 941
168 750 1
327 831 1159
499 831 1100
168 831 133
303 831 335
303 721 937
499 721 187
261 721 616
261 763 921
327 763 199
391 261 678
409 261 638
219 261 411
264 261 359
391 327 664
409 327 651
264 327 625
219 327 443
409 499 706
264 499 858
391 499 723
219 499 312
391 168 592
409 168 437
264 168 393
219 168 393
391 303 592
409 303 415
219 303 305
264 303 181
439 409 1166
418 409 679
443 409 611
436 409 397
398 409 162
443 264 893
418 264 523
212 264 467
439 264 354
439 219 684
443 219 671
212 219 588
436 219 526
398 219 515
418 219 435
439 391 1166
443 391 808
418 391 679
436 391 397
212 391 162
436 414 1162
398 414 1139
443 414 860
439 414 808
418 414 679
212 414 199
223 443 753
201 443 508
208 443 490
267 443 303
208 436 556
267 436 548
201 436 508
223 436 202
267 212 935
223 212 642
201 212 339
368 212 292
208 212 242
267 418 548
201 418 508
208 418 483
223 418 202
201 398 508
208 398 483
267 398 303
267 439 548
201 439 508
208 439 483
223 439 193
214 208 1115
375 368 773
214 368 349
368 368 321
375 201 773
214 201 573
378 201 455
368 267 552
378 267 338
375 223 1178
214 223 1115
76 152 1278
152 378 1285
152 375 495
152 368 975
152 214 1300
200 214 994
76 214 645
