187
47 392 600
548 392 564
762 392 353
757 392 490
122 392 564
739 392 1094
47 433 943
548 433 909
762 433 550
757 433 290
122 433 734
739 433 407
47 519 943
548 519 180
762 519 652
122 519 478
739 519 484
47 524 774
548 524 150
762 524 652
757 524 398
122 524 358
739 524 1094
47 675 943
548 675 209
762 675 652
757 675 368
122 675 478
739 675 407
47 743 774
548 743 523
762 743 652
757 743 331
122 743 523
739 743 477
47 776 122
548 776 236
762 776 265
757 776 699
122 776 468
739 776 1034
47 798 222
548 798 259
762 798 593
757 798 647
122 798 175
739 798 647
47 799 485
548 799 334
762 799 593
122 799 273
739 799 1078
47 833 192
548 833 317
762 833 593
757 833 900
122 833 273
739 833 1034
47 867 413
548 867 413
762 867 593
757 867 536
122 867 273
739 867 928
548 786 236
762 786 593
757 786 605
122 786 366
739 786 493
548 877 100
762 877 961
757 877 536
739 877 229
763 47 1242
585 47 32
696 548 955
597 548 914
763 548 869
585 548 598
689 548 436
585 762 546
597 757 507
689 757 1
689 122 615
696 122 143
696 739 422
763 739 865
585 739 62
597 739 27
428 597 1192
454 597 1105
446 597 736
177 597 674
431 597 430
428 696 1088
446 696 736
177 696 674
431 696 500
454 696 360
428 689 1192
454 689 1105
446 689 736
177 689 674
431 689 430
446 763 190
428 585 891
454 585 891
431 585 781
177 585 674
446 585 509
414 446 1019
172 446 689
172 177 405
361 177 340
414 428 1063
415 428 1063
172 428 940
361 428 664
390 428 224
172 454 940
414 454 915
415 454 915
361 454 859
390 454 431
415 431 1114
172 431 770
361 431 389
396 361 1063
390 361 936
422 361 690
396 172 874
390 172 787
422 172 321
439 172 203
396 390 1064
390 390 934
422 390 901
439 390 213
436 414 1143
439 414 963
396 414 841
422 414 672
390 414 490
396 415 1064
436 415 939
390 415 934
422 415 901
439 415 213
374 396 1157
140 396 1025
208 396 843
303 396 255
374 422 1157
208 422 1114
140 422 1114
303 422 393
374 436 912
208 436 648
140 436 648
267 436 410
303 436 393
140 390 1008
374 390 704
303 390 393
208 390 344
374 439 1157
140 439 1094
208 439 541
267 439 410
303 439 255
238 140 1114
214 208 914
152 303 674
368 374 746
152 374 700
214 374 329
368 267 596
76 152 1275
101 355 1032
101 415 980
152 368 1005
101 368 901
152 214 1300
76 214 589
101 214 526
152 238 1300
101 238 686
