93
430 255 935
515 255 963
430 392 862
515 392 558
542 392 1123
430 480 250
515 480 642
542 480 283
430 495 862
515 495 326
542 495 1123
430 667 920
515 667 996
542 667 391
430 690 920
515 690 1214
542 690 321
430 919 1211
515 919 790
767 430 1288
184 430 1236
698 430 595
767 515 1281
184 515 1190
698 515 284
767 542 1288
184 542 1236
698 542 175
431 698 1059
428 698 1031
93 698 908
393 698 245
138 698 230
93 184 798
431 184 6
393 767 886
93 767 1225
138 767 996
20 393 1238
60 393 1117
485 393 851
415 428 972
485 428 794
60 428 563
414 428 557
485 93 790
60 93 1267
415 431 972
485 431 794
60 431 563
20 431 398
20 138 1109
485 138 851
60 138 448
29 60 1011
21 60 338
408 60 60
29 485 1136
21 485 38
21 20 1236
29 20 758
408 20 144
408 415 903
233 415 199
233 414 726
408 414 503
29 414 316
303 21 101
374 351 266
303 351 254
291 351 195
208 351 174
291 29 1011
374 408 1010
208 408 888
291 408 430
267 408 280
291 233 660
267 233 563
303 233 428
208 233 316
242 208 346
348 291 1215
242 374 865
343 374 269
343 303 399
348 267 1055
242 267 344
72 242 1053
72 343 1049
101 343 882
101 349 1277
101 348 1101
