235
728 288 89
805 288 366
795 288 2
721 288 1163
728 393 430
665 393 332
813 393 823
805 393 897
795 393 544
721 393 862
728 417 447
665 417 169
813 417 833
805 417 992
795 417 702
721 417 833
728 480 134
665 480 399
813 480 935
805 480 1134
795 480 544
721 480 1134
728 483 208
665 483 183
813 483 935
805 483 1211
795 483 544
721 483 1242
728 505 932
665 505 394
813 505 857
805 505 1211
795 505 267
721 505 1258
728 585 447
665 585 549
813 585 227
805 585 1211
795 585 267
721 585 1243
728 587 923
665 587 356
813 587 722
805 587 1162
795 587 267
721 587 1162
728 625 771
665 625 399
813 625 722
805 625 771
795 625 290
721 625 915
728 633 515
665 633 390
813 633 564
805 633 1211
795 633 544
721 633 1224
728 642 932
665 642 267
813 642 722
805 642 1192
795 642 592
721 642 1192
728 748 932
665 748 222
813 748 722
805 748 952
795 748 544
721 748 916
728 761 305
665 761 356
813 761 864
805 761 1211
795 761 892
721 761 1241
665 999 443
813 999 41
805 999 639
721 999 576
727 728 1053
821 728 729
831 665 423
744 665 420
821 665 256
727 665 172
712 665 152
614 665 150
604 665 123
744 813 961
727 813 953
712 813 48
831 813 43
727 805 908
831 805 564
712 805 416
821 805 335
520 795 61
821 795 82
614 795 1
821 721 1113
727 721 976
712 721 10
604 721 12
520 712 1063
520 821 147
229 821 30
229 604 1070
419 604 672
463 604 449
520 604 168
419 831 253
37 831 719
520 831 15
419 614 234
48 727 1294
520 727 43
520 520 582
229 520 564
48 520 520
520 744 34
412 419 572
375 419 518
29 419 309
184 419 308
375 48 823
415 48 12
375 229 773
29 229 630
184 229 432
412 229 388
184 37 673
412 520 111
184 520 1
375 463 1300
414 463 1298
390 463 982
415 463 361
29 463 253
184 463 221
412 463 133
402 375 1088
398 375 726
436 375 562
416 375 560
412 375 288
408 375 267
408 184 827
398 184 667
416 184 540
436 184 446
408 29 1
398 412 1088
436 412 1088
402 412 1020
408 412 849
416 412 397
412 412 224
416 390 1217
402 390 1177
412 390 1153
408 390 451
398 390 350
436 390 86
402 415 954
436 415 954
398 415 954
416 415 851
412 415 851
408 415 828
436 414 1138
398 414 1107
402 414 1093
416 414 784
408 414 451
412 414 353
140 402 1300
208 402 1297
206 402 1250
267 402 324
233 402 144
140 408 1112
208 408 1020
206 408 957
233 408 513
424 408 449
267 408 324
206 398 1250
140 398 815
424 398 595
208 398 564
233 398 484
206 436 1040
208 436 937
140 436 937
233 436 924
267 436 324
424 436 288
206 416 1250
233 416 924
140 416 815
424 416 595
208 416 280
140 412 1186
267 412 324
233 412 319
424 412 288
206 412 243
238 140 1146
388 208 899
342 208 899
340 208 336
330 208 336
379 424 953
388 424 606
342 424 606
330 424 326
340 424 326
330 233 853
340 233 811
379 233 659
388 233 254
342 233 254
379 267 425
342 206 1067
388 206 1067
379 206 659
134 330 851
134 342 1297
152 342 1232
134 340 986
134 388 1174
134 379 1174
152 238 1300
200 238 974
