117
11 5 27
601 5 871
158 5 1012
223 5 23
11 28 996
223 28 38
11 238 363
601 238 1
158 238 783
223 238 172
11 464 1002
601 464 550
158 464 1172
223 464 539
11 480 656
601 480 630
158 480 1164
223 480 603
11 503 787
601 503 733
158 503 1071
223 503 531
11 525 901
601 525 550
158 525 1164
223 525 660
11 591 901
601 591 549
158 591 1218
223 591 766
11 631 842
601 631 216
158 631 1153
223 631 484
11 696 901
601 696 549
158 696 1164
223 696 660
11 842 798
158 842 1027
223 842 506
436 11 1020
346 11 1100
611 11 20
611 601 867
346 601 314
487 601 258
487 158 991
436 158 919
346 158 989
346 223 237
487 223 24
436 223 4
177 487 1109
229 487 554
177 346 1104
229 346 554
177 436 1109
229 436 554
229 611 699
177 611 129
413 229 696
112 229 279
413 177 451
405 333 1086
408 333 902
214 333 762
364 333 664
411 333 552
405 234 993
408 234 902
214 234 762
364 234 664
364 112 722
214 112 616
408 413 1147
214 413 442
364 413 279
411 264 770
214 264 750
364 264 664
405 264 506
408 264 304
267 214 1070
264 214 1058
391 214 870
208 214 676
391 364 883
264 364 870
201 364 398
267 364 296
374 411 974
391 411 878
267 411 519
201 411 292
208 411 291
264 411 134
391 405 878
374 405 566
267 405 519
201 405 280
208 405 276
374 408 988
208 408 721
267 408 519
201 408 414
388 208 921
180 391 1240
180 201 876
180 264 1215
348 264 1074
348 267 917
101 388 852
152 180 1300
200 180 1143
152 348 1295
101 348 1146
