213
732 410 724
548 410 439
46 410 411
371 410 439
382 410 535
739 410 409
732 413 724
548 413 439
46 413 762
371 413 753
382 413 657
739 413 1182
732 433 434
548 433 438
326 433 338
46 433 607
371 433 353
382 433 204
739 433 576
732 476 115
548 476 821
326 476 174
46 476 607
371 476 753
382 476 657
739 476 1182
732 498 333
548 498 620
326 498 168
46 498 607
371 498 730
382 498 657
739 498 676
732 546 478
548 546 143
326 546 350
46 546 607
371 546 353
382 546 657
739 546 1182
732 607 474
548 607 391
46 607 411
371 607 753
382 607 713
739 607 588
732 675 339
548 675 253
326 675 397
46 675 607
371 675 353
382 675 640
739 675 640
732 725 675
548 725 554
326 725 100
46 725 761
371 725 753
382 725 657
739 725 1182
732 735 675
548 735 355
326 735 359
46 735 762
371 735 753
382 735 657
739 735 969
732 834 350
548 834 438
326 834 638
46 834 981
371 834 482
382 834 647
739 834 142
732 891 281
548 891 177
326 891 638
46 891 1015
371 891 517
382 891 358
739 891 325
548 62 89
371 62 779
46 186 304
371 186 230
739 186 1098
500 732 524
597 732 545
738 732 29
597 548 1015
738 548 754
585 548 753
500 548 508
763 548 455
738 326 1139
597 326 905
500 326 627
585 326 479
763 326 350
597 46 518
763 46 1003
738 371 1139
500 371 827
597 371 566
585 371 486
763 371 362
738 382 987
597 382 851
500 382 627
763 382 606
585 382 479
763 739 479
500 739 682
585 739 104
597 739 63
431 500 1024
245 500 943
428 500 882
428 597 1088
463 597 913
245 597 882
454 597 804
431 597 539
245 738 165
454 738 4
245 763 1283
428 585 948
245 585 810
454 585 804
431 585 795
415 428 1048
414 428 1048
325 428 1003
172 428 860
361 428 681
415 454 1000
414 454 1000
172 454 860
361 454 837
325 454 515
390 454 322
415 431 983
325 431 930
172 431 691
361 431 336
172 245 434
361 245 292
414 463 1294
390 463 733
415 463 706
361 463 399
235 361 1229
396 361 995
408 361 397
235 172 1041
396 172 697
439 172 640
297 172 640
408 172 249
297 390 1098
396 390 1024
408 390 522
439 390 187
235 390 141
408 415 1111
396 415 1024
297 415 933
235 415 419
439 415 246
396 414 995
439 414 944
297 414 821
408 414 522
235 414 184
235 325 1041
396 325 995
408 325 610
439 325 236
338 396 580
303 396 453
264 396 214
267 396 163
267 408 419
303 235 1097
338 235 702
267 297 824
264 297 775
303 297 713
338 297 399
303 439 453
267 439 419
338 439 379
396 264 946
152 264 465
154 264 290
386 303 1159
152 303 990
396 303 948
374 303 866
154 303 331
152 338 694
374 338 619
154 338 434
386 267 1206
396 267 948
154 267 331
152 267 316
76 152 1290
152 374 1266
76 386 1223
152 396 971
152 154 1300
76 154 819
