88
751 338 150
784 338 236
751 413 556
800 413 109
784 413 1242
721 413 799
751 511 808
800 511 271
784 511 1258
721 511 580
751 512 594
800 512 578
784 512 1210
721 512 1120
751 538 327
800 538 320
784 538 1215
721 538 819
751 713 684
800 713 359
784 713 1216
721 713 951
751 718 581
800 718 855
784 718 1191
721 718 468
751 747 808
800 747 553
784 747 1171
721 747 1120
751 1017 870
784 1017 1277
249 751 1066
18 751 171
705 784 935
249 784 969
18 784 1106
249 721 433
705 721 159
18 721 9
291 705 1260
394 705 1103
63 18 1291
291 18 190
115 18 1129
394 18 18
63 249 1279
115 249 3
414 394 232
416 390 1285
412 390 1281
398 390 881
408 390 474
436 415 1068
398 415 1068
416 415 1009
412 415 1009
408 415 908
436 414 1134
398 414 1130
416 414 952
412 414 704
408 414 474
140 408 1031
208 408 902
255 408 801
385 408 184
140 416 552
385 416 381
208 416 312
255 398 1138
140 398 552
208 398 482
385 398 381
255 436 1029
208 436 873
140 436 873
385 436 230
255 412 1138
140 412 1134
238 140 1027
214 208 1139
214 385 318
214 255 589
152 214 1300
76 214 972
152 238 1300
76 238 535
