163
87 259 11
819 259 479
44 259 628
156 259 507
87 447 607
819 447 545
44 447 862
335 447 217
650 447 141
156 447 575
87 448 607
819 448 341
44 448 489
335 448 856
650 448 190
156 448 670
87 523 803
819 523 803
44 523 845
335 523 217
650 523 307
156 523 575
87 584 963
819 584 341
44 584 845
335 584 856
650 584 220
156 584 920
87 620 607
819 620 713
335 620 217
156 620 173
87 621 780
819 621 713
44 621 580
335 621 237
650 621 325
156 621 780
87 666 662
819 666 343
44 666 133
335 666 482
156 666 536
87 822 644
819 822 380
44 822 436
335 822 296
650 822 530
156 822 426
87 834 525
819 834 185
44 834 743
335 834 466
650 834 782
87 864 525
819 864 231
44 864 579
335 864 165
650 864 919
156 864 954
44 122 1182
335 122 289
338 87 402
816 87 787
787 87 7
338 819 833
766 819 931
816 819 13
816 44 1143
763 44 705
787 44 6
338 335 1225
763 335 1197
766 335 1143
787 335 583
787 650 1214
816 650 1204
763 650 1081
338 650 1055
766 650 692
766 156 389
763 156 47
816 156 432
787 156 5
403 787 1132
166 787 2
166 816 1209
403 816 185
139 816 112
403 766 688
139 766 2
139 763 1006
344 763 798
403 763 454
139 338 1255
267 338 1165
166 338 1045
403 338 151
471 403 1112
415 403 1061
414 403 373
471 344 1153
40 344 1005
225 344 316
40 166 1232
225 166 387
471 166 213
471 267 653
225 267 457
471 139 740
225 139 387
212 40 427
172 40 397
436 40 164
398 40 23
443 471 18
172 471 65
212 225 1198
172 225 1051
443 225 584
429 225 584
436 415 870
398 415 870
443 415 853
429 415 512
172 415 147
436 414 1176
398 414 1109
443 414 992
429 414 838
172 414 441
232 172 1098
223 172 1048
267 172 681
227 172 655
227 429 882
208 429 776
232 429 438
267 429 349
223 429 261
223 443 968
227 443 882
208 443 696
267 212 882
223 212 792
232 212 741
227 212 363
227 398 882
208 398 498
223 398 261
208 436 663
227 436 371
267 436 349
223 436 261
214 208 1113
378 267 493
214 223 1113
378 223 468
214 227 314
152 378 1283
152 214 1300
200 214 1093
84 214 855
