139
803 122 167
773 122 161
96 122 235
803 231 12
773 231 202
96 231 999
803 430 851
773 430 1102
184 430 969
96 430 996
81 430 1089
803 523 409
773 523 1132
184 523 969
96 523 996
81 523 1089
803 661 659
773 661 939
184 661 969
96 661 996
81 661 659
803 722 851
773 722 992
184 722 969
96 722 996
81 722 1040
803 795 528
773 795 1175
184 795 889
96 795 322
81 795 958
803 797 528
773 797 1175
184 797 889
96 797 415
81 797 958
803 869 528
773 869 1175
184 869 653
96 869 441
81 869 958
773 54 1037
96 997 785
81 997 565
763 803 410
220 773 1116
604 773 56
766 184 280
831 184 3
220 96 1122
763 96 354
831 96 783
604 81 675
220 81 1113
499 604 1045
168 604 362
240 604 343
221 766 760
499 766 916
488 766 409
240 220 1043
488 220 1279
499 220 1046
221 220 1
499 831 1098
221 831 361
168 831 280
499 608 1045
168 608 362
240 763 4
121 488 1170
391 488 307
471 221 1046
121 221 794
391 221 391
471 240 1039
121 240 509
391 240 475
225 240 354
471 168 1189
391 168 536
225 168 264
121 499 110
391 499 531
176 471 1024
418 471 163
172 471 67
443 471 50
418 121 351
176 121 66
443 391 936
418 391 634
429 391 483
172 391 278
172 225 985
443 225 583
429 225 583
418 225 385
176 225 320
443 415 777
418 415 634
429 415 559
176 415 518
172 415 244
443 414 971
429 414 848
418 414 634
172 414 518
176 414 515
267 418 539
201 418 470
208 418 427
223 418 324
232 172 1077
223 172 975
267 172 794
201 172 433
208 429 568
267 429 537
201 429 470
232 429 428
223 429 324
223 443 886
201 443 470
208 443 427
223 176 697
232 176 519
208 176 320
201 176 318
214 208 1108
378 201 686
214 201 432
378 267 469
214 223 1108
378 223 375
152 378 1291
152 214 1300
200 214 1119
84 214 802
