197
450 440 538
761 440 518
144 440 824
125 440 797
757 440 826
450 470 562
761 470 1096
144 470 758
125 470 797
757 470 1096
450 474 724
761 474 295
144 474 758
125 474 797
757 474 922
450 498 395
761 498 495
144 498 758
125 498 797
757 498 735
450 507 710
761 507 722
144 507 391
125 507 383
757 507 1135
450 527 643
761 527 1015
144 527 903
125 527 797
757 527 1087
450 548 538
761 548 278
144 548 758
125 548 797
757 548 1023
450 561 353
761 561 1165
144 561 315
125 561 252
757 561 1165
450 649 710
761 649 375
144 649 758
125 649 797
757 649 735
450 659 221
761 659 975
144 659 758
125 659 797
757 659 1144
450 689 671
761 689 432
144 689 758
125 689 797
757 689 781
450 820 259
761 820 919
144 820 620
125 820 704
757 820 378
761 122 48
144 122 45
757 122 1221
761 312 339
144 312 171
757 312 742
761 868 1127
144 868 1043
125 868 333
750 450 1133
358 450 690
823 450 570
763 450 509
814 450 482
514 450 258
763 761 457
823 761 43
814 144 1172
750 144 1114
514 144 96
358 125 646
514 125 298
814 125 490
823 125 12
823 757 871
750 757 148
814 757 7
514 757 21
261 823 111
499 823 21
303 823 1
327 823 7
499 750 846
327 750 715
303 750 9
303 814 767
303 514 1087
463 514 903
499 514 880
261 514 480
261 763 867
327 763 64
463 358 947
499 358 855
261 358 540
148 358 450
303 358 428
409 261 515
219 261 515
391 261 446
264 261 298
375 261 176
375 327 684
409 327 601
219 327 568
264 327 554
391 327 477
219 499 237
391 499 511
264 499 707
409 499 686
219 148 917
409 148 470
391 148 439
264 148 209
375 148 176
391 303 439
409 303 413
219 303 263
375 463 1299
414 463 1297
409 463 688
391 463 500
264 463 186
439 409 1214
408 409 1074
416 409 1006
402 409 503
436 409 410
398 409 140
439 264 296
402 375 1203
416 375 515
436 375 515
398 375 425
439 375 267
439 219 522
402 219 490
416 219 486
398 219 449
436 219 449
408 219 329
402 391 1243
439 391 1214
416 391 784
408 391 513
436 391 410
436 414 1146
398 414 1104
402 414 1078
439 414 1028
416 414 735
408 414 328
140 402 1299
208 402 1298
267 402 440
201 402 211
208 408 1153
140 408 1139
201 408 445
267 408 440
140 398 745
208 398 480
201 398 371
140 436 804
208 436 804
267 436 440
201 436 439
140 416 745
208 416 284
201 416 249
140 439 1092
208 439 643
267 439 440
201 439 439
238 140 1124
214 208 1155
214 201 773
152 201 385
152 264 388
368 267 631
76 152 1291
152 368 861
152 214 1299
76 214 795
152 238 1299
76 238 578
