123
24 408 510
800 408 1000
509 408 534
492 408 664
380 408 364
24 515 806
800 515 566
509 515 806
492 515 638
380 515 341
24 545 414
800 545 645
509 545 369
492 545 638
380 545 367
24 578 952
800 578 361
509 578 952
492 578 638
380 578 150
24 696 842
800 696 913
509 696 444
492 696 664
380 696 367
24 781 390
800 781 884
509 781 957
492 781 766
380 781 737
24 784 107
800 784 884
509 784 957
492 784 766
380 784 634
24 865 390
800 865 884
509 865 1064
492 865 766
380 865 737
785 24 741
758 24 1290
669 24 11
758 800 10
785 509 908
669 509 677
758 509 524
606 509 119
785 492 833
758 492 801
669 492 498
606 492 371
785 380 943
758 380 842
669 380 290
229 669 1254
322 669 881
378 669 835
229 606 1254
322 606 881
378 606 725
359 758 565
378 758 97
229 758 136
378 785 1001
283 785 536
455 229 1200
169 229 992
107 229 981
104 229 196
455 283 1200
169 283 992
107 283 981
104 283 647
414 283 214
455 322 1036
169 322 992
107 322 981
104 322 775
414 322 433
455 359 1200
169 359 992
107 359 981
104 359 508
455 378 1200
169 378 992
107 378 981
104 378 648
259 455 1188
408 455 2
259 169 898
416 169 264
398 169 264
436 169 264
11 169 264
11 107 1294
408 107 1
436 414 1119
398 414 1077
416 414 863
259 414 767
408 414 317
259 104 62
408 104 12
208 11 2
362 398 964
208 398 710
324 398 521
362 408 964
208 408 925
324 408 514
267 408 308
362 259 918
324 259 525
267 259 214
208 436 1045
324 436 584
267 436 308
362 416 964
324 416 584
208 416 329
370 267 876
76 370 1252
