98
814 473 674
253 473 1150
128 473 708
223 473 293
814 480 979
253 480 1060
128 480 851
223 480 748
814 524 771
253 524 1092
128 524 297
223 524 512
814 525 995
253 525 955
128 525 433
223 525 589
814 625 1097
253 625 652
128 625 249
223 625 938
814 662 1166
253 662 600
128 662 501
223 662 938
814 777 722
253 777 1197
128 777 1030
223 777 607
516 814 705
823 814 894
135 253 616
729 253 1218
729 128 1020
135 128 1244
823 128 354
516 223 1151
729 223 121
823 223 40
278 823 6
177 135 369
496 135 1021
32 135 1259
278 135 54
177 729 775
278 729 109
32 516 1236
496 516 1182
278 516 206
241 32 987
105 32 1029
105 496 1239
105 278 487
241 278 487
105 177 1085
241 177 813
414 463 1300
390 463 1037
415 463 468
241 463 358
114 241 1196
416 241 205
398 241 205
114 105 768
416 390 1268
398 390 481
408 390 420
436 390 129
436 415 1014
398 415 1014
416 415 745
408 415 535
436 414 1141
398 414 1135
416 414 934
408 414 420
267 114 30
424 114 14
140 408 946
265 408 937
324 408 453
424 408 382
267 408 295
140 398 946
265 398 937
424 398 487
324 398 463
140 436 999
324 436 463
424 436 391
267 436 295
265 436 166
140 416 946
265 416 937
424 416 487
324 416 463
238 140 1184
76 152 1266
152 238 1300
