122
416 408 650
744 408 1000
509 408 559
362 408 559
235 408 559
416 506 650
744 506 273
509 506 767
362 506 587
235 506 789
416 515 557
744 515 411
509 515 767
362 515 587
235 515 789
416 544 650
744 544 328
509 544 329
362 544 271
235 544 767
416 631 650
744 631 548
509 631 767
362 631 587
235 631 789
416 696 650
744 696 911
509 696 186
362 696 240
235 696 630
416 748 319
744 748 922
509 748 329
362 748 642
235 748 319
416 784 359
744 784 711
509 784 792
362 784 781
235 784 396
509 918 817
362 918 234
235 918 906
785 416 839
606 416 597
604 416 478
758 416 409
785 744 925
758 744 713
785 509 1106
604 509 692
758 509 195
606 509 155
606 362 804
785 362 503
604 362 441
758 362 409
785 235 1217
606 235 50
229 606 1248
322 606 942
378 606 380
359 606 254
313 606 213
229 604 1248
322 604 1022
378 604 380
359 758 576
229 758 357
378 758 49
313 785 699
378 785 689
455 229 1187
107 229 778
455 313 1042
107 313 778
455 322 1081
107 322 778
414 322 231
455 359 1187
107 359 778
455 378 1187
107 378 1031
259 455 1097
408 455 9
408 107 3
402 390 1245
259 390 818
408 390 378
398 390 331
408 415 917
402 415 899
436 415 899
398 415 899
259 415 818
402 414 1124
436 414 1107
398 414 1100
259 414 761
408 414 378
140 402 1300
208 402 1295
206 402 1214
267 402 330
140 408 1209
208 408 1042
206 408 941
267 408 330
70 259 1072
140 259 714
267 259 204
208 436 1058
140 436 1058
206 436 1039
267 436 330
206 398 1263
140 398 817
208 398 696
238 140 1136
76 152 1295
152 238 1300
76 238 715
