313
791 392 193
814 392 605
665 392 254
804 392 447
757 392 235
122 392 492
739 392 1065
307 392 528
237 392 815
791 424 303
814 424 605
665 424 374
804 424 519
757 424 199
122 424 492
739 424 425
307 424 338
237 424 374
791 452 523
814 452 365
665 452 365
804 452 519
757 452 229
122 452 368
739 452 214
307 452 528
237 452 815
791 519 470
814 519 605
665 519 291
804 519 570
122 519 697
739 519 425
307 519 338
237 519 212
791 524 470
814 524 683
665 524 395
804 524 814
757 524 229
122 524 780
739 524 1071
307 524 407
791 546 470
814 546 605
665 546 395
757 546 229
122 546 845
739 546 933
307 546 338
791 675 470
814 675 683
665 675 357
804 675 698
757 675 235
122 675 626
739 675 340
307 675 338
237 675 431
791 703 342
814 703 683
665 703 239
804 703 814
757 703 261
122 703 342
739 703 425
791 742 470
814 742 683
665 742 307
804 742 814
122 742 845
739 742 340
307 742 442
237 742 442
791 743 785
814 743 206
665 743 412
804 743 785
757 743 289
122 743 453
739 743 253
307 743 289
237 743 239
791 776 194
665 776 238
804 776 380
757 776 341
122 776 484
739 776 989
307 776 493
237 776 192
791 786 239
814 786 588
665 786 238
804 786 523
757 786 341
122 786 484
739 786 588
307 786 570
791 798 239
814 798 413
665 798 377
804 798 523
757 798 413
122 798 239
739 798 632
307 798 159
791 799 554
814 799 656
665 799 191
804 799 523
122 799 296
739 799 1008
307 799 213
791 821 554
665 821 238
804 821 380
757 821 254
122 821 484
739 821 141
307 821 225
237 821 141
791 867 161
814 867 656
665 867 238
757 867 334
122 867 296
739 867 789
307 867 347
237 867 360
665 833 459
804 833 434
757 833 476
122 833 296
739 833 989
307 833 493
237 833 462
665 877 238
757 877 382
739 877 553
307 877 759
237 877 382
689 791 454
766 791 165
696 814 558
585 814 338
766 814 62
766 665 694
689 665 566
763 665 333
597 665 263
585 665 263
696 665 256
766 804 640
597 757 436
689 122 352
696 122 234
766 122 299
763 739 652
696 739 508
597 739 23
585 739 38
597 307 621
766 307 621
696 307 552
585 307 450
763 307 414
689 307 231
689 237 452
763 237 497
696 237 509
766 237 869
428 597 1114
454 597 951
463 597 890
446 597 586
403 597 542
431 597 401
428 696 938
403 696 610
446 696 586
431 696 450
454 696 253
428 689 1114
463 689 959
454 689 951
446 689 586
431 689 401
82 689 151
82 766 1056
403 766 395
446 766 133
454 766 4
446 763 110
403 763 186
431 585 938
454 585 672
428 585 672
403 585 542
446 585 513
82 585 241
375 446 967
414 446 967
172 446 516
415 428 1066
414 428 1066
172 428 814
325 428 801
375 428 220
415 454 903
414 454 903
172 454 814
375 454 670
390 454 317
325 454 305
415 403 795
375 403 670
172 403 587
414 403 302
325 403 255
415 431 1086
325 431 730
375 431 670
172 431 624
414 431 188
121 82 1173
172 82 2
375 463 1299
414 463 1293
390 463 872
415 463 592
416 375 627
436 375 627
439 375 391
390 375 292
390 121 91
396 121 58
408 121 3
396 172 874
390 172 650
416 172 561
416 390 1215
396 390 930
390 390 839
408 390 301
439 390 134
396 415 930
436 415 897
408 415 887
390 415 839
416 415 755
439 415 182
436 414 1105
439 414 915
416 414 719
396 414 716
390 414 428
408 414 301
390 325 935
396 325 896
408 325 440
140 396 1157
374 396 1125
208 396 856
303 396 152
140 408 1107
208 408 1088
374 408 921
424 408 339
267 408 338
374 436 882
140 436 740
208 436 740
424 436 395
267 436 338
303 436 245
140 390 963
374 390 535
424 390 413
303 390 348
208 390 348
374 416 991
140 416 733
424 416 413
208 416 277
303 416 245
374 439 1125
140 439 982
208 439 635
267 439 338
238 140 1140
214 208 1011
368 374 721
214 374 404
368 267 539
379 267 343
379 264 343
379 424 900
385 424 806
355 424 624
368 424 304
101 343 971
101 355 1048
134 368 1299
152 368 944
101 368 894
152 214 1300
134 214 1160
101 214 524
134 379 1156
101 385 641
152 238 1300
101 238 500
