162
800 44 1297
665 44 926
716 44 1
800 110 1298
605 110 21
665 110 1
716 110 1225
800 177 1293
605 177 46
784 177 1098
716 177 28
800 626 1131
605 626 453
665 626 435
784 626 435
716 626 728
800 677 1183
605 677 282
665 677 698
784 677 720
716 677 910
800 688 860
605 688 607
665 688 698
784 688 720
716 688 687
800 740 896
605 740 244
665 740 544
784 740 390
716 740 747
800 751 1139
605 751 119
665 751 432
784 751 610
716 751 913
800 776 1166
605 776 702
665 776 600
784 776 263
716 776 801
800 777 1109
605 777 646
665 777 600
784 777 263
716 777 329
800 813 975
605 813 702
665 813 571
784 813 459
716 813 801
800 878 1005
605 878 682
665 878 600
784 878 478
716 878 338
800 919 67
665 919 709
800 1011 1295
665 1011 160
784 1011 380
605 973 270
716 973 205
752 800 1156
693 800 1200
769 800 43
681 800 32
758 800 1
681 605 762
758 605 597
752 605 440
693 605 440
769 605 212
752 665 1221
681 665 1131
693 665 938
758 665 446
769 665 212
693 784 758
758 784 514
752 784 21
752 716 1229
693 716 38
277 787 1097
478 787 795
500 787 147
500 769 392
90 769 15
277 758 28
177 758 52
500 758 5
277 752 15
463 752 1
463 693 1293
500 693 613
463 681 1025
177 681 838
500 681 798
90 681 274
478 681 274
403 90 109
412 478 666
403 478 466
403 500 728
403 177 929
107 177 415
412 177 232
403 277 798
107 277 526
412 277 265
414 463 1298
390 463 1138
403 463 206
408 107 6
416 403 1272
412 403 1257
398 403 1054
408 403 478
436 403 389
436 412 1144
398 412 1109
408 412 923
416 412 469
412 412 412
416 390 1272
412 390 1257
398 390 746
408 390 478
436 390 128
436 414 1144
398 414 1109
416 414 942
412 414 763
408 414 478
255 398 1150
233 398 626
324 398 474
228 398 419
233 436 1082
255 436 1016
324 436 474
267 436 334
228 436 283
228 408 862
255 408 802
233 408 673
324 408 469
267 408 334
233 416 1082
324 416 474
228 416 397
255 416 221
255 412 1150
233 412 397
267 412 334
324 412 220
228 412 173
216 228 1107
216 233 780
216 255 817
76 216 1299
152 216 1211
