93
511 151 66
440 151 2
784 151 1070
511 479 484
440 479 746
784 479 1289
511 695 855
440 695 645
784 695 1287
511 739 1122
440 739 932
784 739 1271
511 838 997
440 838 301
784 838 1166
511 852 997
440 852 371
784 852 1166
784 229 1231
753 511 1110
343 511 1110
787 511 1030
758 511 614
753 440 1221
343 440 930
787 440 708
758 440 189
753 784 963
758 784 851
283 787 1187
220 787 75
44 787 1
171 753 1261
220 753 1261
283 753 966
44 753 211
220 758 1063
283 758 48
220 343 1061
171 343 1010
283 343 576
44 343 269
104 220 939
412 220 732
37 220 230
412 171 732
37 171 582
104 171 340
104 283 1022
412 283 732
37 283 310
37 44 1247
104 44 71
408 37 3
436 412 1092
398 412 1046
408 412 861
416 412 400
412 412 244
436 414 1092
398 414 1046
416 414 1026
412 414 644
408 414 321
408 104 27
206 408 1055
208 408 871
324 408 569
324 357 720
206 357 500
208 357 287
206 436 1120
208 436 921
324 436 607
206 398 1263
324 398 591
208 398 548
206 416 1263
324 416 607
208 416 281
206 412 306
324 412 272
342 208 993
330 208 311
342 324 678
379 324 420
359 324 402
342 206 1127
379 206 692
134 359 1230
134 342 1299
134 330 964
134 379 1230
