184
816 54 538
548 54 481
757 54 867
33 54 947
816 182 1023
548 182 83
501 182 832
757 182 862
816 392 590
548 392 468
501 392 857
757 392 857
33 392 514
816 507 852
548 507 232
501 507 752
757 507 1128
33 507 959
816 592 956
548 592 468
501 592 287
757 592 287
33 592 1116
816 623 778
548 623 205
501 623 488
757 623 488
33 623 1186
816 659 956
548 659 258
757 659 846
33 659 206
816 689 977
548 689 468
501 689 720
757 689 720
33 689 1116
816 697 956
548 697 390
501 697 732
757 697 732
33 697 1016
816 820 521
548 820 423
757 820 556
33 820 828
816 839 867
548 839 383
501 839 943
757 839 541
33 839 828
816 888 671
548 888 838
501 888 539
757 888 541
33 888 828
548 30 290
501 30 157
757 30 1193
548 346 408
548 824 349
501 824 943
757 824 765
33 824 382
757 122 1186
33 122 777
757 283 51
33 283 75
750 816 1092
738 816 793
819 816 630
389 816 1
389 548 1102
819 548 690
738 548 530
750 548 530
614 548 462
715 548 462
389 501 1102
819 501 1030
614 501 702
750 501 655
715 501 491
738 501 296
389 757 1206
715 757 486
750 757 164
389 33 1260
715 33 85
750 33 688
463 389 1058
499 389 889
245 389 680
233 389 635
327 389 455
461 389 231
499 750 909
327 750 825
461 750 167
245 750 14
461 715 1019
499 715 210
461 819 425
327 819 86
233 819 96
245 738 140
461 738 26
233 614 827
245 614 713
327 614 457
499 614 378
112 233 1125
219 233 304
264 233 261
112 327 1207
264 327 625
219 327 368
219 499 182
264 499 809
112 499 180
112 461 1091
219 461 1000
415 461 340
414 461 253
112 245 1198
219 245 603
264 245 434
414 463 1294
415 463 705
264 463 276
418 112 635
408 112 1
418 264 512
439 264 350
408 264 258
439 219 648
436 219 648
398 219 628
418 219 391
408 219 357
408 415 1135
398 415 894
436 415 894
418 415 664
439 415 290
398 414 1182
436 414 1174
439 414 910
418 414 664
408 414 408
208 408 978
201 408 575
267 408 542
201 418 548
267 418 542
208 418 406
307 418 393
201 398 501
208 398 406
307 398 393
267 398 262
201 436 548
267 436 542
208 436 510
307 436 393
201 439 548
267 439 542
208 439 406
264 439 138
214 208 1087
368 307 1246
152 307 662
379 264 304
214 201 534
368 267 663
379 267 304
76 152 1287
134 368 1299
152 368 969
152 214 1300
134 214 1210
76 214 623
134 349 857
134 379 1184
