252
337 288 342
805 288 196
721 288 750
518 288 23
337 393 220
511 393 339
665 393 543
805 393 438
721 393 575
223 393 487
518 393 290
337 478 173
511 478 648
665 478 411
805 478 1165
721 478 1074
223 478 466
518 478 656
337 490 415
511 490 648
665 490 637
805 490 1165
721 490 1074
518 490 503
337 562 415
511 562 339
665 562 637
805 562 454
721 562 673
223 562 466
518 562 910
337 585 195
511 585 648
665 585 411
805 585 1165
721 585 1074
223 585 195
518 585 228
337 591 415
511 591 763
665 591 637
805 591 1165
721 591 1074
223 591 487
518 591 503
337 625 198
511 625 339
665 625 526
805 625 224
721 625 575
223 625 487
518 625 378
337 633 402
511 633 648
665 633 411
805 633 1165
721 633 1074
223 633 274
518 633 402
337 662 415
511 662 570
665 662 637
805 662 194
721 662 569
223 662 487
518 662 503
337 667 415
511 667 386
665 667 637
805 667 410
721 667 386
223 667 214
518 667 503
337 712 179
511 712 648
665 712 411
805 712 1165
721 712 1074
223 712 487
518 712 136
337 780 519
511 780 278
665 780 712
805 780 581
721 780 986
223 780 164
518 780 130
511 483 648
665 483 411
805 483 1165
721 483 1074
223 483 487
518 483 389
755 337 1092
821 337 640
719 337 566
614 337 335
787 337 331
585 337 163
755 511 642
787 511 572
614 511 479
305 511 465
719 511 398
585 511 285
821 511 239
744 511 181
744 665 657
821 665 261
614 665 218
755 665 159
719 665 159
305 805 253
821 805 542
719 805 264
821 721 1135
719 721 1
821 223 1232
787 223 33
305 223 1
755 518 1182
305 518 759
719 518 596
744 518 595
821 518 253
585 518 216
614 518 187
787 518 183
87 305 1249
177 305 949
217 305 421
14 305 330
229 305 265
217 787 1027
87 719 620
229 719 745
87 755 236
177 755 10
87 821 505
14 821 1223
229 821 2
177 614 585
87 614 343
177 585 585
217 585 452
304 744 779
375 304 1289
414 304 918
415 304 883
390 304 447
375 229 769
29 229 446
412 229 372
29 177 623
412 177 295
375 217 652
29 217 267
390 217 227
414 217 227
375 87 219
375 463 1298
414 463 1296
390 463 1045
415 463 321
29 463 270
412 463 194
398 375 733
297 375 655
436 375 571
416 375 527
385 375 369
408 375 245
408 29 1
436 412 1138
398 412 1136
385 412 1076
408 412 933
416 412 376
297 412 270
416 390 1229
385 390 912
297 390 741
408 390 475
398 390 394
436 390 107
398 415 1024
436 415 1024
416 415 998
385 415 912
297 415 741
408 415 701
436 414 1138
398 414 1136
416 414 847
408 414 475
297 414 439
385 414 307
140 408 1050
208 408 951
374 408 938
233 408 692
424 408 531
208 385 1245
140 385 1238
374 385 1145
233 385 807
424 385 408
233 436 1048
208 436 990
140 436 990
374 436 903
424 436 272
374 398 1176
140 398 885
424 398 642
208 398 605
233 398 507
233 416 1073
374 416 1027
140 416 885
424 416 625
208 416 351
424 297 532
233 297 439
208 297 387
238 140 1126
342 208 875
388 208 875
330 208 341
340 208 341
379 424 936
385 424 845
388 424 603
342 424 603
330 424 279
340 424 279
330 233 734
340 233 734
379 233 683
379 374 230
134 342 1288
152 342 1211
69 342 750
69 330 974
134 330 819
69 415 975
134 379 1117
134 340 983
134 388 1117
69 388 738
69 385 975
152 238 1299
