251
1 122 132
767 122 35
544 122 178
1 779 704
0 779 592
255 779 898
391 779 168
650 779 576
544 779 420
1 795 298
0 795 236
255 795 606
111 795 192
650 795 534
767 795 822
544 795 435
1 823 711
0 823 592
255 823 535
650 823 772
767 823 268
544 823 804
1 824 201
0 824 384
255 824 535
391 824 205
111 824 780
650 824 384
767 824 822
544 824 316
1 825 298
0 825 422
255 825 606
391 825 278
111 825 523
650 825 534
767 825 710
1 828 147
0 828 592
255 828 898
391 828 171
111 828 192
650 828 502
767 828 234
544 828 420
1 843 298
0 843 236
255 843 568
111 843 838
650 843 486
767 843 822
544 843 804
1 859 318
0 859 539
255 859 378
111 859 539
650 859 576
767 859 822
544 859 303
1 888 201
0 888 492
255 888 898
391 888 171
111 888 192
650 888 547
767 888 710
544 888 420
0 834 492
255 834 898
391 834 171
111 834 192
650 834 641
767 834 554
544 834 420
787 1 1136
759 1 703
69 1 28
698 0 723
787 0 319
69 0 32
69 255 909
698 255 665
787 255 265
738 255 117
763 255 345
759 255 815
69 391 888
738 391 639
759 391 498
698 391 438
787 391 428
763 391 416
69 111 986
787 650 1030
763 650 842
698 650 501
738 650 491
69 650 244
759 650 210
69 767 337
698 767 46
763 767 730
787 767 58
69 544 966
763 544 597
759 544 498
738 544 494
698 544 438
787 544 169
431 698 1219
428 698 1044
405 698 976
403 698 737
461 698 505
405 787 690
403 787 938
461 787 17
431 69 306
405 69 1056
431 759 333
428 759 56
461 738 5
431 738 1
403 763 192
461 763 641
446 763 43
405 763 14
407 446 772
413 446 729
409 446 729
414 446 551
391 446 487
172 446 349
407 405 1225
415 405 1001
413 405 868
409 405 746
172 405 352
414 405 244
414 428 1036
415 428 1036
407 428 772
409 428 606
172 428 541
413 428 275
407 403 1032
415 403 880
413 403 868
409 403 746
391 403 487
172 403 397
414 403 269
407 431 1225
415 431 1001
413 431 868
409 431 746
172 431 423
407 461 814
413 461 814
409 461 746
391 461 487
415 461 471
439 409 1261
408 409 1149
416 409 1088
422 409 635
436 409 344
398 409 203
175 409 184
408 413 1215
436 413 1173
398 413 1170
416 413 805
439 413 745
422 413 635
175 413 232
439 391 1261
422 391 883
416 391 795
408 391 540
436 391 344
175 391 176
439 407 1261
408 407 1212
416 407 795
422 407 635
436 407 344
398 407 268
422 172 438
439 172 400
408 172 279
408 415 1137
422 415 905
436 415 811
398 415 811
416 415 699
439 415 340
436 414 1173
398 414 1170
416 414 819
439 414 696
422 414 635
408 414 385
175 414 232
264 175 1113
310 175 926
374 175 769
208 175 425
307 175 328
374 422 1184
208 422 916
307 422 443
310 422 203
374 408 929
208 408 825
310 408 463
374 398 1184
307 398 443
208 398 342
310 398 237
374 436 1014
208 436 385
307 436 329
374 416 1128
307 416 443
208 416 271
310 416 269
374 439 1184
208 439 342
310 439 211
152 307 665
214 208 1042
374 208 395
152 374 665
214 374 472
214 310 632
349 310 460
378 310 460
343 310 460
378 264 607
101 343 1085
76 152 1265
152 378 1293
101 415 1085
101 355 1081
152 374 1158
101 374 1008
152 214 1300
101 214 618
76 214 575
101 349 1292
