90
10 2 1012
17 2 698
10 122 951
17 122 1233
10 332 971
125 332 120
10 536 1134
17 536 1178
125 536 1122
10 599 1134
17 599 1195
125 599 990
10 616 1069
17 616 1159
125 616 990
10 747 867
17 747 596
125 747 1122
125 158 274
823 10 146
763 17 902
823 17 54
735 125 467
823 125 12
261 823 116
259 823 20
139 735 20
259 735 1
259 763 316
261 763 1012
139 763 907
224 259 511
18 259 370
471 259 249
18 261 855
471 261 532
224 261 493
18 371 1077
471 371 853
224 371 667
414 371 228
224 139 850
471 139 535
18 139 370
24 224 1106
418 224 803
443 224 360
439 224 238
24 471 176
418 471 192
443 471 57
24 18 1298
418 18 209
436 415 884
443 415 842
418 415 691
439 415 224
24 415 153
436 414 1180
443 414 920
439 414 801
418 414 691
384 24 980
227 24 225
267 24 12
264 24 1
227 418 739
267 418 534
208 418 447
384 418 368
227 443 880
208 443 447
384 443 368
267 443 231
267 436 534
384 436 479
208 436 479
227 436 427
267 439 534
208 439 447
227 439 154
214 384 1176
214 208 1176
368 267 640
368 264 312
379 264 273
184 152 762
134 368 1299
134 214 1264
134 379 1233
