115
800 8 31
784 8 1237
800 516 651
784 516 1064
386 516 576
210 516 627
800 521 332
784 521 1264
386 521 581
210 521 447
800 595 812
784 595 1040
386 595 391
210 595 447
800 597 1261
784 597 1246
386 597 215
210 597 509
800 759 714
784 759 960
386 759 453
210 759 509
800 838 832
784 838 1219
386 838 727
210 838 479
784 986 41
210 986 808
752 800 1238
677 784 69
752 784 27
787 386 1177
752 386 1157
677 386 799
621 386 238
787 210 1161
621 210 742
677 210 2
283 787 588
394 787 683
203 787 33
220 787 3
203 621 1212
394 621 471
171 621 117
171 752 828
203 677 1150
171 677 739
412 220 753
107 220 737
307 220 371
412 203 753
107 203 737
412 171 753
307 171 583
412 394 803
307 394 233
412 283 753
107 283 737
408 107 1
408 307 1175
398 307 659
436 307 433
416 390 1277
412 390 1261
398 390 918
408 390 436
436 412 1125
398 412 1108
408 412 681
416 412 437
412 412 357
436 414 1125
398 414 1108
416 414 847
412 414 829
408 414 436
362 398 956
324 398 612
229 398 478
362 408 956
298 408 772
324 408 629
229 408 478
267 408 259
298 436 772
324 436 612
229 436 380
267 436 259
362 416 956
324 416 612
229 416 397
298 416 245
298 412 772
362 412 443
324 412 301
267 412 259
229 412 235
368 229 1237
359 229 435
379 229 432
342 229 417
368 298 895
379 298 686
368 267 692
359 267 435
379 267 432
368 362 774
342 324 535
359 324 435
379 324 432
134 359 1235
134 342 1298
134 368 1298
134 379 1235
