161
800 518 985
517 518 472
665 518 403
314 518 343
535 518 454
800 676 795
665 676 530
314 676 316
535 676 177
800 677 1080
517 677 1021
665 677 530
314 677 388
800 688 847
517 688 655
665 688 530
314 688 807
535 688 407
800 740 995
517 740 931
665 740 207
314 740 464
535 740 250
800 761 1193
517 761 1061
665 761 452
535 761 146
800 777 1165
517 777 317
665 777 439
314 777 545
535 777 290
800 813 1238
517 813 388
665 813 368
314 813 863
535 813 323
755 800 257
527 800 350
503 800 511
81 800 4
755 517 1241
81 517 942
787 517 752
503 517 707
527 517 342
755 665 509
527 665 150
503 665 121
81 665 100
755 314 1173
81 314 942
503 314 707
527 314 277
787 314 177
81 535 1083
503 535 1079
755 535 577
787 535 577
527 535 342
390 755 971
177 755 124
277 787 1193
478 787 849
177 503 1179
277 503 1041
478 503 882
390 503 600
277 81 2
177 527 1254
478 527 882
277 527 628
390 527 355
412 478 693
175 478 397
403 478 242
50 478 55
175 390 1002
50 390 793
403 390 555
414 390 245
412 390 238
175 177 832
403 177 683
412 177 470
175 277 944
403 277 600
412 277 325
50 277 260
408 50 115
416 403 1277
412 403 1268
398 403 1000
408 403 501
436 403 460
436 412 1181
398 412 1171
408 412 855
416 412 397
412 412 353
408 175 943
416 390 1277
412 390 1268
398 390 670
408 390 501
436 390 141
436 414 1181
398 414 1171
416 414 885
412 414 641
408 414 501
255 398 1151
233 398 598
324 398 465
208 398 436
402 398 398
208 408 877
255 408 778
233 408 734
402 408 623
324 408 471
233 436 1120
255 436 1003
208 436 922
324 436 465
402 436 214
233 416 1120
324 416 465
208 416 308
402 416 308
255 412 1151
233 412 475
324 412 235
385 402 643
379 402 643
343 402 489
342 402 489
340 402 489
330 402 419
342 208 856
340 233 707
330 233 707
379 233 702
343 233 400
349 233 352
343 255 328
349 255 328
342 324 517
379 324 506
385 324 421
69 330 1047
134 330 801
134 342 1297
152 342 1082
69 342 939
69 343 1019
134 379 1181
134 340 1018
69 385 1019
69 349 994
134 349 801
