80
751 489 286
170 489 777
813 489 856
751 628 884
170 628 495
813 628 949
751 695 158
170 695 330
813 695 950
751 760 705
170 760 480
813 760 948
751 777 785
170 777 284
813 777 594
751 812 734
170 812 198
813 812 594
751 845 326
170 845 395
813 845 594
170 944 894
813 38 960
716 751 631
748 751 930
168 751 949
725 751 360
168 170 879
716 170 572
748 170 958
716 813 177
725 813 9
168 813 28
748 813 3
472 716 965
25 716 869
472 748 583
97 748 699
25 748 940
97 725 623
472 725 777
25 168 959
486 168 380
23 25 958
37 486 959
23 472 768
37 472 78
23 97 811
414 463 963
390 463 813
23 463 323
415 463 266
26 37 1
26 23 960
402 390 956
416 390 940
398 390 350
402 415 641
436 415 641
398 415 641
416 415 580
402 414 842
436 414 833
398 414 788
416 414 613
26 414 177
208 402 964
206 402 942
168 26 10
206 398 946
208 398 719
424 398 380
208 436 892
206 436 828
424 436 153
206 416 946
424 416 380
208 416 268
76 141 946
200 141 862
