181
356 44 57
665 44 1095
800 44 1071
318 44 211
692 44 415
356 469 722
665 469 951
800 469 629
318 469 156
692 469 547
356 487 243
665 487 913
800 487 914
318 487 337
692 487 547
356 488 594
665 488 866
800 488 810
318 488 130
692 488 547
356 510 722
665 510 1078
800 510 786
318 510 130
692 510 448
356 621 477
665 621 1002
800 621 937
318 621 307
692 621 530
356 625 722
665 625 913
800 625 807
318 625 266
692 625 547
356 640 722
665 640 951
800 640 962
692 640 479
356 679 722
665 679 951
800 679 639
318 679 195
692 679 547
356 687 295
665 687 861
800 687 819
318 687 438
692 687 756
356 710 309
665 710 1078
800 710 1027
692 710 959
356 740 555
665 740 437
800 740 914
318 740 195
692 740 721
356 883 262
665 883 790
318 883 275
692 883 136
356 920 768
692 920 318
769 356 1169
686 356 1104
693 356 876
758 356 663
823 356 663
686 665 1173
823 665 979
693 665 773
758 665 607
769 665 364
693 800 1192
686 800 276
769 800 219
758 800 10
769 318 1123
823 318 823
758 318 777
686 318 667
693 318 641
686 692 1173
769 692 780
823 692 780
693 692 291
758 692 171
2 823 1068
511 823 230
66 769 1292
52 769 186
511 769 18
511 758 1244
2 758 1263
463 686 1285
94 686 1081
2 686 888
52 686 713
66 686 425
511 686 336
463 693 1295
511 693 1001
94 693 894
52 693 837
50 94 1192
403 94 119
50 66 1284
107 2 1253
50 2 293
189 2 221
107 511 938
50 511 1226
403 511 629
189 511 12
50 52 805
375 52 7
375 463 1297
50 463 736
403 463 274
189 463 207
107 463 153
175 50 397
52 50 1286
232 107 348
232 403 920
52 403 904
402 403 461
436 403 461
175 403 270
52 189 1203
232 189 921
175 189 579
436 189 248
442 375 1287
402 375 1101
52 375 1079
436 375 402
232 375 382
140 442 1298
208 442 1298
360 442 543
233 175 976
208 175 380
360 175 316
140 175 273
140 402 1300
208 402 1298
360 402 873
233 402 169
397 402 141
360 232 817
140 232 618
397 232 336
233 232 241
208 436 1175
140 436 1175
233 436 965
360 436 285
233 52 379
397 52 10
360 52 1
214 208 1161
326 208 279
326 360 663
214 360 613
214 397 1025
355 397 818
415 397 818
336 397 803
379 233 538
336 233 448
326 233 259
134 336 1288
69 336 1237
69 355 1291
69 415 1029
134 214 1208
134 326 661
69 326 579
134 379 1194
