143
791 407 796
789 407 403
804 407 835
757 407 796
268 407 810
791 474 385
789 474 403
804 474 770
757 474 1090
268 474 939
791 555 645
789 555 699
804 555 755
757 555 1054
268 555 939
791 572 563
789 572 403
804 572 835
757 572 1187
268 572 939
791 592 1083
789 592 403
804 592 269
757 592 534
268 592 482
791 650 421
789 650 412
804 650 412
757 650 1085
268 650 939
791 659 1180
789 659 253
804 659 797
757 659 1018
268 659 384
791 801 125
789 801 960
804 801 135
757 801 1241
268 801 428
791 888 842
789 888 960
804 888 274
757 888 1084
268 888 145
789 30 999
757 30 1270
268 30 97
789 122 909
757 122 1263
715 791 462
766 791 33
608 789 539
766 789 15
715 789 3
766 804 656
779 804 1070
608 757 96
779 757 48
715 757 330
831 757 89
766 268 1008
779 268 879
831 268 607
608 268 607
614 268 573
715 268 534
499 715 796
461 715 1027
82 715 96
499 614 834
182 614 641
327 614 422
82 614 280
461 614 151
499 766 1135
82 766 1149
499 608 1208
182 608 924
327 608 422
82 608 280
327 831 1126
499 831 1224
499 779 1190
182 779 20
461 779 27
82 779 52
121 182 942
264 182 751
225 182 695
409 182 661
409 327 635
264 327 626
121 327 489
264 499 848
409 499 638
121 499 32
225 499 2
409 461 615
414 461 266
121 461 240
121 82 1242
439 409 1239
408 409 1073
418 409 753
436 409 487
398 409 206
418 264 585
439 264 428
408 264 270
418 121 486
408 121 3
408 225 551
418 225 520
436 414 1203
398 414 1194
439 414 799
418 414 753
408 414 393
201 418 640
267 418 604
201 408 658
267 408 604
201 398 498
267 398 288
201 436 634
267 436 604
201 439 640
267 439 604
370 368 1281
368 368 407
378 368 363
378 264 673
370 264 371
378 201 499
370 201 371
370 267 856
368 267 620
378 267 405
76 370 857
76 152 1279
152 378 1280
152 368 1018
