156
665 231 740
548 231 13
665 408 842
761 408 305
548 408 759
757 408 983
490 408 118
665 413 709
761 413 608
548 413 660
757 413 983
490 413 1004
665 470 709
761 470 980
548 470 812
757 470 986
490 470 985
665 570 846
761 570 747
548 570 812
757 570 986
490 570 905
665 582 709
761 582 395
548 582 812
757 582 983
490 582 741
665 593 709
761 593 1177
548 593 660
757 593 1145
490 593 886
665 614 490
761 614 1002
548 614 660
757 614 530
490 614 932
665 843 599
761 843 342
548 843 355
757 843 666
490 843 476
761 54 263
548 54 498
757 54 820
757 262 138
490 262 117
823 665 1166
752 665 811
784 665 680
758 665 595
831 665 389
763 665 160
784 761 1021
758 761 626
763 761 631
823 761 125
823 548 1063
763 548 595
752 548 514
758 548 418
831 548 366
784 548 284
823 757 1087
784 757 148
752 757 351
758 757 87
831 757 104
763 490 980
823 490 965
752 490 644
758 490 625
784 490 625
831 490 366
2 823 1192
2 784 38
46 784 9
308 831 1109
2 758 1291
46 758 128
245 758 1
308 758 7
384 758 1
405 758 1
308 752 30
46 763 589
245 763 1185
2 763 236
308 763 159
405 763 6
409 308 361
415 405 1033
409 405 757
375 405 358
414 405 251
390 384 286
409 384 243
375 245 452
409 245 361
375 463 1300
414 463 1289
390 463 965
415 463 571
409 463 571
439 409 1223
412 409 1013
416 409 1013
402 409 423
436 409 365
398 409 171
402 375 1166
416 375 708
436 375 676
398 375 458
412 375 282
439 375 244
416 390 1257
402 390 1241
412 390 1211
398 390 525
439 390 97
436 414 1111
402 414 1101
398 414 1091
439 414 1032
416 414 847
412 414 499
402 415 783
398 415 762
436 415 762
416 415 724
412 415 724
439 415 223
140 402 1300
208 402 1300
140 398 751
208 398 529
208 436 834
140 436 834
140 416 751
208 416 321
140 439 1121
208 439 812
140 412 988
214 208 1182
238 140 1109
152 329 543
214 329 298
152 264 421
152 214 1300
76 214 979
76 216 1299
152 216 1267
76 152 1292
152 238 1300
76 238 656
