107
734 391 291
0 391 952
714 391 909
510 391 993
734 770 773
0 770 552
714 770 1216
510 770 992
734 777 773
0 777 995
714 777 1216
734 786 773
0 786 622
714 786 967
510 786 992
734 803 773
0 803 736
714 803 1216
510 803 992
734 842 773
0 842 1124
714 842 1216
510 842 644
734 855 773
0 855 846
714 855 1216
510 855 992
734 864 773
0 864 572
714 864 1216
202 734 919
787 734 701
541 734 85
787 0 390
541 0 1031
400 0 1072
787 714 888
400 714 197
787 510 1125
202 510 718
400 510 694
541 510 680
277 787 1219
403 787 1120
277 541 471
486 541 305
403 541 140
277 400 759
403 400 341
317 400 334
486 400 176
486 202 1149
277 202 383
413 317 963
471 317 956
37 317 241
471 403 1064
413 403 852
414 403 421
37 486 1273
471 486 739
471 277 723
413 277 269
37 277 241
259 37 454
436 413 1197
398 413 1174
416 413 885
175 413 302
259 471 604
175 471 108
416 390 1284
398 390 595
259 390 522
175 390 128
436 390 116
436 414 1197
398 414 1174
416 414 970
259 414 522
175 414 302
264 175 980
310 175 960
267 175 560
140 175 514
140 259 787
310 259 239
267 259 223
140 398 864
310 398 248
140 436 665
267 436 342
310 436 244
140 416 864
310 416 324
238 140 1179
152 310 387
389 310 387
389 264 1150
152 264 507
389 267 853
370 267 641
76 370 1021
152 199 1046
152 389 717
76 152 1270
152 238 1300
