207
416 393 206
665 393 352
548 393 164
795 393 599
762 393 813
721 393 1007
416 455 285
665 455 500
795 455 721
762 455 813
721 455 1162
416 464 285
665 464 363
548 464 171
795 464 491
762 464 1062
721 464 171
416 478 382
665 478 309
548 478 251
795 478 854
762 478 623
721 478 928
416 525 184
665 525 500
548 525 301
795 525 400
762 525 711
721 525 777
416 544 285
665 544 363
548 544 164
795 544 855
762 544 1168
721 544 363
416 591 382
665 591 341
548 591 322
795 591 341
762 591 1031
721 591 865
416 631 285
665 631 540
548 631 516
795 631 742
762 631 813
721 631 742
416 740 348
665 740 206
548 740 325
795 740 995
762 740 898
721 740 1251
665 510 314
548 510 251
795 510 597
762 510 766
721 510 942
665 644 448
548 644 448
795 644 692
762 644 1062
721 644 332
665 667 500
548 667 166
795 667 939
762 667 1014
721 667 297
665 748 428
548 748 267
795 748 435
762 748 813
721 748 1132
821 416 608
823 416 525
752 416 484
606 416 401
785 416 401
135 416 285
823 665 957
752 665 645
606 665 440
821 665 329
785 665 250
821 548 1107
823 548 952
785 548 448
606 548 448
752 548 448
135 548 142
785 795 465
821 795 32
606 762 214
785 762 6
823 762 3
135 762 1
752 721 580
821 721 1247
785 721 435
823 721 1
229 823 75
378 135 629
229 606 1121
156 606 842
378 606 365
378 821 226
156 821 1
229 821 14
317 821 2
229 752 50
378 752 1
317 785 484
378 785 795
156 785 168
455 317 616
375 317 371
107 317 278
455 156 700
107 156 520
375 156 217
455 229 944
107 229 520
375 229 448
455 378 944
107 378 766
375 378 176
408 455 14
408 107 2
402 375 1127
436 375 649
416 375 649
398 375 602
412 375 287
402 390 1226
416 390 1163
412 390 1107
398 390 438
408 390 355
436 415 1052
398 415 1052
402 415 925
416 415 830
412 415 830
408 415 714
402 414 1119
436 414 1095
398 414 1087
416 414 753
412 414 432
408 414 355
140 402 1300
208 402 1295
206 402 1229
374 402 1017
362 402 847
267 402 292
140 408 1075
208 408 1058
374 408 1000
206 408 1000
362 408 847
267 408 292
206 398 1231
374 398 1127
362 398 847
140 398 711
208 398 617
206 436 1001
140 436 973
208 436 973
374 436 805
267 436 292
140 412 1185
374 412 1138
362 412 340
267 412 292
206 412 213
206 416 1231
374 416 1017
362 416 847
140 416 711
208 416 246
214 208 1024
154 208 724
330 208 358
238 140 1162
368 374 842
152 374 657
214 374 288
368 267 623
154 267 507
368 362 788
154 362 562
214 362 467
368 206 855
154 206 447
134 330 777
76 152 1283
134 368 1299
152 368 896
152 214 1300
134 214 1178
76 214 708
152 154 1300
76 154 868
152 238 1300
76 238 506
