190
791 79 427
757 79 1194
791 620 813
435 620 135
665 620 551
811 620 734
757 620 1157
33 620 744
791 621 922
435 621 209
665 621 551
811 621 308
757 621 1128
791 692 1086
435 692 475
665 692 388
811 692 208
757 692 1093
33 692 763
791 722 410
435 722 209
665 722 616
757 722 1258
33 722 481
791 760 465
435 760 579
665 760 387
811 760 116
757 760 955
33 760 719
435 30 154
665 30 462
757 30 1287
435 470 430
665 470 372
811 470 129
757 470 1209
33 470 142
435 860 160
665 860 637
811 860 139
757 860 1151
33 860 423
435 878 214
665 878 255
811 878 361
757 878 519
33 878 681
757 54 1180
33 54 483
220 791 1153
766 791 71
831 435 914
38 435 726
220 435 566
823 435 263
608 435 189
766 435 146
831 665 894
823 665 840
766 665 529
608 665 175
766 811 128
38 811 90
831 811 38
823 811 8
220 757 839
823 757 554
831 757 344
608 757 74
38 33 99
499 823 341
327 823 6
499 766 1097
488 766 282
327 831 967
499 831 1219
168 831 312
499 608 1196
168 608 462
327 608 270
463 608 171
499 220 1197
488 220 1236
488 38 828
499 38 1224
461 38 794
327 38 702
168 38 248
409 488 484
391 488 498
391 327 669
409 327 582
219 327 526
391 499 696
409 499 632
219 499 207
471 168 1056
391 168 669
409 168 422
219 168 347
219 461 928
471 461 813
391 461 795
409 461 521
414 461 253
414 463 1294
471 463 722
391 463 705
409 463 641
408 409 979
443 409 665
429 409 665
418 409 584
436 409 390
228 409 319
418 471 199
228 471 155
443 471 47
228 219 613
443 219 597
429 219 597
436 219 531
418 219 402
408 219 390
443 391 784
418 391 584
408 391 456
436 391 390
429 391 371
436 414 1131
443 414 886
429 414 720
418 414 584
408 414 332
267 228 680
223 228 616
199 228 570
208 228 493
140 228 484
201 228 417
140 418 937
199 418 692
267 418 541
201 418 494
208 418 472
223 418 231
140 429 1186
199 429 692
267 429 541
201 429 494
208 429 472
223 429 231
140 408 1186
208 408 976
199 408 692
267 408 541
201 408 502
223 408 215
140 443 867
223 443 728
199 443 692
201 443 494
208 443 472
267 443 296
140 436 723
199 436 692
208 436 630
267 436 541
201 436 494
223 436 231
238 140 1125
214 208 1159
370 199 1152
214 199 472
378 199 468
378 201 569
214 201 555
370 201 374
370 267 779
378 267 352
214 223 1159
378 223 278
76 370 847
152 378 1294
152 214 1300
200 214 1093
76 214 680
152 238 1300
200 238 1093
