118
665 231 649
796 231 235
665 398 466
757 398 700
796 398 1153
665 475 765
757 475 964
796 475 964
665 518 466
757 518 607
796 518 1153
665 555 645
757 555 914
796 555 1153
665 634 172
757 634 1020
796 634 555
665 661 919
757 661 811
796 661 811
665 682 466
757 682 756
796 682 1153
665 728 466
757 728 1005
796 728 732
665 765 517
757 765 875
796 765 1153
665 820 510
757 820 922
796 820 165
665 844 839
757 844 1087
796 844 693
757 54 1028
796 54 371
831 665 959
763 665 347
202 665 198
8 665 112
541 757 606
831 757 416
202 796 957
831 796 210
446 541 900
344 541 457
486 541 344
384 541 310
486 202 1211
344 202 709
446 202 878
327 831 983
344 831 433
486 8 957
327 8 374
344 8 55
446 763 193
344 763 624
327 763 75
409 344 691
407 344 680
219 344 360
409 327 630
407 327 560
219 327 373
219 446 1020
414 446 830
407 446 807
409 446 563
219 486 1070
409 486 568
409 384 332
219 384 260
439 409 1269
408 409 1169
436 409 566
398 409 249
439 219 867
436 219 726
398 219 701
408 219 425
439 407 1269
408 407 1134
436 407 566
398 407 245
398 390 566
408 390 503
439 390 239
436 390 126
436 414 1198
398 414 1186
439 414 978
408 414 503
140 408 1255
220 408 886
199 408 835
267 408 496
140 436 725
199 436 725
220 436 582
267 436 496
220 398 892
140 398 774
199 398 566
267 398 251
140 439 1243
199 439 835
267 439 496
220 439 413
238 140 1176
152 199 894
386 220 1039
152 220 547
386 267 1121
76 152 1277
76 386 1212
200 238 1080
