157
800 394 1276
605 394 621
665 394 400
746 394 672
136 394 519
800 462 1250
605 462 519
665 462 707
746 462 707
136 462 247
800 494 1283
605 494 458
665 494 393
746 494 665
136 494 519
800 575 945
605 575 357
665 575 498
746 575 222
136 575 445
800 627 1119
605 627 256
665 627 465
746 627 526
136 627 641
800 680 1104
605 680 487
665 680 324
746 680 228
136 680 641
800 683 1267
605 683 458
665 683 503
746 683 645
136 683 519
800 710 1164
605 710 493
665 710 423
746 710 396
136 710 160
800 747 955
605 747 303
665 747 649
746 747 731
136 747 519
800 838 927
605 838 714
665 838 934
746 838 154
136 838 968
800 915 3
665 915 29
605 375 195
665 375 488
746 375 124
257 800 972
693 800 1216
752 800 1060
755 800 116
758 800 2
758 605 683
752 605 598
693 605 567
755 605 433
257 605 137
752 665 1183
693 665 911
758 665 486
755 665 264
257 665 137
752 746 841
758 746 243
257 746 5
755 746 1
755 136 972
758 136 707
500 755 607
283 755 37
396 755 202
322 755 29
396 758 241
349 758 85
283 758 3
349 752 756
283 752 1
463 693 1298
500 693 475
283 693 434
349 693 229
349 257 1210
396 257 944
500 257 853
283 257 798
322 257 426
463 257 323
104 396 791
107 396 791
412 396 782
403 396 728
414 396 591
107 349 736
403 349 705
412 349 395
403 500 644
104 283 814
107 283 736
412 283 712
403 283 710
107 322 1053
403 322 846
104 322 800
414 322 591
412 322 395
414 463 1299
390 463 1203
403 463 148
104 463 140
408 107 3
416 403 1226
412 403 1201
398 403 1017
436 403 450
408 403 415
436 412 1055
398 412 1050
408 412 752
416 412 455
412 412 441
416 390 1226
412 390 1201
398 390 700
408 390 415
436 390 119
436 414 1055
398 414 1050
416 414 745
412 414 736
408 414 415
408 104 54
255 398 1098
362 398 819
233 398 643
362 408 819
233 408 700
255 408 700
233 436 1081
255 436 956
233 416 1081
362 416 819
255 416 233
255 412 1098
233 412 408
362 412 357
216 255 636
216 233 700
76 216 1300
152 216 1169
