236
773 54 862
757 54 612
796 54 127
773 122 165
665 122 297
96 122 89
757 122 1021
773 540 447
665 540 360
96 540 422
81 540 880
757 540 943
796 540 747
773 562 954
665 562 176
96 562 253
81 562 913
757 562 943
796 562 734
773 599 909
665 599 324
96 599 257
81 599 909
757 599 943
796 599 734
773 659 526
665 659 275
96 659 334
81 659 880
757 659 943
796 659 734
773 661 808
665 661 614
96 661 736
81 661 566
757 661 664
796 661 566
773 754 590
665 754 353
96 754 340
81 754 880
757 754 943
796 754 734
773 756 484
665 756 455
96 756 398
81 756 880
757 756 943
796 756 734
773 765 829
665 765 614
96 765 736
81 765 816
757 765 855
796 765 835
773 766 488
665 766 459
96 766 445
81 766 618
757 766 618
796 766 618
773 795 1047
665 795 454
96 795 472
81 795 790
757 795 458
796 795 553
773 797 1047
665 797 445
96 797 198
81 797 790
757 797 214
796 797 553
773 816 1047
665 816 315
96 816 342
81 816 840
757 816 602
796 816 553
773 819 1047
665 819 286
96 819 472
81 819 840
757 819 458
796 819 553
773 823 1047
665 823 454
96 823 472
81 823 840
757 823 523
796 823 553
665 997 1
96 997 429
81 997 459
796 997 1014
220 773 1018
604 773 43
823 773 35
823 665 730
831 665 570
604 665 367
810 665 226
202 665 127
220 96 1054
810 96 611
831 96 783
202 96 4
823 96 26
810 81 374
220 81 1007
604 81 597
220 757 958
831 757 234
823 757 612
604 757 2
220 796 731
831 796 85
202 796 919
823 796 379
488 810 799
431 810 541
240 810 192
499 823 79
486 823 3
499 604 959
431 604 528
168 604 211
486 604 177
240 604 168
499 831 1019
168 831 192
431 831 66
486 220 776
499 220 945
488 220 1246
240 220 683
486 202 1217
121 488 1021
409 488 373
471 486 703
409 486 269
471 240 889
407 240 515
121 240 473
409 240 310
409 499 528
121 499 44
471 168 1058
409 168 366
121 168 204
407 431 1204
471 431 1032
409 431 683
414 431 172
121 431 157
416 409 1077
408 409 1002
418 409 638
443 409 535
436 409 457
398 409 212
418 471 192
443 471 37
418 121 402
408 121 11
408 407 1106
416 407 847
418 407 638
443 407 535
436 407 457
398 407 217
416 390 1229
418 390 638
398 390 500
443 390 469
408 390 381
436 414 1148
398 414 1128
416 414 789
443 414 731
418 414 638
408 414 381
140 398 728
199 398 629
208 398 417
201 398 336
267 398 247
140 408 1200
208 408 980
199 408 629
267 408 531
201 408 387
223 408 162
140 443 878
223 443 650
199 443 629
208 443 439
201 443 336
267 443 247
140 436 727
208 436 669
199 436 629
267 436 531
201 436 336
223 436 182
140 418 954
199 418 629
267 418 531
208 418 417
201 418 338
223 418 182
140 416 728
201 416 321
267 416 310
208 416 298
214 208 1000
238 140 1125
375 199 858
152 199 470
378 199 421
375 201 858
214 201 585
378 201 421
368 267 511
375 223 1231
214 223 1000
378 223 268
76 152 1244
152 378 1291
152 368 984
152 375 432
152 214 1300
200 214 1077
76 214 592
152 238 1300
200 238 1077
