219
388 478 606
564 478 249
813 478 578
294 478 273
22 478 921
388 490 140
564 490 120
813 490 325
22 490 921
388 505 606
564 505 163
813 505 1106
294 505 141
22 505 777
388 516 606
564 516 370
813 516 777
294 516 137
22 516 494
388 571 606
564 571 505
813 571 1044
294 571 389
22 571 719
388 583 319
564 583 182
813 583 777
294 583 280
22 583 862
388 694 328
564 694 281
813 694 561
294 694 379
22 694 777
388 771 733
564 771 262
813 771 338
294 771 853
22 771 637
388 778 645
564 778 653
813 778 265
294 778 786
22 778 836
388 799 733
564 799 295
813 799 198
294 799 744
22 799 286
388 842 733
564 842 846
813 842 223
294 842 807
22 842 1116
388 854 417
564 854 816
813 854 438
294 854 141
22 854 914
388 864 578
564 864 262
813 864 265
294 864 786
22 864 488
388 883 655
564 883 816
813 883 213
294 883 720
22 883 1040
787 388 1115
821 388 1013
656 388 900
701 388 628
81 388 441
614 388 209
787 564 878
656 564 843
81 564 488
821 564 238
701 564 233
614 564 233
787 813 525
787 294 1222
81 294 634
701 294 493
656 294 364
821 294 312
614 294 209
656 22 742
614 22 194
821 22 106
81 22 38
490 656 886
326 656 766
335 656 332
340 656 322
331 656 195
490 787 981
340 787 1005
375 787 57
326 787 5
335 81 380
490 81 1194
340 81 628
340 821 166
375 821 13
490 701 547
331 701 346
335 701 341
490 614 886
335 614 332
340 614 322
375 614 176
186 326 924
236 326 924
321 326 314
390 326 227
186 490 1053
321 490 102
236 490 80
321 340 514
236 340 439
186 340 382
236 331 563
186 331 423
375 331 420
321 331 220
236 375 760
321 375 441
186 375 382
236 335 563
186 335 298
321 335 272
291 236 959
232 236 541
175 236 275
416 236 223
232 186 778
291 186 738
175 186 306
402 375 1090
436 375 516
416 375 516
291 375 386
232 375 386
402 321 892
232 321 745
436 321 679
291 321 626
175 321 207
416 390 1258
402 390 1173
232 390 958
291 390 491
175 390 141
416 415 991
402 415 866
436 415 866
232 415 753
175 415 141
233 175 982
255 175 982
312 175 716
208 175 642
298 175 618
140 175 450
140 291 1136
312 291 1015
298 291 470
233 291 470
140 402 1300
208 402 1299
312 402 862
298 402 813
255 402 269
233 402 212
140 232 898
298 232 577
312 232 484
233 232 367
255 232 239
233 416 1049
140 416 871
208 416 364
298 416 280
312 416 264
233 436 1049
208 436 1038
140 436 1038
255 436 867
298 436 813
312 436 229
238 140 1157
395 312 1139
340 312 635
214 208 981
388 208 850
342 208 850
340 208 431
395 208 431
214 255 462
395 255 305
395 233 927
340 233 635
388 233 230
342 233 230
214 233 224
395 298 1186
340 298 239
152 342 1196
150 342 1171
150 395 1273
152 214 1300
200 214 1075
150 214 452
150 340 1011
150 388 1229
152 238 1300
200 238 1075
