282
0 263 3
382 263 1
544 263 393
0 413 489
762 413 623
297 413 464
371 413 466
391 413 623
382 413 599
0 663 224
762 663 535
297 663 207
371 663 267
391 663 370
382 663 599
544 663 499
0 675 441
762 675 736
297 675 355
371 675 315
391 675 422
382 675 599
544 675 473
0 682 441
762 682 582
297 682 252
371 682 265
391 682 422
382 682 599
544 682 252
0 725 371
762 725 741
297 725 359
371 725 359
391 725 370
382 725 599
544 725 171
0 734 207
762 734 287
297 734 207
371 734 440
391 734 370
382 734 599
0 775 765
762 775 129
297 775 594
371 775 409
391 775 174
382 775 607
0 779 765
762 779 459
297 779 260
371 779 250
391 779 174
382 779 590
544 779 369
0 785 320
762 785 130
297 785 359
371 785 409
391 785 174
544 785 350
0 786 765
762 786 459
297 786 319
371 786 175
382 786 329
544 786 369
0 823 765
762 823 686
297 823 319
371 823 250
391 823 287
382 823 308
544 823 693
0 825 551
762 825 463
297 825 551
371 825 409
391 825 354
382 825 380
544 825 225
0 828 765
297 828 359
371 828 193
391 828 166
382 828 515
544 828 369
0 832 499
762 832 221
297 832 552
371 832 409
391 832 174
544 832 245
0 834 638
762 834 129
297 834 578
371 834 409
391 834 166
382 834 607
544 834 369
0 839 638
762 839 311
297 839 411
391 839 354
382 839 232
544 839 369
0 852 833
762 852 463
297 852 632
371 852 409
391 852 770
382 852 219
544 852 245
0 859 578
762 859 463
297 859 578
371 859 580
382 859 210
544 859 261
0 888 638
762 888 459
297 888 578
371 888 120
391 888 166
382 888 607
544 888 369
297 231 3
391 231 83
371 986 10
544 986 2
597 0 465
698 0 703
759 762 827
698 762 437
585 762 412
759 297 752
738 297 752
763 297 636
585 297 454
597 297 454
698 297 445
759 371 1049
738 371 861
763 371 411
585 371 407
597 371 363
698 371 218
738 391 802
597 391 774
759 391 728
698 391 445
585 391 421
763 391 286
759 382 731
597 382 687
738 382 641
698 382 445
763 382 437
585 382 421
759 544 687
597 544 678
585 544 614
738 544 558
698 544 445
763 544 375
428 597 1187
454 597 801
431 597 724
446 597 616
384 597 575
428 698 1187
431 698 1163
454 698 801
384 698 575
431 759 394
454 759 382
428 759 50
431 738 12
384 738 48
454 738 4
446 763 76
431 585 1009
428 585 832
454 585 801
384 585 575
446 585 301
414 446 668
407 446 654
409 446 524
172 446 427
415 428 1054
414 428 984
172 428 738
409 428 692
407 428 654
390 428 183
415 454 907
414 454 907
172 454 738
407 454 654
409 454 315
390 454 258
407 431 1243
415 431 1054
409 431 848
172 431 560
407 384 370
390 384 347
409 384 342
172 384 319
439 409 1261
408 409 1157
416 409 1071
396 409 878
418 409 697
439 407 1261
408 407 1197
396 407 1102
416 407 823
418 407 697
396 172 753
418 172 420
416 172 311
408 172 244
439 172 240
416 390 1255
396 390 878
418 390 697
408 390 489
439 390 173
408 415 1125
396 415 878
416 415 793
418 415 697
439 415 251
439 414 892
416 414 882
396 414 878
418 414 697
408 414 489
374 396 1226
338 396 525
303 396 247
267 396 247
264 396 245
374 408 980
267 408 590
374 418 1226
267 418 590
338 418 494
303 418 291
374 416 1148
338 416 420
303 416 376
267 416 311
374 439 1208
267 439 590
338 439 388
303 439 201
396 303 986
389 303 465
396 374 823
389 264 1140
348 264 1093
396 264 909
389 267 1057
348 267 1057
396 267 986
379 267 290
69 343 1022
101 343 995
134 396 1296
101 396 847
69 389 1022
101 389 670
101 349 1278
69 349 984
134 349 828
69 348 1022
101 348 936
134 379 1164
