236
583 385 450
762 385 475
175 385 690
391 385 242
497 385 291
739 385 677
544 385 843
583 480 203
762 480 533
175 480 448
391 480 438
497 480 533
739 480 533
544 480 243
583 630 601
762 630 520
175 630 765
391 630 546
497 630 601
739 630 593
544 630 646
583 673 727
762 673 683
175 673 346
391 673 438
497 673 472
739 673 1040
544 673 225
583 712 207
762 712 475
175 712 765
391 712 465
497 712 393
739 712 593
544 712 646
583 824 401
762 824 355
175 824 323
544 824 177
583 828 764
175 828 349
544 828 462
583 843 172
175 843 956
739 843 453
544 843 691
583 847 664
762 847 255
175 847 762
497 847 143
739 847 537
544 847 447
583 851 172
739 851 173
544 851 691
583 876 797
175 876 762
391 876 126
739 876 611
544 876 180
583 885 441
175 885 956
544 885 126
583 888 549
762 888 404
175 888 122
391 888 126
739 888 410
544 888 462
175 768 398
391 768 565
739 768 417
544 768 171
391 956 5
500 583 1006
585 583 827
597 583 827
738 583 753
763 583 422
688 583 168
500 762 666
585 762 391
688 762 239
763 175 376
738 175 227
585 175 24
688 175 1
597 391 903
500 391 516
738 391 487
585 391 427
688 391 286
763 391 233
738 497 791
500 497 778
585 497 529
688 497 408
597 497 268
763 497 261
500 739 541
688 739 316
763 739 380
585 739 27
597 739 25
597 544 687
738 544 670
585 544 657
500 544 516
688 544 425
763 544 331
228 500 1074
431 500 1063
428 500 966
46 500 194
468 500 171
428 597 1178
463 597 1021
468 597 724
431 597 527
228 597 466
525 597 291
46 738 11
228 738 1
46 763 675
428 688 1178
525 688 1037
468 688 752
228 688 448
463 688 394
431 688 314
431 585 909
428 585 826
228 585 466
468 585 434
525 585 291
409 468 200
412 468 17
325 228 798
412 228 585
172 228 550
412 46 54
325 46 30
325 428 1100
415 428 943
414 428 943
172 428 870
409 428 656
412 428 465
412 525 902
325 525 21
409 525 3
415 431 1037
325 431 971
409 431 816
172 431 695
412 431 340
414 463 1276
409 463 597
415 463 597
412 463 188
439 409 1276
408 409 1213
416 409 1123
355 409 1072
396 409 927
436 409 374
396 172 612
439 172 462
416 172 243
408 172 196
436 412 1065
355 412 994
408 412 963
396 412 927
439 412 482
416 412 482
436 414 1190
355 414 994
396 414 927
439 414 863
416 414 822
408 414 546
408 415 1094
355 415 994
396 415 927
416 415 856
436 415 828
439 415 211
396 325 909
355 325 540
408 325 540
338 396 653
264 396 277
303 396 264
310 408 518
267 408 417
267 436 417
338 436 377
303 436 306
338 416 591
303 416 475
310 416 292
264 416 244
338 439 485
267 439 417
303 439 264
310 439 229
264 355 762
267 355 559
247 355 533
310 355 489
303 355 468
338 355 444
140 247 834
368 247 767
374 338 858
355 338 327
374 303 925
140 303 479
336 310 841
140 310 478
349 310 359
368 310 303
140 264 834
140 267 877
368 267 622
134 140 969
200 140 611
134 336 1294
101 336 1290
134 368 1294
101 368 910
101 355 1080
101 374 956
101 349 1290
134 349 822
