190
800 44 1209
665 44 541
741 44 629
800 96 29
789 96 724
665 96 597
784 96 1
800 244 1119
789 244 404
784 244 42
741 244 997
800 596 1001
789 596 606
665 596 461
784 596 555
131 596 263
741 596 756
800 599 1107
789 599 160
665 599 252
784 599 198
131 599 263
741 599 544
800 604 1092
789 604 177
665 604 305
784 604 545
131 604 441
741 604 467
800 688 834
789 688 217
665 688 431
784 688 545
131 688 147
741 688 639
800 689 1160
789 689 557
665 689 305
784 689 545
131 689 263
741 689 756
800 690 854
789 690 116
665 690 671
784 690 305
131 690 263
741 690 756
800 693 1076
789 693 606
665 693 246
784 693 317
131 693 263
741 693 756
800 776 956
789 776 393
665 776 339
784 776 232
131 776 266
741 776 815
800 777 821
789 777 496
665 777 549
131 777 569
741 777 163
800 813 785
789 813 336
665 813 316
784 813 382
131 813 419
741 813 642
800 876 915
789 876 339
665 876 339
784 876 289
131 876 703
741 876 853
800 961 974
789 961 3
665 961 432
741 961 12
752 800 1195
752 789 306
787 789 280
772 789 173
823 789 56
752 665 1256
823 665 1057
791 665 889
772 665 759
752 784 33
823 131 286
787 131 24
823 741 595
772 741 575
200 791 898
485 791 1218
308 791 411
200 823 947
277 787 1052
485 787 1147
308 787 10
308 752 11
277 752 9
200 772 1062
412 485 120
403 485 200
107 485 2
40 200 988
107 200 500
403 200 306
412 200 306
107 308 1011
412 308 516
403 308 505
107 25 1173
375 25 280
40 277 695
107 277 592
403 277 495
414 463 1298
375 463 1279
390 463 1088
415 463 263
40 463 191
403 463 191
232 107 151
408 40 452
436 40 214
398 40 62
416 40 2
416 403 1255
412 403 1247
398 403 933
232 403 785
436 403 460
408 403 381
398 375 732
436 375 627
416 375 496
232 375 364
412 375 338
232 412 1186
398 412 1109
436 412 1109
408 412 1018
416 412 415
412 412 253
416 390 1255
412 390 1247
232 390 760
398 390 647
408 390 381
436 414 1150
398 414 1126
416 414 943
232 414 668
412 414 658
408 414 381
408 415 992
416 415 941
412 415 941
436 415 902
398 415 902
232 415 668
140 408 1045
208 408 969
255 408 695
267 408 348
264 232 821
140 232 497
255 232 280
255 412 1132
140 412 1104
267 412 348
255 398 1132
140 398 541
208 398 526
255 436 1000
208 436 924
140 436 924
267 436 348
140 416 541
208 416 248
238 140 1053
214 208 1156
214 255 601
152 214 1299
76 214 1018
152 238 1299
76 238 709
