271
728 238 414
437 238 396
665 238 427
813 238 592
805 238 806
223 238 41
728 393 767
437 393 166
665 393 332
813 393 628
805 393 384
795 393 334
223 393 274
708 393 716
728 487 488
437 487 199
665 487 332
813 487 778
805 487 339
795 487 487
223 487 315
708 487 488
728 525 510
665 525 332
813 525 778
805 525 366
795 525 244
223 525 430
708 525 510
728 562 603
437 562 196
665 562 332
813 562 794
805 562 794
795 562 562
223 562 454
708 562 161
728 625 557
437 625 147
665 625 332
813 625 778
805 625 557
795 625 205
223 625 314
708 625 480
728 657 465
437 657 606
665 657 332
813 657 728
805 657 275
795 657 264
223 657 294
708 657 465
728 665 603
437 665 215
665 665 332
813 665 903
805 665 903
795 665 173
708 665 526
728 667 565
437 667 199
665 667 359
813 667 778
805 667 430
795 667 656
223 667 413
708 667 565
728 720 603
437 720 158
665 720 251
813 720 880
805 720 880
795 720 264
223 720 273
708 720 262
728 748 603
437 748 218
665 748 369
813 748 774
805 748 774
795 748 271
223 748 318
708 748 589
437 597 256
665 597 359
813 597 844
805 597 155
795 597 272
223 597 458
708 597 898
437 819 284
665 819 227
805 819 449
223 819 239
708 819 298
821 728 532
516 728 3
821 437 743
346 437 623
484 437 533
744 437 441
516 437 354
360 437 331
71 437 241
744 665 438
821 665 235
516 665 196
484 665 174
346 813 492
744 813 980
360 813 102
821 805 318
346 805 271
360 795 197
516 795 320
821 795 94
346 795 285
484 795 6
516 223 781
821 223 1063
360 223 747
346 223 180
71 223 163
71 708 88
346 708 71
177 360 1039
176 360 908
229 360 723
463 360 337
32 360 316
177 71 391
177 484 1022
486 484 517
32 484 482
229 484 472
280 484 139
463 484 136
486 821 287
229 821 46
177 346 1064
229 346 540
176 346 232
463 346 232
32 346 151
32 516 1013
229 516 854
177 516 194
176 516 161
280 516 133
176 744 1123
280 744 154
375 280 1132
390 280 999
414 280 819
353 280 439
376 280 375
440 280 374
29 280 247
353 32 520
353 229 535
375 229 527
440 229 470
376 229 343
29 229 333
29 177 596
353 177 535
440 177 470
376 177 181
353 486 101
376 486 1
390 176 999
414 176 819
375 176 738
29 176 716
353 176 287
440 176 188
415 176 185
375 463 1165
414 463 1161
390 463 966
415 463 446
29 463 271
353 463 192
440 463 187
402 353 668
436 353 621
398 353 541
416 376 291
436 376 291
412 376 194
402 440 1148
416 440 1059
412 440 997
402 375 1054
436 375 591
416 375 591
398 375 533
412 375 259
408 29 1
402 390 1128
416 390 1059
412 390 997
398 390 343
408 390 229
402 414 1003
436 414 913
398 414 873
416 414 685
412 414 342
408 414 229
402 415 830
436 415 830
398 415 830
416 415 771
412 415 771
408 415 503
140 402 1165
208 402 1164
206 402 1091
265 402 819
208 408 1045
140 408 897
206 408 831
265 408 819
424 408 424
140 436 999
208 436 999
206 436 940
424 436 267
206 398 1120
140 398 871
265 398 819
208 398 731
424 398 520
206 416 1120
140 416 871
265 416 819
424 416 520
208 416 309
140 412 1105
424 412 326
206 412 293
265 412 188
208 412 176
238 140 1016
388 208 787
342 208 787
340 208 330
330 208 330
379 424 806
342 424 535
388 424 535
340 424 264
330 424 264
379 265 598
342 168 547
388 168 961
340 168 929
330 168 552
342 206 1000
388 206 973
379 206 598
134 342 1158
152 342 1040
134 330 698
134 340 856
134 388 991
134 379 991
152 238 1165
76 238 428
