140
583 569 526
732 569 923
610 569 293
306 569 478
583 607 789
732 607 586
610 607 573
306 607 187
583 636 616
732 636 956
610 636 382
306 636 1135
583 653 945
732 653 959
610 653 557
306 653 130
583 662 526
732 662 999
610 662 102
306 662 181
583 704 594
732 704 960
610 704 298
306 704 478
583 744 998
732 744 897
610 744 506
306 744 1135
583 788 491
732 788 951
610 788 809
583 851 491
732 851 537
610 851 809
306 851 543
306 946 827
593 583 1033
597 583 1033
500 583 925
721 583 654
500 732 607
597 732 673
593 732 36
597 610 1245
593 610 1123
500 610 222
721 610 186
721 306 1184
593 306 1149
597 306 1037
500 306 712
431 500 1231
428 500 1146
377 500 380
409 500 234
428 597 1251
431 597 707
377 597 644
409 597 233
431 593 1130
428 593 1123
377 593 1045
409 593 837
431 721 1132
409 721 3
172 377 517
414 377 238
390 377 226
325 428 1193
172 428 1089
415 428 1016
414 428 1016
415 431 1148
172 431 878
325 431 878
172 409 878
325 409 239
390 409 206
390 172 1100
368 172 1028
396 172 913
439 172 199
390 390 1177
396 390 1161
408 390 406
396 415 1161
390 415 977
408 415 878
439 415 239
396 414 954
390 414 563
439 414 518
408 414 406
390 325 1195
396 325 1169
368 325 1028
408 325 407
439 325 186
329 368 1276
303 368 852
383 368 671
307 368 634
338 368 627
310 408 517
383 408 365
338 408 365
383 396 1157
338 396 727
329 396 237
307 396 237
303 396 235
310 396 191
383 390 1157
329 390 1127
338 390 727
307 390 485
303 390 458
383 439 883
338 439 727
310 439 275
303 439 235
152 307 751
374 338 800
355 338 468
152 338 432
374 383 826
343 383 271
336 310 904
349 310 606
343 310 606
374 303 1135
152 303 846
374 329 721
152 329 304
101 343 1106
101 336 1296
101 355 1155
101 374 1018
76 152 1276
101 349 1300
