147
605 683 428
800 683 1252
665 683 613
795 683 406
223 683 289
31 683 615
605 688 428
800 688 1052
665 688 617
795 688 350
223 688 289
31 688 417
605 739 297
800 739 1235
795 739 162
223 739 397
31 739 903
605 777 423
800 777 1078
665 777 469
795 777 660
223 777 569
31 777 425
605 791 675
800 791 1249
665 791 351
223 791 569
31 791 583
605 813 593
800 813 973
665 813 472
795 813 315
223 813 569
31 813 886
605 860 645
800 860 1273
665 860 994
795 860 425
223 860 569
31 860 837
605 867 423
800 867 1273
665 867 851
795 867 425
223 867 569
31 867 732
605 873 593
800 873 1273
665 873 469
795 873 670
223 873 569
821 605 524
755 605 495
752 605 364
693 605 364
752 800 1133
693 800 1190
755 800 210
752 665 1138
693 665 866
821 665 523
755 665 368
821 795 216
821 223 1280
787 223 74
821 31 925
277 787 1236
478 787 783
177 755 98
277 755 3
159 755 1
159 821 588
478 821 311
277 752 30
159 693 402
428 693 402
177 693 402
277 693 371
412 478 560
403 478 314
403 177 769
412 177 461
414 428 842
393 428 823
403 428 571
412 428 534
390 428 337
403 159 669
412 159 514
403 277 669
416 403 1269
412 403 1248
398 403 959
436 403 511
408 403 469
416 393 1269
412 393 1248
436 393 756
398 393 756
408 393 469
436 412 1154
398 412 1147
408 412 888
416 412 442
412 412 431
416 390 1269
412 390 1248
398 390 664
408 390 469
436 390 119
436 414 1154
398 414 1147
416 414 769
412 414 706
408 414 469
255 398 1163
233 398 653
140 398 645
233 436 1106
255 436 1011
140 436 891
267 436 340
140 408 899
255 408 842
233 408 793
267 408 340
255 412 1163
140 412 1066
233 412 477
267 412 340
233 416 1106
140 416 645
255 416 212
238 140 1093
216 255 487
368 233 759
379 233 720
216 233 558
368 267 625
379 267 466
134 368 1295
152 368 870
134 379 1207
76 216 1298
152 216 1191
152 238 1300
76 238 666
