190
816 148 1232
665 148 155
757 148 106
816 392 1018
665 392 320
548 392 559
501 392 977
757 392 1103
816 474 1018
665 474 378
548 474 650
501 474 977
757 474 1103
816 507 1015
665 507 344
548 507 385
501 507 973
757 507 1146
816 525 1091
665 525 416
548 525 435
501 525 864
757 525 935
816 572 1018
665 572 431
548 572 380
501 572 977
757 572 1103
816 625 724
665 625 378
548 625 685
501 625 854
757 625 854
816 653 1015
665 653 431
548 653 380
501 653 191
757 653 247
816 674 748
665 674 431
548 674 380
501 674 846
757 674 846
816 689 597
665 689 522
548 689 461
501 689 781
757 689 781
816 748 929
665 748 248
548 748 650
501 748 973
757 748 1058
816 860 324
665 860 709
548 860 692
501 860 742
757 860 777
721 816 284
738 816 794
750 816 839
514 816 34
823 816 40
823 665 1060
738 665 330
763 665 274
721 665 231
750 665 227
514 665 202
715 665 139
721 548 1050
823 548 1016
514 548 917
738 548 674
763 548 547
715 548 418
750 548 230
823 501 1016
721 501 910
514 501 711
750 501 329
738 501 279
715 501 238
721 757 693
823 757 808
750 757 97
715 757 296
514 757 21
499 823 38
327 823 2
327 750 563
499 750 790
461 750 142
461 715 926
499 715 233
461 738 13
303 721 648
499 721 115
233 721 26
461 721 2
303 514 994
463 514 850
499 514 826
461 514 147
461 763 735
327 763 40
112 327 1191
219 327 684
375 327 572
264 327 475
219 499 150
264 499 686
112 499 139
112 303 1028
219 303 244
375 303 216
112 461 1059
219 461 962
415 461 454
112 233 934
375 233 244
219 233 244
375 463 1299
414 463 1289
415 463 649
264 463 391
418 112 607
398 375 556
436 375 545
443 375 500
418 375 394
443 264 863
418 264 473
439 264 330
439 219 708
443 219 592
436 219 494
398 219 477
418 219 394
408 219 328
436 414 1131
398 414 1119
439 414 991
443 414 800
418 414 643
408 414 283
408 415 1102
436 415 873
398 415 873
443 415 699
418 415 643
439 415 247
140 408 1169
208 408 1084
265 408 975
201 408 482
267 408 404
140 443 664
265 443 664
208 443 616
201 443 482
140 418 891
265 418 727
208 418 616
201 418 482
267 418 404
265 398 1013
140 398 746
201 398 419
208 398 419
208 436 651
140 436 651
201 436 466
267 436 404
140 439 1078
265 439 716
208 439 616
201 439 482
267 439 404
238 140 1165
214 208 1131
368 265 1250
214 265 387
214 201 700
368 267 670
152 368 940
152 214 1300
200 214 1111
152 238 1300
200 238 1111
