135
789 30 1072
665 30 681
761 30 30
757 30 1270
789 54 794
761 54 182
757 54 1193
789 122 955
665 122 462
761 122 31
757 122 1263
789 470 1038
665 470 520
761 470 1199
757 470 1223
789 610 503
665 610 349
761 610 468
757 610 1008
789 621 966
665 621 716
761 621 966
757 621 1203
789 692 1038
665 692 530
761 692 1059
757 692 1059
789 837 554
665 837 447
761 837 796
757 837 249
789 847 468
665 847 797
761 847 796
757 847 797
389 789 1079
608 789 553
823 789 83
823 665 1140
831 665 725
389 665 213
220 761 579
823 761 52
389 761 7
608 757 174
220 757 720
389 757 1148
831 757 143
823 757 920
499 389 1074
303 389 879
82 389 673
428 389 545
261 389 456
499 823 214
261 823 87
303 823 6
499 831 1186
303 831 541
499 608 1180
428 608 970
303 608 568
261 608 386
82 608 212
499 220 1176
82 220 230
303 220 205
409 261 677
112 261 583
219 261 501
264 261 424
121 261 362
264 428 801
409 428 731
219 428 584
112 428 360
112 499 98
264 499 812
409 499 708
219 499 197
121 499 26
112 303 1104
409 303 525
219 303 294
121 303 216
264 303 216
121 82 1124
112 82 1
418 112 725
439 409 1222
408 409 1058
418 409 696
443 409 549
436 409 397
443 264 725
418 264 548
439 264 341
439 219 563
443 219 563
418 219 507
436 219 427
408 219 367
418 121 478
408 121 9
140 418 965
208 418 552
201 418 527
267 418 496
140 408 1190
208 408 1107
201 408 541
267 408 496
140 443 854
208 443 657
201 443 527
267 443 270
208 436 703
140 436 703
201 436 527
267 436 496
140 439 1178
208 439 552
201 439 527
267 439 496
214 208 1148
238 140 1132
214 201 686
152 201 374
368 267 622
152 264 374
76 152 1289
152 368 841
152 214 1300
76 214 931
152 238 1300
