100
800 110 1283
716 110 1247
800 177 1262
10 177 539
716 177 82
800 181 85
10 181 966
716 181 449
800 504 965
10 504 677
716 504 965
800 813 789
10 813 305
716 813 1057
800 878 669
10 878 669
716 878 739
800 1011 1253
10 1011 952
10 89 621
10 995 12
716 995 873
193 800 537
831 800 1146
711 800 65
729 10 483
831 10 1217
193 10 1269
711 10 156
729 716 793
193 716 962
831 716 277
711 716 10
486 193 1131
520 193 1176
90 193 49
500 193 191
98 143 1186
500 143 337
520 143 8
520 711 459
98 711 402
500 711 66
500 831 1212
90 831 1183
520 831 35
98 729 3
59 90 258
76 90 44
403 90 37
59 98 1046
403 98 239
76 98 2
76 500 104
37 500 618
403 500 657
37 486 1250
412 486 258
37 520 580
76 520 574
59 520 870
412 520 247
403 520 51
408 59 711
135 59 766
135 37 1250
408 37 25
416 403 1251
398 403 1006
408 403 460
436 403 391
135 403 193
398 412 1110
436 412 1089
408 412 898
416 412 496
135 412 169
135 76 382
208 436 841
324 436 611
267 436 422
402 436 353
208 408 785
402 408 660
324 408 535
267 408 422
402 135 65
324 398 611
402 398 529
208 398 529
267 398 245
324 416 611
208 416 489
402 416 489
342 402 433
342 208 956
300 202 524
342 324 590
152 342 1077
76 300 756
