203
11 28 761
763 28 928
27 28 380
11 388 545
601 388 308
158 388 285
763 388 546
770 388 622
27 388 546
11 393 545
601 393 401
158 393 1011
763 393 586
770 393 875
27 393 958
11 464 873
601 464 401
158 464 1011
763 464 348
770 464 875
27 464 939
11 503 559
601 503 537
158 503 783
763 503 482
770 503 783
27 503 783
11 525 560
601 525 401
158 525 1011
763 525 522
770 525 875
27 525 939
11 546 555
601 546 401
158 546 1011
763 546 348
770 546 875
27 546 1000
11 625 216
601 625 401
158 625 1011
763 625 705
770 625 875
27 625 1000
11 667 863
601 667 401
158 667 1011
763 667 578
770 667 875
27 667 939
11 733 671
601 733 330
158 733 313
763 733 765
770 733 630
27 733 892
11 842 439
158 842 734
763 842 258
770 842 501
27 842 452
11 884 797
601 884 567
158 884 139
763 884 330
770 884 553
27 884 184
158 184 2
770 184 8
27 184 1099
158 327 932
770 327 1044
27 327 839
436 11 1086
484 11 1202
611 11 27
611 601 748
484 601 570
646 601 533
487 601 185
436 601 97
484 158 243
436 158 1002
487 158 933
484 763 737
611 763 244
436 763 11
484 770 609
487 770 1027
646 770 437
484 27 1215
436 27 73
177 484 1116
483 484 673
347 484 336
229 484 299
177 487 1105
347 487 427
229 487 225
483 487 180
177 646 994
483 646 981
347 646 668
229 646 413
177 436 1105
347 436 677
483 436 510
229 436 225
483 611 981
229 611 413
139 483 884
333 483 809
413 483 57
264 483 7
413 177 517
264 177 328
413 229 918
264 229 296
375 229 296
413 347 527
375 347 338
264 347 298
408 333 1095
214 333 690
355 333 588
364 333 487
411 333 311
175 333 210
436 375 609
364 375 511
355 375 459
408 413 1127
436 413 1123
214 413 339
355 413 264
175 413 212
364 413 167
364 139 869
408 139 855
411 139 767
355 139 476
214 139 406
355 264 663
214 264 641
411 264 573
175 264 494
364 264 487
355 390 826
408 390 475
411 390 193
364 390 167
436 414 1123
355 414 826
411 414 546
364 414 541
408 414 475
267 214 1057
264 214 1057
208 214 756
391 214 709
310 214 314
264 364 886
391 364 717
310 364 319
264 175 1038
310 175 999
267 175 522
208 175 382
391 175 249
391 411 724
208 411 453
267 411 384
310 411 261
264 411 134
208 408 724
310 408 503
267 408 384
391 408 166
208 436 643
267 436 384
310 436 261
264 355 732
208 355 715
391 355 701
267 355 522
310 355 506
388 208 812
340 208 404
180 391 1221
180 310 463
348 310 288
180 264 1163
346 264 1111
348 264 1052
348 267 907
346 267 907
134 346 954
152 180 1299
200 180 979
134 340 807
134 388 1136
152 348 1290
