235
605 54 125
789 54 570
548 54 451
757 54 1005
605 122 349
789 122 759
665 122 433
757 122 1200
605 148 236
789 148 114
665 148 183
757 148 408
605 231 118
789 231 108
665 231 559
548 231 23
605 470 411
789 470 844
665 470 535
548 470 781
501 470 647
757 470 1075
605 474 411
789 474 409
665 474 535
548 474 794
501 474 559
757 474 1123
605 507 518
789 507 840
665 507 333
548 507 840
501 507 511
757 507 1086
605 561 230
789 561 856
665 561 264
548 561 955
501 561 647
757 561 1113
605 566 411
789 566 694
665 566 535
548 566 460
501 566 647
757 566 1057
605 572 344
789 572 409
665 572 473
548 572 473
501 572 559
757 572 1177
605 593 533
789 593 856
665 593 535
548 593 922
501 593 647
757 593 1166
605 679 302
789 679 844
665 679 274
548 679 299
501 679 647
757 679 1166
605 763 307
789 763 409
665 763 495
548 763 481
501 763 511
757 763 1015
665 70 400
597 605 956
389 605 760
823 605 730
814 605 514
831 605 290
750 605 267
389 789 961
814 789 344
823 789 85
597 789 5
823 665 1125
831 665 526
750 665 261
389 665 144
597 665 117
823 548 1081
389 548 911
597 548 690
831 548 594
814 548 479
779 548 186
750 548 149
823 501 1081
389 501 911
779 501 624
831 501 557
750 501 538
814 501 275
597 501 213
389 757 1046
823 757 902
750 757 138
831 757 76
597 757 95
779 757 9
814 757 4
463 389 1053
499 389 792
303 389 578
188 389 566
428 389 538
78 389 194
327 389 177
499 750 794
327 750 468
188 750 57
499 823 76
327 823 4
78 823 12
428 597 1114
463 597 1061
499 597 641
303 597 332
303 814 401
188 814 973
303 831 293
327 831 807
499 831 934
78 831 9
499 779 872
303 779 879
409 327 662
219 327 622
375 327 503
403 327 253
415 428 931
414 428 931
409 428 733
219 428 451
403 428 435
375 428 243
409 499 733
219 499 168
403 303 571
409 303 492
375 303 230
219 303 227
219 78 778
403 78 181
409 188 662
219 188 584
403 188 571
375 188 230
375 463 1297
414 463 1295
415 463 802
409 463 733
403 463 173
439 409 1239
408 409 1100
418 409 619
436 409 490
402 409 433
398 409 146
439 403 1199
398 403 900
418 403 619
402 403 538
436 403 538
408 403 300
402 375 1188
436 375 517
398 375 437
418 375 395
439 375 241
402 219 617
436 219 617
398 219 617
439 219 607
418 219 395
408 219 287
436 414 1141
398 414 1128
439 414 1107
402 414 1066
418 414 619
408 414 300
408 415 965
402 415 880
398 415 880
436 415 880
418 415 619
439 415 255
374 418 1147
140 418 959
208 418 678
267 418 386
140 402 1299
208 402 1299
374 402 1056
267 402 386
208 408 1138
140 408 1114
374 408 834
267 408 386
374 398 1147
140 398 814
208 398 486
267 398 197
374 436 873
140 436 748
208 436 748
267 436 386
374 439 1147
140 439 1044
208 439 678
267 439 386
264 439 142
238 140 1097
168 140 173
168 208 1185
214 208 1135
152 374 880
368 374 740
214 374 316
152 264 462
368 267 603
152 168 1299
76 152 1285
152 368 807
152 214 1299
76 214 766
152 238 1299
76 238 560
