274
20 460 573
715 460 757
64 460 584
521 460 227
432 460 339
196 460 222
655 460 314
20 518 458
715 518 566
64 518 1088
521 518 551
432 518 205
196 518 748
655 518 212
20 523 573
715 523 491
64 523 802
521 523 341
432 523 317
196 523 775
655 523 331
20 528 573
715 528 591
64 528 762
521 528 341
432 528 384
196 528 581
655 528 475
20 532 328
715 532 439
64 532 1188
521 532 291
432 532 462
196 532 748
655 532 453
20 553 439
715 553 261
64 553 740
521 553 341
432 553 410
196 553 420
655 553 410
20 556 269
715 556 555
64 556 1071
521 556 291
196 556 748
655 556 475
20 622 474
715 622 187
64 622 1162
521 622 142
432 622 234
196 622 748
655 622 226
20 654 439
715 654 493
64 654 1188
521 654 341
432 654 205
196 654 748
655 654 292
20 714 573
715 714 457
64 714 817
521 714 562
196 714 347
655 714 328
20 724 439
715 724 323
64 724 1188
521 724 341
432 724 150
196 724 748
655 724 156
20 776 425
64 776 1107
521 776 495
432 776 656
196 776 578
655 776 530
20 782 425
64 782 868
521 782 366
432 782 656
655 782 396
20 844 425
715 844 228
64 844 888
521 844 188
432 844 656
655 844 396
20 853 425
521 853 495
432 853 656
196 853 578
655 853 530
20 860 254
715 860 536
64 860 1107
521 860 519
432 860 376
196 860 564
655 860 327
521 910 485
432 910 145
655 910 173
589 20 580
680 20 383
777 20 259
561 20 7
636 715 49
777 715 2
777 64 1005
680 64 889
589 64 38
636 521 626
777 521 603
589 521 603
561 521 398
680 521 285
680 432 839
777 432 767
589 432 594
561 432 584
589 196 851
777 196 4
561 196 1
777 655 906
589 655 783
636 655 693
680 655 557
297 777 714
198 777 540
179 777 563
305 777 414
231 777 1
297 636 1156
313 636 682
198 636 479
54 636 479
179 636 402
231 636 170
305 636 166
297 589 1156
54 589 461
198 589 455
179 589 402
305 589 386
231 589 372
313 589 175
297 680 882
231 680 778
179 680 664
305 680 386
198 680 190
313 680 175
297 561 1126
231 561 947
305 561 756
179 561 685
198 561 430
313 561 243
94 54 1066
275 54 553
94 179 693
295 179 662
30 179 555
241 179 508
275 179 348
307 313 929
94 313 693
30 313 598
241 313 594
275 313 348
94 305 693
295 305 662
307 305 616
375 305 581
30 305 555
241 305 452
275 305 348
415 305 232
295 297 980
94 297 693
30 297 492
275 297 348
241 297 337
375 297 299
307 297 239
375 198 1030
30 198 923
94 198 808
307 198 575
241 198 573
275 198 430
295 198 237
307 231 616
30 231 492
415 231 322
375 231 297
241 231 269
114 30 725
349 30 43
311 275 601
114 275 546
351 275 503
349 275 321
311 295 601
351 295 403
114 295 353
250 94 738
170 94 1022
175 94 11
114 241 1190
311 241 492
349 241 490
170 241 262
175 307 1128
170 307 870
311 307 866
250 307 801
311 375 688
114 375 453
351 375 241
349 415 552
208 349 859
198 349 679
362 349 201
198 114 1006
198 351 970
298 351 462
362 351 462
208 351 242
298 170 1209
208 170 807
198 170 392
266 170 261
208 311 969
198 311 230
362 250 1124
198 250 703
208 250 482
298 250 220
266 250 190
298 175 764
208 175 473
266 175 278
198 175 227
362 175 201
214 208 1114
374 208 440
395 208 440
377 198 370
395 298 1142
374 298 820
389 298 583
374 266 1209
214 266 621
395 266 267
214 362 623
374 362 366
395 362 355
133 389 878
101 389 667
101 382 1091
96 382 620
101 377 905
96 395 813
101 395 750
101 374 921
101 214 588
96 341 1131
101 341 844
