117
813 44 572
742 44 2
278 44 991
109 44 13
813 541 657
742 541 633
278 541 730
109 541 1091
813 556 860
742 556 994
278 556 167
109 556 1039
813 683 564
742 683 480
278 683 597
109 683 1101
813 694 657
742 694 634
278 694 373
109 694 1232
813 788 251
742 788 640
278 788 889
109 788 1062
813 799 268
742 799 516
278 799 986
109 799 693
813 821 267
742 821 663
278 821 986
109 821 868
813 892 626
742 892 663
278 892 817
109 892 734
813 988 53
278 988 209
109 988 1073
742 107 557
109 107 147
791 813 791
787 813 199
816 813 18
787 742 736
791 278 1243
816 278 1097
787 278 1089
589 278 428
787 109 1214
791 109 1279
200 791 520
163 791 920
123 791 1055
485 791 1288
306 791 15
485 787 1272
123 787 36
163 816 1153
200 816 86
123 816 53
485 589 837
123 589 791
200 589 725
306 589 328
72 485 479
456 485 1119
72 123 761
40 123 574
375 123 371
489 123 338
456 123 331
489 163 1119
40 163 950
375 163 808
72 163 728
456 163 243
489 200 1120
40 200 950
456 200 603
375 200 220
72 306 933
489 306 786
375 306 658
40 306 574
172 489 348
464 489 625
316 489 1037
231 489 693
464 40 428
172 40 664
231 375 531
316 375 375
172 375 338
231 456 436
172 456 240
316 456 743
464 456 1104
172 72 758
231 72 445
316 72 1
232 172 1180
223 172 1101
140 172 725
232 231 1180
223 231 1101
140 231 402
208 231 402
223 464 1081
232 464 1011
208 464 1
140 316 1139
208 316 810
223 316 436
232 316 244
238 140 1193
152 238 1300
