186
816 54 382
757 54 668
33 54 1201
816 474 870
665 474 538
435 474 533
757 474 963
33 474 622
816 507 811
665 507 550
757 507 1043
33 507 1190
816 592 902
665 592 437
435 592 360
757 592 368
33 592 1152
816 674 1031
665 674 437
435 674 533
757 674 634
33 674 1199
816 689 267
665 689 550
435 689 533
757 689 510
33 689 1069
816 697 902
665 697 351
435 697 533
757 697 605
33 697 1220
816 743 868
665 743 629
435 743 533
757 743 633
33 743 1077
816 888 557
665 888 849
757 888 392
33 888 1070
665 30 649
435 30 223
757 30 1144
665 122 415
757 122 1080
33 122 1084
33 955 1245
750 816 1145
738 816 934
823 816 79
389 816 2
823 665 1070
750 665 406
738 665 368
814 665 170
389 665 153
750 435 1141
389 435 980
814 435 859
738 435 671
823 435 629
358 435 312
389 757 1153
823 757 900
750 757 276
814 757 7
750 33 595
389 33 1232
814 33 1257
188 750 65
461 750 106
327 750 624
499 750 739
499 823 25
327 823 9
146 389 1184
463 389 917
499 389 697
188 389 491
327 389 305
461 389 228
188 814 1139
461 738 7
146 358 943
463 358 905
499 358 786
188 358 583
409 327 628
375 327 540
219 327 450
391 327 446
391 499 463
219 499 197
409 499 680
219 461 978
409 461 790
391 461 525
415 461 488
375 461 217
219 146 540
375 146 294
391 146 217
219 188 635
409 188 524
375 188 203
375 463 1300
414 463 1295
415 463 921
409 463 665
391 463 454
439 409 1232
408 409 1072
416 409 951
418 409 662
436 409 450
398 409 179
416 375 675
436 375 675
398 375 505
418 375 339
408 375 265
439 375 240
439 219 728
436 219 577
398 219 577
416 219 554
408 219 363
418 219 339
439 391 1232
416 391 775
418 391 662
408 391 472
436 391 450
398 391 120
408 415 958
436 415 895
398 415 895
418 415 662
416 415 658
439 415 244
436 414 1150
398 414 1127
439 414 945
416 414 747
418 414 662
408 414 296
208 408 1107
140 408 1096
267 408 418
140 416 690
307 416 376
208 416 258
140 418 910
208 418 547
267 418 418
307 418 376
140 398 690
307 398 376
208 398 366
208 436 674
140 436 674
267 436 418
307 436 376
140 439 1020
208 439 547
267 439 418
264 439 148
238 140 1120
214 208 1120
330 208 447
368 307 1252
152 307 831
330 307 586
152 264 454
368 264 310
368 267 690
134 330 814
76 152 1274
134 368 1299
152 368 901
152 214 1300
134 214 1207
76 214 721
152 238 1300
76 238 537
