113
748 255 980
813 255 1068
515 255 673
748 312 1280
813 312 1261
748 362 45
515 362 655
748 447 701
813 447 1145
515 447 180
823 447 1173
748 479 776
813 479 1136
515 479 672
823 479 1125
748 489 288
813 489 841
515 489 240
823 489 841
748 490 378
813 490 378
515 490 223
823 490 378
748 551 776
813 551 1010
515 551 672
823 551 1099
748 838 376
813 838 1019
515 838 315
823 838 1089
748 884 255
813 884 492
515 884 255
823 884 1219
791 748 1262
767 748 1268
767 813 221
791 813 363
787 813 60
767 515 1178
791 515 1125
787 515 691
767 823 571
791 823 884
277 787 1277
485 787 1268
200 791 529
485 791 1285
349 791 3
485 767 790
349 767 55
393 767 710
403 349 666
20 349 573
72 349 288
20 485 992
72 485 642
403 485 125
20 200 743
72 200 356
375 200 288
20 393 1192
72 393 499
375 393 323
403 277 385
72 277 262
375 463 1300
414 463 1300
390 463 1136
403 463 257
416 403 1266
172 403 318
402 403 248
402 375 1181
231 375 471
416 375 339
231 72 375
172 72 356
231 20 108
416 390 1266
402 390 1217
402 414 1241
416 414 866
172 414 318
235 351 1117
58 351 1079
208 351 447
140 351 211
140 402 1300
208 402 1300
206 402 1204
235 402 368
140 172 731
58 172 264
235 231 635
208 231 373
140 231 373
206 416 1266
140 416 1083
235 416 403
208 416 271
168 140 94
238 140 1177
168 208 1202
214 208 1075
152 168 1300
200 168 883
152 214 1300
200 214 883
76 214 631
152 238 1300
200 238 883
