142
728 352 5
813 352 1257
728 388 1001
1 388 479
813 388 511
805 388 411
728 466 1268
1 466 397
813 466 1040
805 466 1219
728 491 1234
813 491 1040
805 491 1219
728 503 1261
813 503 1040
805 503 1219
728 525 776
1 525 398
813 525 742
805 525 338
728 582 1240
1 582 289
813 582 1040
805 582 1219
728 618 413
1 618 253
813 618 1106
805 618 939
728 625 1085
1 625 270
813 625 1040
805 625 1085
728 667 864
1 667 223
813 667 742
805 667 554
492 728 686
727 728 1218
787 1 1268
604 1 58
727 813 1174
787 813 124
727 805 1174
492 805 529
246 487 1262
177 487 1157
217 487 877
347 487 558
217 787 1289
246 492 1262
177 492 1156
217 492 922
347 492 558
177 604 1124
347 604 832
246 604 655
217 604 203
217 727 111
246 727 276
177 727 43
216 246 379
77 246 246
216 177 269
373 217 659
375 217 470
77 217 301
216 217 269
77 347 600
216 347 469
375 347 337
402 375 1142
398 375 637
416 375 593
436 375 593
402 77 228
175 373 1181
408 373 1176
416 373 862
402 373 820
436 373 723
398 373 603
408 216 1197
175 216 1058
416 216 862
436 216 723
402 216 415
398 216 226
416 390 1194
402 390 1138
408 390 344
398 390 301
175 390 224
402 414 1071
436 414 1022
398 414 988
416 414 816
175 414 364
408 414 344
233 175 964
310 175 842
298 175 581
208 175 547
208 402 1300
298 402 767
233 402 242
310 402 240
208 398 855
233 398 538
310 398 193
208 408 1010
298 408 738
233 408 705
310 408 420
208 436 1120
233 436 1048
298 436 767
310 436 240
233 416 1076
208 416 442
298 416 265
310 416 233
388 208 935
340 208 453
330 208 453
340 233 841
330 233 841
379 233 747
388 233 269
379 310 640
379 298 747
385 298 631
340 298 213
330 298 213
169 330 1179
134 330 898
169 415 1276
169 340 1179
134 340 889
134 388 1167
169 388 729
169 385 1276
134 379 1197
