161
437 393 428
813 393 1009
805 393 831
795 393 605
223 393 220
437 422 363
813 422 859
805 422 859
795 422 972
223 422 147
437 464 358
813 464 901
805 464 901
795 464 216
223 464 347
437 475 186
813 475 1090
805 475 1090
795 475 605
223 475 316
437 487 313
813 487 992
805 487 594
795 487 605
223 487 353
437 503 223
813 503 1182
805 503 1080
795 503 661
223 503 468
437 525 166
813 525 778
805 525 518
795 525 349
223 525 677
437 597 356
813 597 656
805 597 206
795 597 214
223 597 518
437 667 313
813 667 819
805 667 819
795 667 1048
223 667 657
437 748 428
813 748 1006
805 748 1006
795 748 658
223 748 518
437 784 324
813 784 302
805 784 535
795 784 876
223 784 883
813 155 1014
805 155 225
795 155 857
223 155 410
813 352 1241
795 352 9
813 489 861
805 489 305
795 489 828
223 489 494
712 437 1145
821 437 902
516 437 493
785 437 430
747 437 420
604 437 295
712 813 82
712 805 844
821 805 334
747 805 245
785 795 443
516 795 443
821 795 64
516 223 937
821 223 1188
712 223 1099
486 747 227
461 747 869
229 604 1106
177 604 826
461 604 633
486 821 369
229 821 32
229 516 906
461 516 484
486 785 1043
461 785 388
455 229 1065
375 229 705
455 177 1036
455 461 439
415 461 264
390 461 262
414 461 244
375 461 177
408 455 8
402 375 1151
398 375 743
436 375 655
416 375 655
412 375 319
408 375 255
402 390 1246
416 390 1243
412 390 1211
408 390 363
398 390 354
436 390 107
402 415 917
436 415 917
398 415 917
408 415 819
416 415 744
412 415 744
436 414 1152
398 414 1090
402 414 1032
416 414 790
412 414 414
408 414 363
140 402 1300
208 402 1298
206 402 1245
267 402 337
140 408 1106
208 408 1037
206 408 948
424 408 401
267 408 337
206 398 1259
140 398 953
208 398 643
424 398 456
267 398 158
206 416 1259
140 416 953
424 416 456
208 416 339
206 436 1077
208 436 1009
140 436 1009
424 436 429
267 436 337
140 412 1207
424 412 445
267 412 337
206 412 327
238 140 1145
342 208 916
342 424 613
342 168 554
342 206 1084
152 342 1250
152 238 1300
200 238 930
76 238 455
