144
800 186 1265
746 186 1
808 186 696
800 394 1142
746 394 788
808 394 427
775 394 478
800 462 1234
746 462 861
808 462 909
775 462 902
800 502 1133
746 502 861
808 502 795
775 502 902
800 568 1138
746 568 788
808 568 969
775 568 642
800 599 1245
746 599 593
808 599 969
775 599 642
800 604 1265
746 604 861
808 604 969
775 604 902
800 688 1132
746 688 861
808 688 807
775 688 902
800 718 1112
746 718 593
808 718 969
775 718 642
800 813 1064
746 813 295
808 813 508
775 813 759
752 800 1154
693 800 1108
711 800 18
752 746 958
719 746 542
791 746 56
787 746 2
752 808 1119
719 808 824
711 808 297
693 808 54
752 775 959
711 775 129
159 791 258
349 791 67
500 719 1161
159 719 7
277 787 1167
500 787 132
498 787 3
498 711 1079
500 711 74
277 711 1
349 752 609
277 752 13
500 752 2
500 693 604
159 693 347
403 498 592
107 498 11
412 498 1
403 349 626
412 349 509
107 349 499
50 349 398
50 500 384
403 500 524
403 159 644
50 159 332
107 159 314
412 159 314
375 159 232
403 277 644
107 277 268
50 277 258
408 50 102
408 107 3
416 403 1261
412 403 1246
398 403 1026
408 403 451
436 403 399
398 375 797
436 375 673
416 375 494
412 375 492
436 412 1137
398 412 1119
408 412 906
416 412 466
412 412 385
416 390 1261
412 390 1246
398 390 746
408 390 451
436 390 119
436 414 1137
398 414 1119
416 414 985
412 414 719
408 414 451
255 398 1161
140 398 607
233 398 595
140 408 839
255 408 818
233 408 788
267 408 296
233 436 1111
255 436 1017
140 436 965
267 436 296
233 416 1111
140 416 607
255 416 239
255 412 1161
140 412 1126
233 412 487
267 412 296
264 412 163
238 140 1098
214 255 405
379 233 574
389 264 1125
379 264 384
389 267 853
379 267 384
134 389 797
152 214 1300
134 214 1193
76 214 808
134 349 831
134 379 1189
152 238 1300
76 238 684
