123
800 184 547
784 184 27
775 184 1010
800 484 1239
784 484 528
746 484 1018
822 484 1068
775 484 942
800 488 1282
784 488 635
746 488 1018
822 488 1016
775 488 942
800 547 1111
784 547 1038
746 547 519
822 547 519
775 547 558
800 554 1289
784 554 528
746 554 1018
822 554 1016
775 554 942
800 604 1287
784 604 528
746 604 1018
822 604 1016
775 604 942
800 679 622
784 679 715
746 679 746
822 679 745
775 679 563
800 747 1258
784 747 528
746 747 1067
822 747 1177
775 747 942
752 800 1223
686 800 78
758 800 3
758 784 666
752 784 23
758 746 164
752 746 972
758 822 707
717 822 952
752 822 591
686 822 378
752 775 1037
758 775 682
686 775 72
349 758 68
277 758 27
500 758 3
349 752 679
277 752 3
94 686 1233
500 686 1057
277 686 215
500 717 1112
349 717 42
403 94 144
403 349 1008
330 349 993
107 349 788
330 500 1042
403 500 848
403 277 998
107 277 382
330 277 324
232 107 399
412 403 1222
232 403 960
398 403 957
436 403 499
408 403 343
232 330 624
398 330 410
436 330 410
408 330 392
398 414 1041
436 414 1039
232 414 930
412 414 708
408 414 343
412 390 1222
232 390 930
398 390 716
408 390 343
436 390 117
233 436 1114
208 436 1014
140 436 1014
255 436 925
228 436 602
140 232 529
228 232 457
233 232 451
228 408 1080
208 408 956
140 408 766
233 408 610
255 408 610
255 398 1157
208 398 729
140 398 729
233 398 569
228 398 320
255 412 1157
140 412 1091
228 412 405
208 412 405
233 412 241
214 208 1156
304 228 1122
214 228 505
214 255 375
304 233 705
152 304 1300
76 304 667
152 214 1300
76 214 973
