160
605 218 416
249 218 887
762 218 2
306 218 312
714 218 1122
605 270 713
249 270 371
714 270 1275
605 392 552
249 392 561
762 392 477
306 392 624
714 392 734
605 414 716
249 414 875
762 414 772
714 414 1246
605 486 456
249 486 630
762 486 1123
714 486 945
605 601 552
249 601 343
762 601 179
306 601 377
714 601 1119
605 739 352
249 739 703
762 739 969
306 739 411
714 739 1257
605 794 734
249 794 614
762 794 156
714 794 614
605 804 738
249 804 856
762 804 379
306 804 165
714 804 1078
605 823 650
249 823 650
762 823 728
306 823 426
714 823 1078
605 851 734
249 851 868
762 851 406
306 851 280
714 851 674
249 956 664
597 605 1130
699 605 507
759 605 342
698 605 240
721 605 184
721 249 1239
759 249 232
759 762 622
698 762 512
721 306 1056
597 306 923
698 306 713
759 306 420
721 714 964
759 714 626
431 698 1251
428 698 1223
155 698 265
246 698 233
428 597 1223
431 597 761
155 597 357
417 597 213
246 597 186
431 759 613
428 759 139
246 759 104
431 699 993
428 699 979
155 699 670
417 699 555
246 699 199
431 721 1108
155 721 233
246 721 3
390 417 1129
325 417 849
172 417 604
413 417 298
414 417 292
325 246 444
325 428 1188
172 428 970
414 428 790
413 428 298
325 431 1095
413 431 951
172 431 813
413 155 956
436 413 1168
416 413 1022
439 413 741
175 413 391
396 172 853
175 172 292
436 172 292
439 172 230
416 172 211
416 390 1275
396 390 1093
439 390 160
175 390 113
436 414 1168
396 414 1058
439 414 1050
416 414 654
175 414 391
396 325 1063
175 325 407
439 325 275
255 175 1172
267 175 435
338 175 410
360 175 355
140 175 213
255 396 1168
140 396 980
338 396 807
360 396 782
255 436 1026
140 436 585
338 436 461
360 436 461
267 436 340
140 416 847
338 416 686
360 416 463
255 416 251
255 439 1168
140 439 1016
360 439 583
338 439 583
267 439 340
238 140 1134
152 360 800
374 338 700
152 338 590
152 255 818
396 267 808
101 343 1005
76 152 1263
101 336 1279
152 374 1256
101 374 815
152 396 1030
101 396 796
101 349 1279
152 238 1300
101 238 624
