148
583 410 405
548 410 462
386 410 950
128 410 702
739 410 514
583 480 378
548 480 195
386 480 475
128 480 501
739 480 862
583 591 514
548 591 792
386 591 514
128 591 501
739 591 1239
583 607 688
548 607 643
386 607 523
128 607 353
739 607 827
583 662 767
548 662 773
386 662 189
128 662 172
739 662 673
583 776 190
548 776 449
386 776 598
128 776 129
739 776 1235
583 847 724
548 847 174
386 847 704
128 847 157
739 847 498
583 860 687
548 860 886
386 860 687
128 860 129
739 860 265
583 885 619
386 885 403
128 885 575
739 885 398
500 583 1264
597 583 922
738 583 922
614 583 910
597 548 1112
500 548 1054
738 548 796
614 548 562
738 386 1120
500 386 1118
614 386 1095
597 386 934
500 128 899
597 128 6
500 739 1162
597 739 12
428 597 1234
124 597 1090
431 597 474
384 597 416
124 500 1286
428 500 1005
431 500 991
384 500 183
384 738 8
124 738 4
124 614 1230
428 614 656
431 614 474
384 614 416
325 32 20
236 124 903
172 124 698
325 124 696
325 428 1178
172 428 901
415 428 865
414 428 865
236 428 365
236 384 604
172 384 447
415 431 1066
325 431 912
172 431 686
236 431 348
408 236 390
439 236 356
390 236 299
436 236 293
390 172 957
297 172 393
439 172 393
436 414 1137
439 414 928
297 414 766
408 414 577
390 414 560
408 415 966
390 415 903
297 415 797
436 415 788
439 415 181
390 325 957
408 325 605
439 325 207
374 408 1048
208 408 894
267 408 471
374 436 822
208 436 604
267 436 471
303 436 464
374 390 566
303 390 464
208 390 253
267 297 875
303 297 534
208 297 237
374 439 1124
267 439 471
208 439 402
303 439 316
374 208 413
368 374 752
386 303 1144
374 303 952
386 267 1147
348 267 1028
368 267 588
379 267 291
69 355 1297
101 355 1152
134 368 1297
101 368 1013
101 374 974
69 374 643
69 386 829
101 386 577
101 349 1289
69 349 1008
134 349 794
69 348 1076
101 348 1013
134 379 1177
