243
437 405 793
668 405 511
276 405 928
633 405 542
641 405 548
345 405 331
437 597 731
668 597 511
276 597 946
633 597 460
641 597 548
345 597 605
684 597 312
437 609 731
668 609 511
276 609 959
633 609 376
641 609 548
345 609 333
684 609 523
437 670 726
668 670 691
276 670 726
633 670 460
641 670 548
345 670 605
684 670 562
437 674 731
668 674 511
276 674 959
633 674 542
641 674 548
345 674 331
684 674 253
437 684 731
668 684 572
276 684 959
633 684 460
641 684 548
345 684 331
684 684 562
437 785 491
668 785 224
276 785 500
633 785 179
641 785 231
345 785 423
684 785 561
437 825 355
276 825 365
641 825 217
345 825 217
684 825 355
437 859 553
668 859 213
276 859 365
633 859 271
641 859 453
345 859 680
684 859 561
437 860 396
668 860 213
276 860 1004
633 860 609
641 860 453
345 860 517
684 860 561
437 866 494
668 866 224
276 866 236
633 866 283
641 866 418
345 866 277
684 866 561
437 953 429
668 953 54
276 953 959
345 953 560
437 1001 168
668 1001 39
276 1001 124
388 437 970
703 437 790
715 437 723
646 437 339
611 437 304
626 437 281
611 668 685
715 668 422
626 668 292
646 668 265
388 276 970
715 276 723
703 276 552
611 276 304
626 276 281
646 276 156
611 633 548
626 633 548
646 633 548
715 633 548
703 633 444
646 641 638
703 641 450
626 641 292
715 641 178
388 345 970
703 345 896
715 345 764
646 345 764
611 345 749
626 345 667
626 684 1078
715 684 1058
646 684 824
611 684 597
388 684 539
703 684 539
432 715 823
525 715 620
227 715 193
41 388 1104
483 388 603
432 388 494
463 388 432
227 388 432
525 388 389
41 646 1168
483 646 1099
227 646 1097
432 646 1038
463 646 1021
41 626 1168
483 626 1099
227 626 1097
432 626 1038
463 626 1021
483 611 1099
432 611 1038
463 611 1021
41 611 824
227 611 535
525 611 209
41 703 1036
227 703 711
483 703 614
525 703 404
432 703 404
139 432 943
375 432 780
333 432 704
415 432 246
139 483 1210
333 483 651
333 525 84
139 525 249
415 41 5
375 41 156
402 41 14
402 227 865
368 227 769
139 227 723
375 463 1297
139 463 863
333 463 704
415 463 532
405 333 1250
408 333 934
214 333 726
411 333 436
364 333 340
411 368 850
405 368 434
214 368 434
408 368 248
364 139 884
411 139 850
408 139 451
405 139 331
214 139 331
436 375 798
398 375 592
408 375 297
408 402 724
405 402 624
214 402 214
408 415 1177
436 415 641
398 415 641
405 415 453
214 415 214
391 411 759
208 411 543
267 411 533
264 364 785
391 364 784
229 364 601
208 364 373
267 364 329
267 214 1059
264 214 985
208 214 774
391 214 669
391 405 759
208 405 543
267 405 534
208 408 943
267 408 534
229 408 418
208 436 787
267 436 534
229 436 257
208 398 538
229 398 418
391 398 297
267 398 290
214 208 1163
336 229 1057
389 229 1042
348 229 1042
355 229 916
379 229 328
389 391 800
348 391 543
389 264 1129
348 264 1117
379 264 328
336 264 318
389 267 1003
348 267 1003
379 267 328
69 389 1152
134 336 1300
101 336 1295
69 336 1277
69 355 1297
101 355 1223
134 214 1238
101 214 617
134 379 1243
101 379 707
101 348 1187
69 348 1155
