188
416 480 189
511 480 697
665 480 280
184 480 949
721 480 1217
428 480 352
416 483 162
511 483 697
665 483 280
184 483 949
721 483 1259
428 483 353
416 508 211
511 508 697
665 508 280
184 508 949
721 508 1259
428 508 352
416 585 246
511 585 697
665 585 246
184 585 331
721 585 1259
428 585 352
416 633 362
511 633 697
665 633 280
184 633 691
721 633 1259
428 633 352
416 683 172
511 683 697
665 683 245
184 683 230
721 683 1224
428 683 465
416 700 321
511 700 697
665 700 304
184 700 535
721 700 1255
428 700 352
416 794 697
511 794 776
665 794 243
184 794 1019
721 794 1213
428 794 519
416 853 697
511 853 204
665 853 711
184 853 1019
721 853 1187
428 853 578
511 748 424
665 748 280
184 748 902
721 748 902
428 748 313
511 761 697
665 761 351
184 761 949
721 761 1259
428 761 352
520 416 760
729 416 609
606 416 561
752 416 510
719 416 481
823 416 320
520 511 1111
729 511 763
752 511 673
719 511 557
823 511 544
606 511 162
823 665 956
729 665 743
752 665 548
719 665 362
606 665 340
520 184 674
719 184 122
752 721 702
719 721 3
823 721 1
823 428 1010
520 428 937
752 428 715
719 428 663
606 428 424
729 428 286
229 719 1047
159 719 3
229 823 50
229 606 1162
457 606 759
463 606 585
152 606 410
159 606 345
419 606 330
229 752 69
159 520 759
229 520 646
457 520 388
152 729 1222
184 419 637
412 419 524
375 419 440
390 419 262
184 152 665
375 152 378
412 152 207
184 229 658
375 229 548
412 229 336
375 457 1272
390 457 1240
184 457 637
412 457 524
184 159 601
375 159 570
412 159 219
414 463 1299
375 463 1295
390 463 1203
184 463 490
415 463 457
398 184 790
408 184 743
416 184 631
436 184 602
412 184 246
402 184 246
402 375 1154
436 375 563
416 375 563
398 375 552
412 375 318
416 390 1261
412 390 1226
402 390 1218
398 390 400
408 390 396
436 390 136
436 414 1152
402 414 1126
398 414 1119
416 414 973
408 414 396
412 414 369
436 412 1139
398 412 1119
402 412 897
408 412 794
416 412 429
412 412 200
398 415 1004
436 415 1004
402 415 897
416 415 824
412 415 824
408 415 600
140 402 1300
208 402 1296
440 402 666
140 408 1014
208 408 941
440 408 575
424 408 541
440 398 966
140 398 717
424 398 654
208 398 422
140 436 874
208 436 874
424 436 555
440 436 555
440 416 831
140 416 717
424 416 654
208 416 273
140 412 1168
424 412 368
440 412 368
238 140 1138
152 238 1300
200 238 1072
