184
605 62 222
548 62 82
371 62 686
605 231 112
548 231 9
605 408 562
0 408 224
548 408 854
371 408 544
762 408 615
714 408 1021
605 413 513
0 413 545
548 413 740
371 413 627
762 413 769
714 413 740
605 414 669
0 414 159
548 414 854
371 414 544
762 414 1155
714 414 1021
605 525 513
0 525 497
548 525 854
371 525 544
762 525 760
714 525 1021
605 537 469
0 537 445
548 537 854
371 537 544
762 537 615
714 537 1021
605 548 669
548 548 854
371 548 544
762 548 923
714 548 1021
605 582 645
0 582 354
548 582 483
371 582 199
762 582 354
714 582 267
605 734 462
0 734 224
548 734 854
371 734 544
762 734 615
714 734 1021
605 739 669
0 739 499
548 739 854
371 739 544
762 739 693
714 739 1021
605 831 651
0 831 829
548 831 149
762 831 782
714 831 554
605 851 673
0 851 552
548 851 414
371 851 570
762 851 391
714 851 391
585 605 1095
597 605 1075
805 605 469
787 605 213
698 605 165
698 0 785
597 0 593
787 0 301
597 548 914
805 548 819
787 548 808
585 548 605
698 548 395
585 371 769
805 371 721
597 371 532
787 371 449
698 371 207
805 762 113
698 762 467
585 762 547
787 714 617
431 698 1216
428 698 1198
454 698 785
155 698 230
277 698 175
428 597 1198
454 597 785
431 597 742
155 597 295
277 597 186
277 787 997
155 787 274
454 787 5
155 805 775
431 585 1052
428 585 927
454 585 785
155 585 212
277 585 186
415 428 907
414 428 877
172 428 778
361 428 631
413 428 405
415 454 928
414 454 928
361 454 779
172 454 778
390 454 396
361 277 524
172 277 299
413 431 979
415 431 907
172 431 606
361 431 319
413 155 993
361 155 313
436 413 1161
398 413 1156
416 413 1066
439 413 566
175 413 260
396 361 927
396 172 731
436 172 280
398 172 280
416 172 245
175 172 242
398 415 1016
436 415 1016
396 415 960
416 415 940
439 415 142
416 390 1265
396 390 960
398 390 566
439 390 122
175 390 104
436 414 1161
398 414 1156
439 414 975
416 414 938
396 414 897
175 414 260
264 175 1087
303 175 540
267 175 531
338 175 230
140 175 221
140 396 1079
338 396 504
303 396 189
140 436 663
338 436 375
267 436 330
303 436 282
140 416 756
338 416 449
303 416 317
140 398 756
338 398 449
303 398 317
140 439 1068
338 439 504
267 439 330
303 439 189
238 140 1068
359 264 364
359 267 364
379 267 336
134 359 1177
134 379 1177
200 238 1054
