179
744 394 1002
97 394 435
665 394 220
800 394 1292
362 394 553
744 451 688
97 451 619
665 451 619
800 451 1117
362 451 619
744 462 1002
97 462 461
665 462 447
800 462 1266
362 462 503
744 494 1002
97 494 396
665 494 507
800 494 1295
362 494 125
744 502 1002
97 502 435
665 502 566
800 502 1242
362 502 422
744 587 1002
97 587 827
665 587 625
800 587 1292
362 587 812
744 656 1002
97 656 539
665 656 539
800 656 1210
362 656 553
744 688 1002
97 688 907
665 688 625
800 688 1261
362 688 812
744 718 1002
97 718 196
665 718 595
800 718 1216
362 718 553
744 765 1002
97 765 435
665 765 638
800 765 1293
362 765 507
758 744 542
257 744 85
755 744 22
758 97 534
767 97 512
257 97 1005
752 665 897
758 665 439
755 665 292
767 665 270
257 665 80
752 800 1069
257 800 946
755 800 144
752 362 881
767 362 667
755 362 576
758 362 474
257 362 279
500 755 690
125 755 63
283 755 13
125 758 842
349 758 160
283 758 5
500 758 3
349 752 948
349 767 798
125 767 541
500 767 4
349 257 1266
500 257 932
125 257 817
283 257 798
463 257 453
107 349 627
403 349 522
412 349 408
403 500 439
412 125 807
403 125 747
107 125 328
390 125 219
107 283 627
403 283 522
412 283 476
403 159 549
375 159 466
412 159 261
107 159 261
414 463 1299
375 463 1287
390 463 1168
415 463 379
107 463 143
412 463 143
403 463 130
408 107 2
416 403 1244
412 403 1193
398 403 952
436 403 533
408 403 457
398 375 802
436 375 669
416 375 599
412 375 392
408 375 338
416 390 1244
412 390 1193
398 390 711
408 390 457
436 390 110
436 412 1144
398 412 1111
408 412 893
416 412 466
412 412 348
436 414 1144
398 414 1111
416 414 939
412 414 694
408 414 457
416 415 961
412 415 961
436 415 927
398 415 927
408 415 840
255 398 1079
362 398 872
140 398 667
208 398 582
233 398 571
208 408 967
140 408 901
362 408 872
255 408 712
233 408 682
267 408 256
233 436 1053
255 436 974
208 436 972
140 436 972
267 436 256
233 416 1053
362 416 872
140 416 667
208 416 265
140 412 1140
255 412 1079
233 412 400
362 412 311
267 412 256
214 208 1041
388 208 890
340 208 277
238 140 1135
214 255 459
340 233 619
379 233 527
379 267 409
214 362 551
152 214 1300
134 214 1194
76 214 758
134 388 1164
134 340 923
134 379 1164
152 238 1300
