135
661 403 322
386 403 482
739 403 637
382 403 234
33 403 679
661 433 336
386 433 482
739 433 621
33 433 983
661 455 322
386 455 527
739 455 634
382 455 249
33 455 1110
661 653 909
386 653 317
739 653 1203
382 653 914
33 653 1120
661 675 839
386 675 482
739 675 742
382 675 742
33 675 215
661 775 214
386 775 892
739 775 718
382 775 865
33 775 596
661 834 182
386 834 257
739 834 163
382 834 865
33 834 905
661 846 450
386 846 892
382 846 146
33 846 596
661 891 450
386 891 212
739 891 150
382 891 459
33 891 177
386 607 482
739 607 817
382 607 968
33 607 362
689 661 1207
597 661 1200
585 661 1172
738 661 1091
738 386 1161
597 386 864
585 386 833
689 386 467
585 739 124
597 739 52
689 382 1060
738 382 817
585 382 635
597 382 635
597 33 920
585 33 526
428 597 1174
241 597 1126
454 597 989
245 597 588
431 597 482
428 689 1174
454 689 989
241 689 621
245 689 588
431 689 482
241 738 501
245 738 102
454 738 5
428 585 1050
454 585 989
431 585 781
241 585 621
245 585 588
415 428 1056
414 428 1056
172 428 811
242 428 449
390 428 269
415 454 1059
414 454 1059
172 454 811
390 454 402
415 431 1044
172 431 684
242 431 388
172 241 829
242 241 756
242 245 756
172 245 407
297 242 983
396 242 666
439 242 473
408 242 320
396 172 838
297 172 527
439 172 527
297 390 1158
396 390 1119
408 390 531
439 390 188
396 415 1119
297 415 858
408 415 847
439 415 251
396 414 898
297 414 848
439 414 848
408 414 531
303 396 561
253 396 291
307 396 291
267 396 208
267 408 493
303 297 895
267 297 861
303 439 561
267 439 493
374 253 1223
396 253 725
396 307 1111
396 303 942
374 303 894
396 267 942
101 343 877
101 396 794
101 374 794
101 349 1269
