183
460 149 506
665 149 677
47 149 274
796 149 256
460 282 5
47 282 769
804 282 75
796 282 910
460 398 598
665 398 381
47 398 930
804 398 191
277 398 505
796 398 897
460 483 283
665 483 512
47 483 315
804 483 619
277 483 557
796 483 330
460 525 598
665 525 687
47 525 344
804 525 619
277 525 217
796 525 701
460 599 538
665 599 388
47 599 388
804 599 539
277 599 402
796 599 760
460 699 598
665 699 977
47 699 820
804 699 283
277 699 217
796 699 804
460 812 150
665 812 511
47 812 339
804 812 661
277 812 783
796 812 360
665 231 727
47 231 991
796 231 75
665 402 977
47 402 638
804 402 753
277 402 295
796 402 739
665 473 695
47 473 344
804 473 619
277 473 434
796 473 637
47 262 312
277 262 21
796 262 9
831 460 687
763 460 651
791 460 619
202 460 404
823 460 305
823 665 912
791 665 844
831 665 730
763 665 449
202 665 158
831 47 1020
763 47 1172
202 47 323
823 804 1
791 277 706
831 277 663
763 277 651
823 277 314
202 277 284
202 796 956
823 796 560
831 796 187
188 791 857
308 791 410
344 791 14
486 823 1
344 823 1
344 831 673
308 831 1077
446 202 684
344 202 826
486 202 1193
188 202 70
344 763 752
446 763 92
308 763 175
188 763 420
486 763 2
219 308 289
219 344 557
375 446 994
414 446 994
219 446 901
219 486 1039
219 188 557
390 188 366
375 188 257
375 463 1300
414 463 1297
390 463 1049
415 463 431
402 375 1235
436 375 545
416 375 545
398 375 529
408 375 315
402 219 714
398 219 599
436 219 599
416 219 562
408 219 428
416 390 1233
402 390 1208
408 390 445
398 390 363
402 415 1040
398 415 1040
436 415 1040
408 415 781
416 415 738
436 414 1120
398 414 1117
402 414 1115
416 414 818
408 414 445
140 402 1300
208 402 1297
374 402 977
265 402 783
267 402 467
140 408 1180
208 408 1072
374 408 923
265 408 783
267 408 467
223 408 145
374 398 1124
140 398 870
265 398 783
208 398 482
267 398 237
374 436 851
140 436 851
208 436 851
267 436 467
374 416 977
140 416 870
265 416 783
267 416 275
208 416 248
168 140 128
238 140 1142
168 208 1190
214 208 922
368 265 1171
168 265 528
214 265 455
368 374 763
152 374 568
214 374 316
368 267 587
168 267 326
214 223 922
168 223 811
152 168 1300
200 168 1043
76 152 1219
152 368 936
152 214 1300
200 214 1043
76 214 578
152 238 1300
200 238 1043
