145
605 248 245
665 248 583
314 248 283
605 309 271
800 309 349
314 309 840
605 483 487
665 483 754
800 483 754
314 483 145
716 483 792
605 625 383
665 625 733
800 625 733
314 625 382
716 625 392
605 676 329
665 676 573
800 676 497
314 676 194
716 676 832
605 677 450
665 677 750
800 677 750
314 677 415
716 677 955
605 683 695
665 683 550
800 683 1031
314 683 238
716 683 639
605 761 487
665 761 573
800 761 682
716 761 1047
605 813 614
665 813 526
800 813 784
314 813 744
716 813 602
605 840 797
665 840 452
800 840 530
716 840 553
605 878 785
665 878 460
800 878 792
716 878 553
665 44 886
800 44 984
665 105 630
314 105 572
729 605 977
755 605 387
503 605 286
520 605 135
729 665 959
755 665 410
503 665 221
503 800 676
755 800 339
755 314 1168
729 314 1091
520 314 991
503 314 503
729 716 915
503 716 374
520 716 78
177 503 1085
478 503 1028
521 503 832
463 503 832
245 503 366
177 755 67
478 520 1085
177 520 1085
245 520 837
521 520 357
463 520 357
177 729 671
478 729 1279
412 478 626
403 478 329
403 177 832
412 177 493
403 521 4
403 245 786
412 245 659
414 463 1300
390 463 1145
403 463 150
398 412 1178
436 412 1177
402 412 1140
408 412 954
398 403 1015
408 403 556
436 403 398
402 403 398
402 390 1149
398 390 605
408 390 556
436 390 166
398 414 1180
436 414 1177
402 414 1140
408 414 556
140 402 1300
208 402 1299
392 402 362
267 402 347
324 402 204
140 398 910
208 398 612
324 398 447
392 398 362
208 408 1072
140 408 1067
324 408 445
392 408 362
267 408 347
208 436 1047
140 436 1047
324 436 447
267 436 347
392 436 302
238 140 1215
168 140 61
168 208 1198
214 208 976
330 208 267
372 392 1146
214 392 976
168 392 924
152 392 506
368 267 592
168 324 439
152 372 1294
69 343 959
69 330 1011
152 168 1300
152 368 884
152 214 1300
76 152 1191
152 238 1300
