153
11 388 853
601 388 545
158 388 319
763 388 603
770 388 619
11 464 741
601 464 673
158 464 1001
763 464 439
770 464 971
11 487 853
601 487 673
158 487 1022
763 487 439
770 487 971
11 503 822
601 503 570
158 503 677
763 503 439
770 503 702
11 525 710
601 525 673
158 525 1022
763 525 579
770 525 971
11 526 710
601 526 545
158 526 1069
763 526 648
770 526 458
11 612 870
601 612 673
158 612 1022
763 612 628
770 612 971
11 650 433
601 650 673
158 650 1022
763 650 439
770 650 971
11 667 700
601 667 673
158 667 1022
763 667 439
770 667 971
11 884 761
601 884 789
158 884 143
763 884 392
770 884 608
601 259 420
158 259 367
601 308 273
770 308 10
436 11 1025
626 11 51
611 11 75
715 601 950
626 601 899
611 601 822
646 601 565
436 601 80
436 158 920
611 763 414
626 763 10
436 763 9
646 770 628
626 770 27
483 646 1059
177 646 807
177 436 926
483 436 457
483 626 1059
177 626 443
483 611 1059
177 611 86
333 483 892
139 483 963
112 483 429
234 483 19
264 483 12
193 177 422
405 333 1056
408 333 969
214 333 820
364 333 589
411 333 452
441 333 197
214 112 658
364 112 659
408 112 1
214 193 820
408 193 815
411 193 615
405 193 473
364 193 399
405 234 936
408 234 874
214 234 820
364 234 589
441 234 287
364 139 982
411 139 877
441 139 868
408 139 703
214 139 489
405 139 312
214 264 783
411 264 659
364 264 589
405 264 473
264 364 847
391 364 837
208 364 260
267 364 254
374 411 897
391 411 813
267 411 441
208 411 431
264 214 1047
267 214 1047
391 214 802
208 214 734
391 405 813
374 405 545
267 405 441
208 405 431
374 441 1197
391 441 813
208 441 431
374 408 926
208 408 771
267 408 441
391 408 217
214 208 1084
180 391 1246
214 374 312
180 264 1201
346 264 1138
348 264 1074
323 264 542
346 267 915
348 267 915
323 267 634
101 323 1094
101 346 1267
101 355 979
152 180 1300
200 180 1065
152 214 1300
200 214 1065
152 348 1290
101 348 1107
