107
800 510 1218
181 510 837
346 510 841
391 510 816
800 581 1116
181 581 837
346 581 708
391 581 377
800 626 1235
181 626 407
346 626 235
391 626 872
800 713 1117
181 713 205
346 713 897
391 713 1042
800 766 1292
181 766 393
346 766 897
391 766 941
800 891 1207
181 891 673
346 891 130
391 891 1126
81 800 5
321 800 8
758 800 1
754 181 1208
321 181 248
678 181 1
81 346 1107
754 346 663
758 346 663
321 346 502
678 346 446
321 391 1031
754 391 940
678 391 875
81 391 781
758 391 408
396 754 33
159 81 1064
396 758 227
177 758 87
159 678 1147
177 678 923
396 678 808
390 678 183
159 321 1157
390 321 937
396 321 450
412 396 829
403 396 808
403 390 808
412 390 337
403 177 882
403 159 808
412 159 336
398 412 1183
436 412 1182
408 412 987
175 412 423
398 403 1067
408 403 511
436 403 444
175 403 156
398 414 1183
436 414 1182
408 414 511
175 414 379
398 390 761
408 390 511
436 390 133
175 390 132
233 175 1134
392 175 662
140 175 350
208 175 324
140 398 840
208 398 641
233 398 482
392 398 457
385 398 417
140 408 1178
208 408 982
233 408 791
392 408 457
385 408 221
233 436 1071
208 436 1062
140 436 1062
392 436 424
385 436 336
238 140 1163
168 140 88
168 208 1253
214 208 993
168 385 403
214 392 993
168 392 931
277 392 624
152 168 1300
152 277 1299
76 277 1066
152 214 1300
76 214 736
152 238 1300
