131
773 436 1098
96 436 861
757 436 995
796 436 1007
773 659 581
96 659 314
757 659 995
796 659 1007
773 661 905
96 661 936
757 661 986
796 661 695
773 693 894
96 693 460
757 693 1168
796 693 786
773 722 1088
96 722 936
757 722 995
796 722 1007
773 765 977
96 765 936
757 765 1148
796 765 990
773 795 1143
96 795 367
757 795 367
796 795 907
773 797 1143
96 797 309
757 797 232
796 797 907
773 812 1038
96 812 372
757 812 120
796 812 907
773 869 1143
96 869 372
757 869 372
796 869 907
96 997 723
796 997 1150
604 773 50
220 773 1122
831 96 881
220 96 1137
763 96 356
831 757 335
220 757 1086
220 796 907
831 796 92
499 604 1101
168 604 419
240 604 271
486 604 95
499 220 1069
488 220 1254
486 220 710
240 220 915
168 831 332
499 831 1127
240 763 1
121 488 1096
391 488 389
219 486 838
471 486 935
391 486 634
471 240 1043
407 240 554
121 240 510
391 240 471
471 168 1166
391 168 590
219 168 342
121 168 187
121 499 58
391 499 589
219 499 146
176 471 1026
418 471 197
443 471 56
172 471 93
172 219 701
443 219 688
429 219 688
418 219 565
176 219 349
418 121 422
176 121 102
443 391 870
418 391 659
429 391 462
172 391 332
443 407 789
429 407 778
418 407 659
172 407 332
443 414 885
429 414 778
418 414 659
172 414 585
176 414 490
267 418 529
201 418 453
244 418 432
223 418 353
232 418 205
232 172 1099
223 172 949
267 172 797
244 172 751
201 172 367
244 429 779
267 429 529
232 429 474
201 429 453
223 429 353
223 443 875
201 443 453
244 443 432
267 443 226
223 176 684
232 176 541
244 176 357
201 176 314
378 244 1081
378 201 642
378 267 491
378 223 357
76 152 1261
152 378 1291
