167
583 410 320
193 410 464
386 410 690
6 410 680
739 410 681
583 600 308
193 600 795
386 600 275
6 600 338
739 600 767
583 607 596
193 607 243
386 607 743
6 607 649
739 607 908
583 776 206
386 776 553
6 776 515
739 776 1243
583 808 222
193 808 815
386 808 125
6 808 606
583 811 206
193 811 1139
386 811 125
6 811 685
739 811 316
583 847 619
193 847 847
386 847 468
6 847 606
739 847 463
583 865 464
193 865 234
386 865 702
6 865 651
739 865 422
583 885 511
193 885 1147
386 885 343
6 885 628
739 885 422
193 211 1142
6 211 697
193 821 1147
386 821 131
6 821 581
500 583 1220
614 583 899
738 583 831
597 583 831
763 583 574
500 193 1130
738 193 363
614 193 503
597 193 185
614 386 1147
763 386 1061
500 386 1024
738 386 1002
597 386 881
500 6 471
738 6 288
500 739 1008
763 739 589
597 739 22
428 597 1204
124 597 1048
431 597 431
384 597 289
124 500 1290
431 500 975
428 500 948
124 614 1212
428 614 579
431 614 431
384 614 289
384 738 11
124 738 6
32 763 33
124 763 1275
325 32 15
172 124 710
325 124 610
375 124 360
325 428 1116
172 428 940
414 428 939
415 428 939
375 428 230
390 428 185
415 431 1145
325 431 915
375 431 751
172 431 740
172 384 496
375 384 451
390 384 245
297 375 764
439 375 764
436 375 723
390 375 363
390 172 972
396 172 894
439 172 458
297 172 458
297 390 973
390 390 971
396 390 963
408 390 403
439 390 144
408 415 977
396 415 963
390 415 919
436 415 772
297 415 703
439 415 199
436 414 1143
439 414 870
396 414 845
297 414 667
390 414 568
408 414 403
390 325 1022
396 325 886
408 325 564
439 325 203
374 396 1180
208 396 729
303 396 239
307 396 201
267 396 186
374 408 1042
208 408 979
267 408 419
374 436 845
208 436 555
303 436 444
267 436 419
307 436 383
374 390 536
303 390 450
307 390 413
208 390 281
267 297 859
303 297 467
208 297 344
374 439 1152
208 439 478
267 439 419
303 439 239
374 208 406
368 307 1240
374 303 920
368 374 772
368 267 607
379 267 329
101 355 1148
134 336 1298
101 336 1294
134 368 1299
101 368 1021
101 374 995
101 349 1294
134 349 789
134 379 1187
