244
677 392 317
816 392 1087
665 392 304
763 392 467
804 392 699
739 392 988
677 524 219
816 524 494
665 524 277
763 524 332
688 524 275
804 524 945
739 524 1012
677 546 241
816 546 1148
665 546 347
763 546 296
688 546 279
804 546 342
739 546 947
677 600 244
816 600 1148
665 600 441
763 600 649
688 600 244
804 600 960
739 600 283
677 625 203
816 625 1148
665 625 481
763 625 649
688 625 254
804 625 1024
739 625 739
677 667 203
816 667 569
665 667 441
763 667 353
688 667 319
804 667 404
739 667 404
677 742 369
816 742 1148
665 742 441
763 742 613
688 742 471
804 742 724
739 742 283
677 761 372
816 761 1148
665 761 386
763 761 220
688 761 285
804 761 683
739 761 581
677 776 488
816 776 278
665 776 339
763 776 358
804 776 920
739 776 1003
677 799 285
816 799 505
665 799 258
763 799 396
804 799 936
739 799 983
677 821 488
816 821 505
665 821 339
763 821 233
804 821 820
739 821 182
677 826 302
816 826 505
665 826 302
763 826 568
688 826 268
804 826 936
739 826 613
677 846 488
816 846 538
665 846 339
763 846 233
804 846 936
816 365 778
665 365 576
804 365 1243
739 365 211
816 408 557
665 408 386
763 408 259
804 408 602
739 408 644
816 659 1148
665 659 258
763 659 634
688 659 280
804 659 634
739 659 283
816 754 1148
665 754 395
763 754 548
688 754 164
804 754 548
739 754 283
665 105 403
585 677 997
771 677 987
738 677 855
597 677 787
696 677 361
763 677 216
500 677 146
585 816 78
738 816 835
696 816 409
771 665 766
738 665 477
597 665 159
763 665 143
585 665 135
696 665 118
771 763 1222
585 688 997
771 688 987
696 688 870
738 688 855
597 688 787
500 688 516
763 688 303
500 804 174
763 739 500
500 739 447
585 739 60
696 739 372
597 739 20
771 739 2
463 597 1000
428 597 845
177 597 693
245 597 529
428 500 456
245 500 387
86 500 375
177 500 214
82 500 213
177 696 693
428 696 618
245 696 529
463 696 364
225 696 308
245 738 64
245 763 1215
225 763 26
177 585 606
245 585 529
428 585 399
82 585 339
463 585 229
414 225 829
121 225 466
375 225 387
21 225 360
121 86 1
375 86 12
216 86 14
415 428 995
414 428 995
21 428 667
393 428 660
216 428 556
375 428 196
216 177 394
21 245 758
375 245 505
393 245 476
121 245 386
216 245 308
21 82 880
121 82 1189
216 82 175
375 463 1298
414 463 1296
21 463 1107
390 463 970
216 463 556
415 463 462
297 393 1055
436 393 680
398 393 680
408 393 494
439 393 196
439 375 862
297 375 862
398 375 602
436 375 589
408 121 6
408 216 1167
436 216 817
398 216 314
297 216 260
297 390 1055
408 390 494
398 390 324
439 390 167
436 415 1037
398 415 1037
408 415 988
297 415 772
439 415 196
398 414 1131
436 414 1113
439 414 994
297 414 676
408 414 494
408 21 565
398 21 188
436 21 184
374 398 1126
303 398 347
267 398 227
374 408 970
267 408 471
374 436 887
267 436 471
303 436 281
267 297 805
264 297 741
303 297 469
374 439 1078
267 439 471
303 439 208
368 374 844
348 264 1006
379 264 399
348 267 903
368 267 570
379 267 399
134 368 1293
152 368 995
134 379 1116
134 349 783
152 348 1276
