237
416 288 875
219 288 152
795 288 3
721 288 1079
416 480 338
665 480 253
219 480 650
795 480 702
721 480 1147
428 480 257
416 508 441
665 508 243
219 508 638
795 508 702
721 508 1227
428 508 257
416 585 318
665 585 243
219 585 650
795 585 336
721 585 1232
428 585 257
416 633 385
665 633 243
219 633 638
795 633 667
721 633 1213
428 633 257
416 683 176
665 683 243
219 683 650
795 683 374
721 683 1159
428 683 343
416 700 216
665 700 381
219 700 638
795 700 373
721 700 1200
428 700 257
416 761 195
665 761 390
219 761 638
795 761 861
721 761 1237
428 761 257
416 765 346
665 765 243
219 765 638
795 765 702
721 765 1113
428 765 343
416 853 592
665 853 720
219 853 362
795 853 607
721 853 1169
428 853 418
665 483 243
219 483 650
795 483 702
721 483 1221
428 483 509
665 748 269
219 748 650
795 748 702
721 748 834
428 748 220
665 925 29
795 925 4
428 925 42
795 969 37
721 969 768
428 969 355
821 416 619
520 416 539
767 416 516
755 416 472
752 416 405
823 416 311
729 416 263
785 416 210
823 665 714
729 665 596
752 665 474
755 665 229
821 665 191
785 665 163
767 665 155
520 665 131
785 219 593
767 219 42
821 219 73
785 795 318
520 795 228
767 795 186
821 795 65
752 721 496
785 721 214
821 721 1073
823 721 1
520 428 901
823 428 739
755 428 684
752 428 554
821 428 486
785 428 307
767 428 218
729 428 218
88 823 112
229 823 47
51 755 663
93 755 567
88 755 264
88 821 813
51 821 59
93 821 30
229 821 27
51 752 89
229 752 46
93 785 1275
88 785 528
51 785 3
419 767 614
93 767 1151
88 520 1054
229 520 588
93 520 504
93 729 619
152 729 1157
184 51 1097
375 51 1
412 419 604
184 419 475
375 419 407
390 419 250
184 152 455
375 152 377
412 152 279
375 229 647
184 229 504
412 229 419
412 88 4
184 88 1
184 93 615
414 463 1297
375 463 1292
390 463 1115
415 463 390
184 463 352
408 184 793
398 184 722
416 184 615
436 184 521
402 375 1095
398 375 759
436 375 619
416 375 571
408 375 285
436 412 1124
398 412 1089
402 412 935
408 412 901
416 412 383
412 412 169
416 390 1245
402 390 1203
412 390 1164
408 390 460
398 390 374
436 390 89
436 414 1156
402 414 1094
398 414 1089
416 414 866
408 414 460
412 414 419
398 415 975
436 415 975
402 415 935
416 415 833
412 415 833
408 415 751
140 402 1300
208 402 1296
206 402 1257
265 402 964
267 402 300
206 408 1025
140 408 999
208 408 982
265 408 964
424 408 476
267 408 300
206 398 1268
265 398 964
140 398 724
424 398 611
208 398 498
206 436 1106
208 436 907
140 436 907
424 436 343
267 436 300
265 436 161
206 416 1268
265 416 964
140 416 724
424 416 611
208 416 342
140 412 1141
267 412 300
424 412 300
206 412 256
265 412 223
238 140 1167
388 208 900
342 208 900
340 208 290
330 208 290
379 424 956
342 424 630
388 424 630
330 424 309
340 424 309
379 265 657
379 267 468
388 206 1062
342 206 1062
379 206 657
134 342 1292
152 342 1132
134 330 746
134 388 1137
134 340 1010
134 379 1137
152 238 1300
