244
11 28 766
763 28 706
27 28 100
11 388 622
601 388 223
158 388 568
763 388 325
27 388 350
549 388 320
11 435 482
601 435 330
158 435 1024
763 435 385
27 435 735
549 435 320
11 444 332
601 444 330
158 444 955
763 444 374
27 444 735
549 444 295
11 464 822
601 464 299
158 464 972
763 464 275
27 464 735
549 464 320
11 467 537
601 467 395
158 467 955
763 467 438
27 467 735
549 467 320
11 487 852
601 487 320
158 487 955
763 487 400
27 487 735
549 487 320
11 503 513
601 503 388
158 503 728
763 503 328
27 503 728
549 503 361
11 525 646
601 525 354
158 525 955
763 525 400
27 525 735
549 525 252
11 526 688
601 526 330
158 526 1076
763 526 400
27 526 473
549 526 320
11 559 700
601 559 346
158 559 779
763 559 307
27 559 460
549 559 320
11 625 337
601 625 337
158 625 955
763 625 462
27 625 735
549 625 160
11 667 799
601 667 299
158 667 955
763 667 400
27 667 735
549 667 252
11 679 679
601 679 399
158 679 430
763 679 325
27 679 742
549 679 147
11 769 477
601 769 394
158 769 437
27 769 552
549 769 607
346 11 919
436 11 1056
484 11 1197
611 11 45
746 601 747
611 601 490
484 601 488
346 601 356
646 601 307
487 601 145
346 158 796
436 158 984
487 158 826
484 158 144
746 158 55
484 763 659
611 763 203
436 763 31
746 763 14
346 27 823
484 27 1215
436 27 110
346 549 933
484 549 871
436 549 853
487 549 525
611 549 413
746 549 402
646 549 156
246 487 1147
177 487 1063
217 487 421
229 487 382
483 487 225
246 484 1080
177 484 1076
217 484 555
229 484 498
483 484 435
177 646 894
483 646 765
229 646 610
217 646 235
246 346 1117
177 346 1060
483 346 447
229 346 382
246 436 1117
177 436 1063
483 436 432
229 436 382
483 611 765
229 611 610
217 611 235
246 611 233
177 611 122
246 746 16
483 746 24
420 246 632
413 229 752
420 229 547
375 229 250
139 483 716
333 483 615
413 483 80
420 177 638
413 177 412
413 217 606
420 217 550
375 217 473
139 217 317
398 420 1036
402 420 897
416 420 801
293 420 439
364 420 384
408 333 1056
364 333 355
175 333 253
293 333 220
402 375 987
398 375 572
416 375 548
364 375 448
416 413 1148
398 413 1061
408 413 906
402 413 897
175 413 183
364 413 134
408 139 735
293 139 640
364 139 637
175 139 253
416 390 1148
402 390 1124
293 390 439
398 390 417
408 390 324
364 390 134
398 414 1036
402 414 897
416 414 616
293 414 439
364 414 384
408 414 324
175 414 183
264 364 686
424 364 623
140 364 523
391 364 469
208 364 365
239 364 262
264 175 887
208 175 568
267 175 409
239 175 379
140 175 283
391 175 175
140 402 1300
208 402 1290
267 402 268
239 402 149
391 402 149
208 408 940
140 408 816
424 408 473
267 408 268
140 398 729
208 398 651
424 398 534
239 398 534
391 398 242
239 293 923
140 293 702
267 293 547
264 293 286
424 293 286
140 416 729
208 416 444
424 416 395
239 416 395
391 416 305
238 140 1016
214 208 1088
388 208 787
383 424 1067
388 424 552
355 424 552
383 239 771
383 267 732
101 355 930
152 214 1300
200 214 938
101 383 432
101 388 787
152 238 1300
200 238 938
