132
800 408 1241
744 408 1165
665 408 511
132 408 868
800 580 1169
744 580 882
665 580 313
132 580 953
800 660 1143
744 660 1143
665 660 428
132 660 431
800 710 1176
744 710 882
665 710 481
132 710 953
800 740 914
744 740 801
665 740 481
132 740 914
800 773 1168
744 773 657
665 773 357
132 773 859
800 784 1261
744 784 390
665 784 972
132 784 334
800 817 1243
744 817 304
665 817 707
132 817 859
800 838 914
665 838 972
132 838 916
800 861 1168
744 861 90
665 861 707
132 861 859
800 961 1235
665 961 783
132 961 1108
752 800 1139
693 800 1227
758 800 1
758 744 737
752 665 1049
693 665 896
758 665 728
752 132 983
693 132 791
349 758 31
277 758 21
283 758 6
349 752 533
277 752 6
463 693 1296
94 693 475
283 693 382
349 693 164
403 349 843
50 349 612
413 349 436
50 94 1104
403 94 139
403 283 843
413 283 540
50 283 281
414 283 281
403 277 787
414 463 1299
390 463 1150
50 463 666
413 463 429
403 463 170
52 50 1260
175 50 437
416 403 1234
412 403 1215
398 403 1035
52 403 548
436 403 520
175 403 193
416 413 1234
398 413 1227
412 413 1227
436 413 1050
175 413 307
52 413 167
416 390 1234
412 390 1215
398 390 750
52 390 548
175 390 148
398 414 1051
436 414 1050
416 414 810
412 414 713
52 414 548
175 414 307
255 175 1098
392 175 669
208 175 420
360 175 208
140 175 177
255 398 1148
208 398 760
140 398 760
392 398 441
360 398 194
140 416 660
392 416 441
208 416 412
208 436 1076
140 436 1076
255 436 949
392 436 382
360 436 194
255 52 467
255 412 1148
140 412 1145
392 412 382
208 412 205
238 140 1112
214 208 1090
214 360 483
214 255 383
214 392 1090
152 214 1300
76 214 877
152 238 1300
76 238 624
