139
800 408 1226
744 408 1178
665 408 496
132 408 767
800 688 1156
744 688 1156
665 688 633
132 688 883
800 710 1162
744 710 946
665 710 498
132 710 818
800 740 957
744 740 808
665 740 486
132 740 818
800 773 1205
744 773 698
665 773 364
132 773 665
800 777 1205
744 777 180
665 777 661
132 777 665
800 778 907
665 778 643
132 778 665
800 784 1260
744 784 437
665 784 935
132 784 478
800 813 1056
744 813 400
665 813 609
132 813 665
800 861 1205
744 861 146
665 861 678
132 861 665
800 961 1251
665 961 764
132 961 1017
693 800 1209
769 800 125
758 800 3
758 744 646
769 744 443
787 744 236
693 665 921
758 665 619
769 665 427
693 132 850
787 132 1092
283 787 798
277 787 1194
125 758 853
277 758 70
349 758 25
283 758 12
125 769 5
463 693 1294
283 693 378
403 349 916
107 349 688
50 349 488
412 349 488
403 125 1099
412 125 564
107 125 374
50 125 329
403 283 916
107 283 688
412 283 459
50 283 234
414 283 234
403 277 863
107 277 374
414 463 1298
50 463 742
403 463 178
232 107 306
52 50 1276
175 50 482
416 403 1232
398 403 994
232 403 885
52 403 656
436 403 487
175 403 201
232 412 1216
436 412 1073
398 412 1056
52 412 656
416 412 461
175 412 396
436 414 1073
398 414 1056
232 414 829
416 414 796
52 414 656
175 414 355
255 175 1084
233 175 1084
208 175 385
360 175 226
140 175 211
360 232 674
140 232 522
233 232 328
255 398 1172
208 398 726
140 398 726
233 398 555
360 398 198
208 436 1089
140 436 1089
233 436 1079
255 436 921
360 436 225
233 416 1079
140 416 696
208 416 370
255 416 208
255 52 459
233 52 513
214 208 1095
238 140 1125
214 360 439
336 255 424
214 255 342
379 233 527
336 233 424
134 336 1291
152 214 1300
134 214 1200
76 214 736
134 379 1169
152 238 1300
76 238 652
