361
601 398 289
605 398 357
703 398 245
353 398 490
505 398 341
539 398 487
701 398 203
636 398 283
658 398 133
601 430 289
605 430 465
703 430 233
353 430 565
505 430 693
539 430 487
701 430 502
636 430 427
658 430 264
601 432 289
605 432 345
703 432 233
353 432 565
505 432 764
539 432 353
701 432 502
636 432 362
658 432 356
601 473 325
605 473 345
703 473 575
353 473 575
505 473 693
701 473 206
636 473 267
658 473 356
601 522 315
605 522 461
703 522 315
353 522 565
505 522 693
539 522 487
701 522 285
636 522 326
658 522 233
601 557 309
605 557 340
703 557 180
353 557 395
505 557 251
539 557 487
701 557 251
636 557 340
658 557 135
601 652 325
605 652 448
703 652 825
353 652 638
505 652 701
701 652 646
636 652 262
601 675 289
605 675 552
703 675 233
353 675 289
505 675 634
539 675 487
701 675 502
636 675 372
658 675 259
601 716 289
605 716 231
703 716 231
353 716 446
505 716 634
539 716 487
701 716 502
636 716 291
658 716 232
601 731 251
605 731 448
703 731 444
353 731 565
505 731 693
539 731 346
701 731 502
636 731 291
601 740 262
605 740 345
703 740 233
353 740 565
505 740 657
539 740 329
701 740 502
636 740 291
658 740 366
601 744 325
605 744 345
703 744 825
353 744 638
505 744 513
539 744 487
701 744 518
636 744 168
658 744 160
601 752 229
605 752 345
703 752 233
353 752 565
505 752 693
539 752 200
701 752 502
636 752 509
658 752 321
601 816 288
605 816 496
703 816 635
353 816 663
505 816 245
539 816 284
701 816 309
636 816 841
658 816 582
601 832 288
605 832 470
703 832 510
353 832 510
505 832 245
539 832 284
701 832 597
636 832 510
658 832 169
601 838 288
605 838 470
703 838 635
353 838 663
505 838 389
539 838 284
701 838 700
636 838 841
658 838 169
601 861 438
605 861 470
703 861 432
353 861 457
505 861 245
539 861 550
701 861 597
636 861 492
658 861 169
601 884 288
605 884 120
703 884 342
353 884 520
505 884 822
539 884 284
701 884 639
636 884 657
703 989 8
353 989 596
505 989 103
539 989 33
744 601 1220
738 601 1014
781 601 555
815 601 549
611 601 412
79 601 278
805 601 106
738 605 935
744 605 925
815 605 602
805 605 372
611 605 270
738 703 664
815 703 602
781 703 555
744 703 388
805 703 337
611 703 134
815 353 908
79 353 757
781 353 710
744 353 465
805 353 464
738 353 462
611 353 401
815 505 983
79 505 974
781 505 582
805 505 464
738 505 462
611 505 401
815 539 851
79 539 851
781 539 690
738 539 612
805 539 464
611 539 401
738 701 790
815 701 687
79 701 404
744 701 388
611 701 375
805 701 337
781 701 279
79 636 860
738 636 743
815 636 602
781 636 425
611 636 412
805 636 337
744 658 1265
815 658 1110
781 658 877
79 658 876
738 658 555
805 658 337
611 658 304
364 815 322
135 815 1143
484 815 125
322 815 45
463 815 4
1 815 2
169 738 35
322 79 852
364 79 1201
1 79 88
484 805 797
364 805 75
169 805 6
52 781 972
135 781 187
483 781 85
169 781 2
463 611 1221
483 611 827
135 611 572
484 611 502
364 611 330
322 611 164
364 744 332
52 744 27
129 1 677
333 483 804
412 483 368
129 484 251
361 484 2
375 169 1042
129 169 684
412 364 1101
361 364 403
375 364 260
375 322 685
50 322 685
412 322 649
129 322 235
361 135 1116
412 135 717
375 135 540
50 135 426
390 135 240
50 52 419
375 52 1
375 463 1298
390 463 1024
415 463 546
333 463 421
412 463 421
50 463 391
361 463 290
408 333 1032
297 333 923
355 333 610
416 333 535
175 333 277
396 50 800
408 50 45
175 50 228
297 129 909
416 129 576
175 129 441
408 129 441
396 129 435
297 375 674
355 375 522
416 375 509
385 375 377
396 361 773
385 361 415
408 361 227
385 412 1122
396 412 906
408 412 888
355 412 876
416 412 285
416 390 1222
396 390 906
385 390 895
355 390 810
297 390 732
408 390 383
416 415 941
396 415 906
385 415 858
355 415 810
408 415 796
297 415 732
233 175 1109
264 175 938
374 175 790
298 175 656
303 175 539
208 175 470
208 408 1037
374 408 921
298 408 739
233 408 578
208 385 1201
374 385 1190
233 385 779
303 385 525
298 385 276
374 396 1211
233 396 1029
208 396 892
303 396 166
374 416 1102
233 416 1029
208 416 292
303 416 292
298 416 276
264 297 668
303 297 404
233 297 400
208 297 394
374 355 1175
233 355 1001
208 355 829
264 355 542
303 355 404
214 208 1024
374 208 392
330 208 392
340 208 392
330 233 763
340 233 670
374 303 937
389 303 257
214 374 229
389 264 1181
374 298 1005
389 298 567
355 298 184
101 330 831
133 389 798
101 389 640
101 355 1005
101 374 857
101 214 531
133 340 1299
