110
399 752 1038
655 752 854
658 752 1289
399 782 1162
655 782 925
658 782 446
399 834 1204
655 834 865
658 834 426
399 839 1178
655 839 652
658 839 426
399 844 872
655 844 925
658 844 773
399 876 1204
655 876 865
658 876 426
399 945 996
655 945 653
658 945 77
668 399 1143
663 399 891
656 399 558
663 655 1152
656 655 873
668 655 782
668 658 1222
656 658 882
663 658 282
244 656 1227
223 656 1219
457 656 232
364 656 179
244 668 1299
223 668 1172
457 668 1036
364 668 848
244 663 1299
223 663 1219
364 663 397
457 663 238
94 244 675
387 244 675
387 457 1150
192 457 142
415 457 138
387 364 1286
94 364 984
387 223 868
192 223 782
415 223 349
320 192 1296
192 192 655
170 192 539
250 192 534
374 192 218
250 94 1049
170 94 1243
192 415 631
320 415 392
374 415 304
374 387 1233
170 387 739
192 387 631
320 387 491
362 250 1032
409 250 798
208 250 699
266 250 320
298 250 275
266 192 1106
298 192 719
409 192 351
362 192 250
298 170 1266
409 170 916
208 170 699
266 170 408
409 320 1131
298 320 719
208 320 699
362 320 250
208 374 462
266 374 462
409 374 419
214 208 1057
374 208 423
395 208 423
374 409 1160
214 409 955
353 409 937
395 298 1227
344 298 1014
374 298 887
214 362 846
344 362 761
353 362 520
374 362 395
353 266 1278
374 266 1274
214 266 476
395 266 403
101 344 1300
101 395 868
96 395 740
101 374 1198
101 214 762
101 353 1288
96 353 885
