261
695 407 555
601 407 163
633 407 157
403 407 549
576 407 345
442 407 553
508 407 363
695 439 256
601 439 333
633 439 180
403 439 174
576 439 345
442 439 256
508 439 416
695 502 555
601 502 280
576 502 405
442 502 510
637 502 192
508 502 302
695 724 555
601 724 272
403 724 502
576 724 317
442 724 510
637 724 192
508 724 302
695 771 239
601 771 278
633 771 399
403 771 304
576 771 503
442 771 527
637 771 240
508 771 125
695 822 419
601 822 419
633 822 167
403 822 458
576 822 503
442 822 527
637 822 88
508 822 461
695 840 299
601 840 419
633 840 158
403 840 304
576 840 427
442 840 251
637 840 372
508 840 311
695 842 239
601 842 141
633 842 511
403 842 135
576 842 420
442 842 527
508 842 461
695 866 138
601 866 419
633 866 302
403 866 135
576 866 427
442 866 584
637 866 717
508 866 461
695 873 168
601 873 175
633 873 240
403 873 175
576 873 503
637 873 347
695 883 239
601 883 399
633 883 207
576 883 399
442 883 527
637 883 503
695 888 116
601 888 190
633 888 730
403 888 190
576 888 423
442 888 374
637 888 414
508 888 461
695 889 239
601 889 357
633 889 158
403 889 135
576 889 420
442 889 527
637 889 329
508 889 170
601 853 242
633 853 495
403 853 881
576 853 327
442 853 140
637 853 592
508 853 170
601 859 242
633 859 158
403 859 881
576 859 503
637 859 240
508 859 461
633 865 181
403 865 881
576 865 420
442 865 183
637 865 146
42 695 569
646 695 368
71 695 170
626 695 168
715 695 138
715 601 1014
626 601 875
646 601 515
611 601 360
42 601 300
71 601 236
71 633 808
42 633 687
646 633 305
626 633 305
715 633 305
611 633 305
71 403 706
626 403 405
42 403 220
611 403 218
71 576 819
626 576 427
715 576 377
42 576 189
611 576 172
71 442 499
611 442 448
715 442 391
42 442 372
626 442 347
646 442 312
71 637 894
42 637 569
646 637 423
626 637 311
611 637 311
715 637 311
71 508 720
626 508 438
715 508 391
646 508 265
611 508 218
525 71 1149
432 71 22
432 715 933
525 715 815
227 715 101
432 646 1075
483 646 841
456 646 824
227 646 823
481 646 812
457 646 449
432 626 1075
483 626 841
227 626 823
481 626 812
457 626 106
432 611 1075
483 611 841
525 611 387
227 611 381
481 611 126
481 42 690
227 42 79
387 456 915
375 456 813
412 456 607
333 456 223
375 432 813
333 432 451
412 432 403
415 432 180
375 481 1176
387 481 12
412 483 267
333 483 415
375 457 1085
387 457 915
412 457 556
415 457 227
412 525 731
333 525 65
387 227 850
412 227 829
368 227 707
402 227 627
408 333 860
433 333 296
407 368 251
433 368 235
407 375 1166
374 375 899
436 375 756
398 375 574
17 375 508
408 375 287
433 402 1085
408 402 425
407 402 233
374 387 990
436 387 990
398 387 741
408 387 739
433 387 391
407 387 233
408 412 747
436 412 613
398 412 613
433 412 549
407 412 430
17 412 260
408 415 973
407 415 686
398 415 452
436 415 452
433 415 397
208 407 1164
298 407 792
391 407 161
298 408 875
208 408 795
208 433 1175
391 433 368
168 17 1172
298 17 4
208 398 531
391 398 225
298 436 886
208 436 775
168 374 562
208 374 171
391 374 171
214 208 1069
388 208 913
330 208 370
330 391 335
343 298 246
330 168 437
388 168 1079
101 343 965
69 343 864
69 330 1116
101 330 996
101 349 1172
69 349 869
101 214 615
101 388 899
