336
396 9 529
149 9 210
176 9 573
396 215 183
419 215 315
149 215 484
406 215 225
176 215 515
396 441 185
419 441 214
149 441 1090
646 441 464
406 441 200
485 441 266
176 441 366
396 772 138
419 772 325
149 772 682
347 772 569
406 772 498
485 772 325
176 772 680
396 773 138
419 773 483
149 773 261
347 773 421
646 773 400
406 773 156
176 773 266
396 825 138
419 825 126
149 825 373
347 825 569
646 825 226
406 825 397
485 825 567
176 825 373
396 826 138
149 826 545
347 826 421
646 826 464
406 826 314
485 826 380
176 826 266
396 844 273
419 844 651
149 844 655
347 844 389
406 844 397
485 844 567
176 844 416
396 854 273
419 854 374
149 854 533
347 854 569
646 854 255
406 854 149
485 854 656
176 854 416
396 858 138
419 858 651
149 858 587
347 858 421
406 858 162
485 858 297
176 858 587
419 263 248
149 263 1080
347 263 52
176 263 24
419 406 182
149 406 1127
347 406 256
646 406 464
406 406 249
176 406 174
419 664 253
149 664 1127
347 664 245
646 664 464
406 664 164
485 664 285
176 664 534
419 789 510
149 789 775
347 789 569
646 789 529
406 789 234
485 789 333
176 789 199
419 816 510
149 816 775
347 816 389
406 816 471
485 816 656
176 816 398
419 823 651
149 823 583
347 823 510
646 823 102
406 823 156
485 823 656
176 823 583
419 878 510
149 878 775
347 878 510
646 878 129
406 878 293
485 878 333
176 878 301
419 897 261
149 897 597
646 897 82
406 897 88
176 897 4
419 924 1
149 924 1
176 924 1042
347 919 80
646 919 952
485 919 90
176 919 101
742 396 1199
79 396 1167
605 396 473
723 396 424
677 396 337
606 396 226
742 419 1205
79 419 1167
606 419 524
723 419 396
677 419 224
677 149 433
79 149 1074
742 149 1177
723 149 516
723 347 1046
79 347 1038
742 347 1038
605 347 391
606 347 251
677 347 249
742 646 1193
79 646 1142
723 646 982
605 646 502
742 406 1205
79 406 1167
723 406 798
605 406 309
606 406 250
677 406 224
79 485 640
723 485 640
742 485 503
606 485 194
677 485 194
605 485 189
742 176 1104
79 176 1106
605 176 6
256 742 587
364 742 1002
322 742 1081
371 742 16
322 606 1013
364 606 1002
234 606 591
371 606 496
463 606 411
256 606 395
256 79 935
322 79 1089
364 79 1223
371 79 118
234 79 389
1 79 67
234 723 549
364 723 992
371 723 59
1 723 65
256 723 54
322 677 958
364 677 702
371 677 439
234 677 344
463 677 152
256 677 115
364 605 780
234 605 591
322 605 544
1 605 478
256 605 395
463 605 304
371 605 246
193 1 168
39 371 1034
193 371 796
412 371 645
387 371 645
394 371 645
375 371 340
402 371 307
394 234 1102
387 234 1097
39 234 885
412 234 807
193 234 796
375 234 289
39 364 1106
394 364 1102
387 364 1097
412 364 807
193 364 796
415 364 201
394 256 1102
387 256 1097
412 256 807
193 256 747
402 256 415
375 256 336
39 256 318
39 322 1106
387 322 988
394 322 988
412 322 807
193 322 796
375 322 259
375 463 1293
415 463 601
193 463 539
412 463 424
39 463 354
394 463 186
387 463 137
17 193 1090
320 193 1038
408 193 567
193 193 490
365 193 337
416 193 337
309 193 239
416 375 769
17 375 675
320 375 565
17 39 1298
416 402 820
309 402 437
320 402 430
408 402 430
365 402 320
17 402 182
416 394 910
408 394 563
320 394 349
193 394 251
365 394 139
416 387 910
408 387 563
320 387 451
193 387 272
408 415 930
416 415 646
309 415 490
320 415 458
365 415 426
408 412 796
17 412 528
416 412 371
320 412 370
365 412 241
309 412 195
415 365 718
437 365 668
436 365 668
298 365 528
208 365 370
298 408 938
208 408 839
415 408 545
415 17 800
437 17 272
436 17 491
298 17 4
415 309 592
437 309 463
436 309 463
298 309 444
437 320 802
436 320 802
415 320 744
208 320 549
298 320 528
436 193 1069
437 193 1065
415 193 798
208 193 238
298 193 121
415 416 382
208 416 361
437 416 296
298 416 292
388 208 1000
324 208 607
330 208 422
340 208 422
388 436 1180
330 436 1084
379 436 975
324 436 888
340 436 689
388 437 1216
324 437 1146
340 437 1146
385 437 1028
330 437 979
388 415 1237
340 415 1214
324 415 1149
330 415 979
385 415 252
379 298 796
385 298 654
330 298 168
101 330 951
95 330 843
134 330 692
95 324 1266
101 324 568
134 340 724
95 388 1266
134 388 1081
101 388 828
95 385 862
134 379 1200
