149
677 269 1
763 269 39
677 465 430
763 465 1100
769 465 1073
267 465 373
677 493 775
763 493 1082
769 493 1073
267 493 561
677 513 747
763 513 356
769 513 1040
267 513 740
677 574 443
763 574 661
769 574 628
267 574 286
677 613 317
763 613 759
769 613 860
267 613 804
677 649 609
763 649 1145
769 649 836
267 649 609
677 751 386
763 751 1251
769 751 815
267 751 870
677 884 594
763 884 1032
769 884 649
267 884 698
677 890 678
763 890 333
769 890 916
267 890 664
763 272 1040
769 272 52
769 305 911
627 677 1284
771 677 1235
709 677 982
653 677 943
771 763 1299
627 763 487
709 763 446
653 763 105
709 769 1246
771 769 715
627 769 95
771 267 1280
627 267 1280
709 267 969
653 267 583
122 709 1281
304 771 1074
373 771 1172
507 771 1300
3 771 9
373 627 1233
122 627 1187
3 627 1050
284 627 974
507 627 916
304 627 312
122 653 1163
507 653 1104
3 653 988
373 653 942
284 653 663
304 653 532
245 304 981
296 304 977
287 304 957
276 304 815
143 304 412
235 373 852
276 373 588
296 373 500
245 373 403
287 373 221
235 122 852
276 122 588
287 122 558
296 122 500
245 122 482
143 122 192
235 507 187
276 507 1102
143 507 6
287 507 6
235 3 999
276 3 1
287 3 5
296 284 1216
245 284 746
465 276 1242
369 276 1101
408 276 964
297 276 371
465 235 1074
369 235 1074
408 235 1063
297 235 251
297 287 1259
465 287 1259
369 287 248
297 296 1249
465 296 1119
369 296 1101
297 143 958
369 143 478
408 143 459
465 143 249
297 245 1289
465 245 1266
369 245 1008
408 245 426
492 369 1174
310 369 672
339 369 625
202 369 233
492 408 1031
140 408 883
339 408 772
310 408 567
492 465 1278
339 465 4
339 297 1104
492 297 396
140 297 326
202 297 326
310 297 246
238 140 1088
161 202 967
154 202 448
154 310 309
161 492 1229
154 339 1189
161 339 1117
152 377 1080
152 374 1178
162 161 898
123 161 826
152 154 1300
162 154 591
152 238 1300
