138
782 458 936
763 458 1239
770 458 772
769 458 936
782 465 745
763 465 1258
770 465 574
769 465 761
782 489 745
763 489 1231
770 489 640
769 489 761
782 493 890
763 493 1257
770 493 1168
769 493 1186
782 506 910
763 506 510
770 506 424
769 506 910
782 571 784
763 571 1272
770 571 784
769 571 952
782 583 890
763 583 585
770 583 1168
769 583 1191
782 666 890
763 666 585
770 666 912
769 666 979
782 702 890
763 702 667
770 702 987
769 702 987
782 752 890
763 752 917
770 752 1144
769 752 1144
782 836 849
763 836 598
770 836 762
769 836 1150
782 842 834
763 842 598
770 842 1004
769 842 507
782 881 849
763 881 547
770 881 762
769 881 455
782 892 849
763 892 468
770 892 762
769 892 926
770 14 13
801 782 877
771 782 545
771 763 1269
627 763 279
801 770 852
627 770 65
801 769 523
771 769 176
627 769 27
122 643 1241
445 643 878
164 643 202
122 627 1241
164 627 669
279 627 454
445 627 167
445 801 558
279 801 81
226 122 626
373 122 279
201 122 279
242 279 1180
373 279 722
226 279 544
201 164 468
242 164 410
373 164 408
226 164 247
373 445 722
242 445 378
201 445 374
226 445 266
297 226 1296
290 226 1261
465 226 678
255 226 582
263 226 582
263 373 856
465 373 717
255 373 526
263 242 1230
255 242 1199
465 242 1126
297 242 629
290 242 603
255 201 1253
465 201 678
263 201 478
288 255 1114
289 255 1060
411 255 460
208 255 406
288 290 1233
411 290 1161
289 290 465
289 263 1027
411 263 317
411 465 324
411 297 1129
289 297 1037
288 297 772
408 208 1174
408 288 1248
344 288 588
152 288 355
382 411 1063
377 411 673
366 411 316
408 289 1190
344 289 907
152 289 482
366 289 425
101 366 1140
96 366 621
162 152 885
101 382 890
101 377 796
101 344 1295
96 344 495
101 408 1295
96 408 663
