93
150 34 1228
282 34 14
150 241 1237
581 241 1
150 454 1072
282 454 545
581 454 361
150 513 1159
282 513 376
581 513 450
150 525 803
282 525 876
581 525 217
150 661 965
282 661 679
581 661 477
150 876 1142
282 876 829
581 876 177
282 1013 811
756 150 1132
792 150 1296
804 150 1290
804 282 1191
756 282 928
792 282 674
804 581 1272
756 581 1137
792 581 1095
419 792 1140
352 792 1223
419 756 1270
352 804 1281
419 804 750
143 419 1240
447 419 1239
434 419 716
447 455 1291
143 455 1213
434 455 452
447 352 1297
143 352 1204
434 352 1103
491 434 1291
373 434 1233
179 434 1078
237 434 991
237 447 1293
491 447 1291
373 447 1233
179 447 1078
491 143 1195
237 143 1188
373 143 781
331 237 1255
276 237 799
264 237 482
276 491 1171
494 491 446
331 491 874
264 491 248
494 373 1186
276 373 929
264 373 482
331 373 266
264 179 1012
276 179 585
494 179 481
331 179 266
379 331 814
348 494 1094
352 494 849
346 494 434
379 494 176
389 494 193
389 264 1230
348 264 1228
346 264 1151
379 264 524
389 276 816
379 276 814
382 276 732
348 276 459
346 276 452
133 346 909
133 389 892
137 389 818
137 382 818
137 352 729
137 348 1262
133 348 1107
96 348 834
133 379 892
