194
505 361 518
492 361 1042
726 361 1204
136 361 100
505 365 2
492 365 891
726 365 1043
409 365 606
505 582 830
492 582 286
726 582 1224
409 582 280
136 582 744
505 599 433
492 599 439
726 599 1276
409 599 439
136 599 1167
505 606 830
492 606 488
726 606 1210
136 606 1167
505 678 486
492 678 856
726 678 1268
409 678 330
136 678 1159
505 721 486
492 721 856
726 721 1229
409 721 405
136 721 744
505 722 523
492 722 501
726 722 1270
409 722 523
136 722 1167
505 778 505
492 778 652
726 778 1110
409 778 421
136 778 573
505 851 342
492 851 636
726 851 710
409 851 979
136 851 385
505 877 484
492 877 907
726 877 945
409 877 245
136 877 573
796 505 1049
633 505 808
774 505 699
677 505 571
709 505 547
634 505 239
774 492 691
796 492 623
634 492 563
709 492 558
677 492 540
633 492 277
709 726 788
796 726 619
774 726 43
677 726 34
634 726 2
709 409 944
677 409 841
796 409 586
774 409 376
634 409 371
774 136 922
796 136 464
633 136 1
153 709 489
208 709 10
370 709 1
361 633 831
153 633 688
396 633 533
370 633 385
208 633 217
208 774 437
396 774 63
153 796 312
370 796 1045
153 677 1148
396 677 533
370 677 385
208 677 354
361 677 193
153 634 1148
370 634 408
208 634 384
396 634 329
361 396 990
420 396 819
390 396 331
29 396 245
87 396 226
361 361 999
390 361 331
361 153 999
420 153 819
29 153 538
87 153 488
390 153 331
87 370 947
29 370 640
420 370 623
361 370 562
361 208 999
420 208 819
87 208 538
390 208 331
385 420 1048
436 420 1044
416 420 982
410 420 328
112 87 1092
410 87 2
410 361 1171
408 361 440
385 361 379
436 361 338
416 361 338
112 361 280
410 29 159
408 29 1
416 390 1199
385 390 1048
410 390 1020
408 390 564
175 390 145
410 415 1020
416 415 1005
436 415 836
385 415 822
408 415 564
112 415 184
255 410 892
233 410 812
424 410 616
298 410 405
362 410 160
255 175 1113
233 175 1099
298 175 709
362 175 225
362 112 11
233 436 1054
255 436 1017
298 436 863
424 436 374
362 408 949
298 408 856
424 408 597
233 408 302
255 408 262
255 385 1075
233 385 811
424 385 472
298 385 315
362 385 240
233 416 1054
362 416 949
424 416 472
298 416 315
255 416 225
379 424 1000
388 424 513
342 424 513
330 424 299
340 424 238
379 233 796
330 233 700
340 233 700
342 233 296
388 233 296
379 298 845
388 298 188
340 298 188
379 362 421
340 362 410
330 362 410
134 330 798
134 342 1277
123 342 675
134 379 1137
134 388 1000
134 340 662
