286
30 276 859
195 276 434
203 276 655
19 276 548
30 419 429
149 419 197
195 419 689
4 419 566
203 419 900
19 419 657
30 475 507
149 475 309
195 475 580
4 475 384
203 475 645
19 475 581
30 531 181
148 531 381
149 531 309
195 531 1035
4 531 529
203 531 729
19 531 581
30 541 591
148 541 211
149 541 309
195 541 525
4 541 321
203 541 729
19 541 581
30 609 429
148 609 393
195 609 459
4 609 619
203 609 416
19 609 650
30 634 429
148 634 419
149 634 146
195 634 689
4 634 339
203 634 765
19 634 715
30 709 571
148 709 393
149 709 268
195 709 757
4 709 662
203 709 238
19 709 390
30 746 476
148 746 146
149 746 453
195 746 244
4 746 384
203 746 729
19 746 581
30 747 219
148 747 381
149 747 309
195 747 1034
4 747 384
203 747 829
19 747 581
30 789 785
148 789 418
149 789 490
195 789 376
4 789 271
203 789 406
19 789 231
30 853 647
148 853 143
149 853 260
195 853 958
4 853 214
203 853 308
19 853 595
30 855 680
148 855 494
149 855 763
195 855 436
4 855 611
19 855 352
30 865 647
148 865 269
149 865 763
195 865 958
203 865 488
19 865 595
30 870 664
149 870 666
195 870 958
4 870 271
203 870 528
19 870 352
30 878 785
148 878 494
149 878 576
195 878 635
4 878 271
203 878 406
19 878 352
30 906 743
195 906 162
19 906 768
30 913 598
195 913 835
203 913 445
19 913 1054
195 14 93
4 14 1031
19 14 37
789 30 1241
353 30 662
79 30 76
772 30 16
789 148 1084
353 148 508
79 148 325
79 149 692
353 149 428
769 149 262
772 149 28
789 195 1163
772 195 1090
607 195 115
789 4 1126
769 4 864
353 4 201
607 4 281
79 4 9
772 4 3
789 203 1148
772 203 908
769 203 154
607 203 276
353 203 113
605 19 398
789 19 959
772 19 1097
769 19 7
353 19 10
607 19 3
402 769 1024
290 769 234
333 769 72
469 769 104
322 79 941
469 79 246
333 79 136
255 353 1029
333 353 647
290 353 626
9 353 353
9 789 1138
255 789 528
402 789 419
333 789 162
290 789 12
402 607 976
322 607 786
9 607 358
255 607 317
469 607 252
290 607 153
9 772 729
290 772 560
333 772 444
322 772 89
402 605 976
469 605 891
255 605 527
290 605 473
322 605 340
333 605 327
103 9 1186
287 9 69
103 255 840
245 255 416
412 255 331
287 255 331
39 255 271
413 255 254
103 290 802
39 290 751
412 290 558
333 290 534
413 290 500
245 290 359
287 290 300
103 333 1104
413 333 753
287 333 676
245 333 564
39 333 290
412 333 268
413 402 776
103 402 621
39 402 614
412 402 412
245 402 375
287 402 271
39 322 1101
103 322 873
412 322 748
333 322 249
412 469 492
413 469 93
408 333 1026
481 333 495
175 333 323
433 333 318
408 413 1146
208 413 450
433 413 431
481 413 371
320 413 320
175 413 189
481 103 974
320 103 123
175 103 25
481 287 1029
433 287 628
17 39 1293
175 39 432
408 412 813
208 412 431
433 412 420
320 412 399
17 412 354
481 412 316
175 412 192
481 245 1029
433 245 628
320 245 587
208 245 371
408 245 288
17 245 220
408 415 1076
208 415 450
433 415 381
320 415 151
168 481 322
362 481 21
298 208 655
168 208 588
381 208 569
208 208 378
362 208 288
381 175 717
298 175 712
208 175 400
168 175 245
362 175 181
362 408 981
298 408 913
208 408 830
381 408 530
208 433 1300
381 433 530
168 17 1284
298 17 12
381 17 4
168 320 692
208 320 542
298 320 523
362 320 445
381 320 416
388 208 915
367 208 724
324 208 495
343 298 278
324 298 174
349 381 343
367 168 854
388 168 1155
324 168 1044
101 343 1024
95 343 713
101 349 1292
95 349 801
95 324 1219
95 388 1219
101 388 923
95 367 1219
