391
572 454 287
440 454 286
638 454 287
149 454 603
646 454 174
702 454 205
497 454 595
176 454 560
572 510 354
440 510 286
638 510 198
149 510 1015
439 510 406
702 510 194
497 510 403
266 510 167
176 510 502
572 560 354
440 560 286
638 560 319
149 560 603
646 560 221
439 560 142
497 560 344
176 560 502
572 594 501
638 594 265
149 594 1027
646 594 148
439 594 142
702 594 210
497 594 257
266 594 167
176 594 757
572 602 295
440 602 556
638 602 416
149 602 1027
646 602 221
702 602 138
497 602 257
266 602 265
176 602 774
572 618 350
440 618 392
638 618 265
149 618 603
439 618 253
497 618 279
266 618 264
176 618 502
572 634 354
440 634 286
638 634 173
149 634 474
646 634 274
439 634 655
497 634 135
176 634 474
572 645 501
440 645 235
638 645 461
149 645 1027
646 645 192
439 645 149
497 645 595
266 645 274
176 645 693
572 664 501
440 664 203
638 664 182
149 664 1027
646 664 321
702 664 213
497 664 494
266 664 167
176 664 545
572 703 241
440 703 286
638 703 256
149 703 603
439 703 142
702 703 200
497 703 257
266 703 274
176 703 502
572 719 159
440 719 286
638 719 342
149 719 1027
646 719 217
439 719 159
702 719 270
497 719 390
266 719 244
176 719 502
572 807 162
440 807 301
638 807 669
149 807 606
646 807 272
439 807 449
702 807 223
266 807 449
572 821 293
440 821 281
638 821 459
149 821 795
646 821 453
266 821 269
176 821 359
572 839 293
440 839 236
638 839 560
149 839 719
646 839 460
439 839 475
702 839 403
266 839 141
176 839 242
572 846 199
638 846 483
149 846 660
439 846 556
702 846 420
266 846 451
176 846 660
572 878 183
440 878 518
638 878 483
149 878 719
646 878 383
439 878 556
702 878 223
266 878 451
176 878 359
572 888 363
440 888 342
638 888 197
149 888 787
646 888 453
439 888 556
702 888 223
266 888 451
176 888 242
572 924 176
638 924 836
149 924 3
702 924 94
497 924 1
176 924 1080
440 179 11
149 179 200
439 179 472
702 179 12
497 179 375
176 179 9
440 857 263
638 857 278
149 857 795
646 857 453
702 857 135
266 857 195
176 857 718
440 887 142
638 887 401
149 887 638
439 887 556
702 887 223
266 887 451
176 887 359
736 572 723
605 572 445
79 572 402
636 572 367
742 572 284
680 572 262
632 572 244
742 440 1077
79 440 1053
680 440 484
736 440 483
636 440 450
632 440 298
605 440 276
742 638 739
79 638 739
736 638 567
636 638 526
680 638 291
632 638 224
605 638 201
79 149 804
742 149 1032
636 149 257
742 646 1087
79 646 960
605 646 402
636 646 390
680 646 291
605 439 632
79 439 616
680 439 448
742 439 276
636 439 262
736 439 237
632 439 207
636 702 645
680 702 592
632 702 518
736 702 510
79 702 431
742 702 431
736 497 733
605 497 563
742 497 534
79 497 534
680 497 262
636 497 262
632 497 203
79 266 635
742 266 543
736 266 519
680 266 519
636 266 367
632 266 151
742 176 801
79 176 840
636 176 340
605 176 1
297 636 795
1 636 715
322 636 584
364 636 422
161 636 316
256 742 578
322 742 821
364 742 735
256 79 868
322 79 831
364 79 1206
1 79 107
297 79 19
297 736 8
1 680 715
161 680 504
456 680 439
256 680 430
297 680 430
322 680 294
364 680 277
456 632 1109
161 632 504
256 632 430
364 632 277
297 632 224
1 632 224
1 605 634
456 605 513
161 605 504
256 605 416
364 605 388
322 605 373
297 605 284
375 456 917
39 456 743
387 456 714
412 456 443
7 456 350
299 1 589
87 1 201
7 1 10
387 364 1115
39 364 1051
412 364 759
87 364 412
375 364 290
7 364 230
29 364 207
375 161 946
39 161 849
387 161 730
412 161 730
29 161 615
7 161 407
87 161 228
39 322 1188
387 322 920
412 322 759
87 322 385
299 322 352
375 322 287
29 297 544
7 297 472
39 297 466
299 297 404
375 297 329
387 256 1115
412 256 759
29 256 667
299 256 523
87 256 412
39 256 381
375 256 289
309 299 777
319 299 628
17 299 584
223 299 398
320 299 398
319 87 310
407 87 51
320 87 14
223 87 4
223 7 43
407 375 1280
319 375 628
17 375 584
320 375 376
223 375 305
17 39 1291
309 29 39
408 412 786
407 412 566
320 412 490
17 412 407
319 412 327
223 412 280
408 415 945
407 415 827
319 415 549
309 415 369
320 415 247
408 387 558
320 387 413
407 387 326
193 387 234
168 319 1060
415 319 270
208 319 268
208 407 1290
298 407 738
415 407 518
437 407 323
208 408 1035
298 408 885
415 408 417
415 17 621
168 17 1283
437 17 202
298 17 3
415 309 406
298 309 360
437 309 352
168 309 236
168 320 632
437 320 632
208 320 628
415 320 623
298 320 435
168 193 1024
437 193 1013
415 193 623
208 193 268
208 223 539
298 223 490
168 223 401
437 223 304
388 208 891
340 208 329
388 437 1134
340 437 1087
359 437 725
343 437 541
349 437 488
388 415 1197
340 415 1156
343 415 541
349 415 488
379 298 696
343 298 388
388 168 1173
340 168 1132
101 359 1286
101 343 985
101 349 1286
133 349 1155
133 379 850
101 379 674
101 388 933
96 388 595
133 340 1300
