176
744 393 777
814 393 909
665 393 526
27 393 909
759 393 835
744 400 1000
814 400 861
665 400 526
27 400 670
759 400 980
744 487 985
814 487 1091
665 487 526
27 487 1096
759 487 363
744 525 577
814 525 1091
665 525 526
27 525 1098
759 525 634
744 562 689
814 562 852
665 562 526
27 562 619
759 562 1074
744 595 1158
814 595 687
665 595 239
27 595 1142
759 595 363
744 620 945
814 620 835
665 620 720
27 620 835
759 620 331
744 625 777
814 625 1091
665 625 526
27 625 1098
759 625 757
744 660 1057
814 660 781
665 660 526
27 660 781
759 660 501
744 696 1064
814 696 850
665 696 526
27 696 850
759 696 630
198 744 655
823 744 299
719 744 2
198 814 810
823 814 647
823 665 846
669 665 672
719 665 405
484 665 307
484 27 1201
198 27 3
484 759 10
198 759 1
278 719 348
229 719 1221
121 719 560
356 823 81
229 823 185
278 198 683
356 198 894
121 198 804
229 669 1242
177 669 909
121 669 849
278 669 593
378 669 566
356 669 505
177 484 1075
229 484 906
121 484 843
356 484 811
278 484 692
378 484 638
353 229 953
375 229 594
212 229 454
440 229 449
353 278 644
212 278 606
440 278 293
353 177 953
440 177 449
212 177 312
353 356 1002
440 356 379
212 356 254
353 121 953
440 121 449
212 121 408
353 378 870
212 378 606
440 378 449
402 353 800
436 353 663
398 353 584
259 353 253
259 212 618
436 212 264
398 212 264
402 375 1169
398 375 582
436 375 478
416 375 460
412 375 352
402 440 1264
416 440 1203
412 440 1144
402 390 1204
416 390 1203
412 390 1144
259 390 623
398 390 319
436 414 1026
402 414 998
398 414 976
416 414 859
259 414 623
412 414 375
206 398 1245
140 398 843
208 398 755
239 398 710
424 398 606
233 398 460
239 259 1111
140 259 881
424 259 537
208 259 191
208 436 1059
140 436 1059
206 436 1051
233 436 971
239 436 314
424 436 314
140 402 1299
208 402 1295
206 402 1167
206 416 1245
233 416 971
140 416 843
239 416 627
424 416 606
208 416 396
140 412 1171
233 412 332
424 412 281
239 412 281
206 412 260
238 140 1180
214 208 1090
388 208 874
340 208 389
379 424 953
388 424 549
340 424 315
340 233 787
379 233 670
340 239 929
388 206 1052
379 206 670
152 214 1299
76 214 525
150 388 1202
150 340 1048
150 379 1282
152 238 1299
