309
625 35 21
239 35 901
171 35 53
581 35 518
155 35 36
625 393 373
827 393 530
824 393 215
239 393 817
171 393 829
581 393 468
155 393 653
625 476 380
827 476 351
824 476 656
239 476 624
171 476 656
581 476 349
702 476 178
155 476 594
625 483 239
827 483 281
824 483 536
239 483 775
171 483 829
702 483 257
155 483 651
625 492 284
827 492 570
239 492 850
171 492 667
581 492 195
702 492 172
155 492 651
625 541 613
827 541 351
824 541 393
239 541 841
171 541 384
581 541 307
702 541 382
155 541 362
625 665 583
827 665 386
824 665 553
239 665 790
171 665 553
581 665 386
625 674 416
827 674 380
824 674 514
239 674 268
171 674 829
581 674 456
702 674 350
155 674 653
625 734 156
827 734 351
824 734 232
239 734 657
171 734 829
581 734 280
702 734 252
155 734 653
625 851 138
827 851 444
824 851 728
239 851 519
581 851 565
702 851 530
155 851 159
625 865 609
827 865 444
824 865 238
239 865 484
581 865 422
702 865 243
625 870 255
827 870 131
824 870 238
239 870 484
581 870 482
702 870 530
155 870 409
827 204 624
239 204 100
581 204 409
827 205 284
827 288 272
239 288 75
827 376 782
239 376 252
827 882 818
824 882 195
239 882 254
171 882 627
581 882 354
702 882 509
155 882 472
827 885 818
239 885 484
171 885 436
581 885 453
702 885 139
155 885 607
824 11 39
239 11 2
171 11 500
155 11 503
824 334 638
702 334 93
824 353 496
239 353 187
171 353 35
155 353 623
824 370 377
239 370 276
155 370 201
824 957 2
239 957 301
171 957 154
581 957 18
663 625 996
636 625 856
678 625 856
700 625 717
643 625 499
589 625 394
796 625 256
636 827 467
796 827 55
589 827 40
663 827 43
643 824 228
663 824 684
589 824 23
643 239 390
700 239 457
636 239 347
663 239 169
700 171 113
796 171 1
643 581 802
700 581 509
796 581 453
636 581 377
678 702 1005
636 702 937
643 702 687
700 702 685
796 702 453
589 702 394
663 702 232
700 155 612
636 155 84
463 643 1130
516 643 811
41 643 607
56 643 456
1 643 292
41 636 1192
516 636 1106
297 636 941
1 636 878
463 636 857
322 636 398
56 636 343
1 796 189
56 796 948
516 796 411
516 589 1106
297 589 941
463 589 898
322 589 398
56 589 343
1 589 237
41 678 996
1 678 878
516 678 857
297 678 548
56 678 452
463 678 150
1 663 878
516 663 850
297 663 548
56 663 456
463 663 402
322 663 300
463 700 1277
516 700 1106
297 700 941
322 700 398
129 1 271
87 1 313
295 1 16
77 1 65
69 516 1213
87 516 282
30 516 1044
295 516 33
412 41 114
415 41 6
375 41 117
39 322 976
77 322 801
30 322 576
87 322 574
412 322 470
375 322 412
129 322 412
295 297 705
30 297 487
77 297 473
375 297 294
129 297 294
69 297 291
87 56 889
69 56 570
295 56 88
375 463 1299
77 463 854
415 463 342
412 463 286
100 30 132
112 30 34
349 30 12
307 30 56
407 30 3
17 129 798
307 129 695
100 129 484
349 129 256
442 129 246
112 87 1232
407 87 72
100 295 477
112 295 365
408 295 226
407 77 57
442 77 48
100 77 6
407 375 1295
442 375 1267
17 375 342
17 39 1299
100 39 43
349 69 70
407 69 1
408 412 969
349 412 869
407 412 379
442 412 324
408 415 1076
407 415 967
349 415 404
168 100 125
416 100 54
289 100 5
168 88 2
208 349 1028
264 349 712
416 349 618
298 349 307
208 407 1300
298 407 617
416 407 602
208 442 1280
298 442 921
416 442 831
208 408 1143
416 408 831
298 408 733
208 307 911
416 307 909
264 307 712
344 307 682
289 307 410
168 307 398
416 17 863
168 17 1291
416 112 333
214 208 1201
154 208 983
340 208 390
374 208 390
214 416 1224
377 416 1127
374 416 838
154 416 639
340 416 250
374 298 779
382 298 395
154 298 385
154 264 504
340 168 1176
340 289 698
214 289 587
154 289 514
374 344 705
214 344 705
101 382 1111
101 377 794
152 377 794
152 374 1083
101 374 923
133 374 649
152 214 1300
133 340 1300
152 154 1300
