409
219 562 426
802 562 599
611 562 301
665 562 261
685 562 705
578 562 431
764 562 424
657 562 154
752 562 261
719 562 1101
219 593 472
802 593 599
611 593 239
665 593 280
685 593 705
578 593 378
764 593 280
657 593 178
752 593 398
719 593 1084
219 652 560
802 652 553
611 652 361
665 652 436
685 652 629
578 652 478
764 652 419
657 652 244
752 652 519
719 652 629
219 677 232
802 677 599
611 677 239
665 677 232
685 677 705
578 677 282
764 677 155
657 677 339
752 677 215
719 677 1129
219 769 458
802 769 419
611 769 133
665 769 553
578 769 317
657 769 240
752 769 504
719 769 310
219 776 223
802 776 528
611 776 361
665 776 270
685 776 454
578 776 530
764 776 634
752 776 270
219 777 458
802 777 419
611 777 130
665 777 348
685 777 516
578 777 423
657 777 405
752 777 244
719 777 327
219 780 189
611 780 340
665 780 348
685 780 552
578 780 253
657 780 194
752 780 303
719 780 505
219 782 175
611 782 324
665 782 241
685 782 454
578 782 430
764 782 162
657 782 191
752 782 504
719 782 394
219 787 175
802 787 610
611 787 340
665 787 553
685 787 484
578 787 341
657 787 270
752 787 414
719 787 262
219 789 370
802 789 370
611 789 361
665 789 181
685 789 454
764 789 128
657 789 270
719 789 458
219 792 190
802 792 241
665 792 553
685 792 334
764 792 162
657 792 112
752 792 414
719 792 112
219 794 189
802 794 241
611 794 433
665 794 348
685 794 454
578 794 253
764 794 634
657 794 270
752 794 156
719 794 505
219 798 175
802 798 610
611 798 130
665 798 553
685 798 461
578 798 530
764 798 480
657 798 546
752 798 504
719 798 327
219 826 126
802 826 610
611 826 213
665 826 241
685 826 187
578 826 529
764 826 634
657 826 247
752 826 194
219 834 427
802 834 344
611 834 321
665 834 248
685 834 896
578 834 530
657 834 240
752 834 156
719 834 214
219 844 135
802 844 221
611 844 136
665 844 553
685 844 938
578 844 493
764 844 335
752 844 504
219 860 175
802 860 189
611 860 248
665 860 553
685 860 938
578 860 530
764 860 247
657 860 270
752 860 504
719 860 164
219 878 346
802 878 346
611 878 261
665 878 348
685 878 437
578 878 530
764 878 162
657 878 270
752 878 159
719 878 293
219 883 170
611 883 160
665 883 245
685 883 670
578 883 305
764 883 335
657 883 247
752 883 233
719 883 458
219 891 189
802 891 241
611 891 133
665 891 553
685 891 780
578 891 530
764 891 213
657 891 194
752 891 414
719 891 505
219 967 681
611 967 111
665 967 171
578 967 103
657 967 1
719 967 38
219 987 11
802 987 978
665 987 41
657 987 4
665 1018 555
578 1018 3
657 1018 385
810 219 771
785 219 656
617 219 326
640 802 550
810 802 675
617 802 5
668 802 46
617 611 1028
658 611 994
581 611 965
668 611 592
796 611 348
810 611 273
785 611 252
640 611 181
805 611 108
658 665 875
581 665 875
668 665 526
785 665 349
617 665 348
810 665 186
640 665 181
581 685 713
805 685 428
640 685 353
785 685 349
810 685 328
617 685 320
796 685 288
668 685 193
658 685 176
658 578 1076
581 578 965
617 578 852
668 578 592
805 578 374
796 578 276
810 578 273
785 578 209
640 578 181
785 764 30
668 764 1
581 657 503
785 657 349
805 657 338
617 657 337
668 657 231
796 657 208
810 657 186
658 657 123
581 752 401
785 752 301
805 752 281
640 752 244
658 752 16
810 719 5
658 719 161
617 719 310
805 719 34
581 719 5
49 810 187
457 810 5
414 640 812
54 640 505
416 640 484
457 640 412
414 668 1075
54 668 706
457 668 667
416 668 406
35 668 384
414 658 1069
457 658 1049
416 658 938
35 658 384
54 658 174
414 581 1075
35 581 1016
54 581 885
463 581 885
457 581 667
457 796 37
414 796 60
49 796 2
35 805 65
457 805 34
54 805 48
414 805 255
416 805 21
49 785 826
414 617 1075
416 617 938
457 617 818
49 617 782
463 617 550
35 617 384
54 617 174
412 54 48
307 54 1
78 54 10
375 416 888
422 416 799
39 416 767
78 49 1160
422 49 2
375 457 1253
412 457 488
307 457 426
78 457 196
415 457 124
307 35 234
422 35 112
375 35 1
375 414 1214
415 414 871
39 414 767
412 414 514
375 463 1297
415 463 392
39 463 242
412 463 242
100 78 808
408 78 33
385 78 1
385 422 915
416 422 799
250 422 124
408 307 1017
250 307 849
100 307 525
193 307 386
436 307 360
17 307 326
416 307 304
416 375 709
436 375 629
17 375 560
385 375 443
408 375 223
17 39 1287
100 39 33
385 39 31
385 412 1060
408 412 928
436 412 756
17 412 336
250 412 231
416 412 207
385 415 915
408 415 776
416 415 727
436 415 637
168 100 311
168 250 972
358 250 649
298 250 313
208 250 269
298 408 974
208 408 728
358 408 727
208 385 1267
298 385 370
358 385 335
168 17 1295
358 17 40
298 17 9
168 193 1102
208 193 192
358 193 111
298 193 111
298 436 1027
208 436 840
358 436 269
358 416 727
208 416 345
298 416 319
168 416 193
388 208 1031
340 208 472
330 208 472
340 358 843
330 358 843
379 358 809
349 358 459
343 358 329
379 298 820
343 298 432
330 298 352
340 298 352
340 168 1141
388 168 1174
330 168 555
101 343 964
95 343 777
101 330 969
95 330 777
101 349 1267
133 349 1218
95 349 827
133 379 770
95 388 1231
101 388 873
133 340 1298
