161
601 21 78
144 21 383
630 21 16
601 473 504
56 473 734
144 473 504
276 473 889
630 473 612
601 475 635
56 475 664
144 475 635
276 475 889
630 475 612
601 504 533
56 504 504
144 504 533
276 504 889
630 504 612
601 508 638
56 508 638
144 508 638
276 508 889
630 508 634
601 573 714
56 573 695
144 573 559
276 573 889
630 573 714
601 619 389
56 619 504
144 619 224
276 619 889
630 619 612
601 678 425
56 678 504
144 678 929
276 678 889
630 678 612
601 807 647
56 807 457
144 807 647
276 807 143
630 807 364
601 860 459
56 860 563
144 860 722
276 860 805
630 860 722
601 867 459
56 867 268
144 867 959
276 867 704
630 867 869
56 985 418
144 985 800
630 985 661
144 182 1014
626 601 1282
715 601 1183
611 601 1049
715 56 27
611 56 108
611 144 1000
626 144 62
715 276 1070
626 276 733
611 276 467
626 630 1281
715 630 1183
611 630 1049
432 715 1095
227 715 185
483 626 1282
227 626 1198
432 626 1195
135 626 770
483 611 1282
432 611 1195
135 611 770
227 611 635
333 135 750
234 135 750
264 135 428
139 135 335
139 432 1214
333 432 1189
264 432 1003
234 432 522
333 483 1158
139 483 1270
264 483 22
234 483 91
139 227 1123
264 227 802
234 227 394
333 227 299
405 333 1272
163 333 843
475 333 828
411 333 814
364 333 740
405 234 1194
163 234 843
364 234 740
411 234 314
475 234 274
163 139 1215
411 139 1161
364 139 1156
475 139 598
405 139 422
411 264 936
163 264 859
364 264 740
405 264 715
475 264 598
391 364 1121
264 364 842
201 364 482
298 364 435
368 364 391
391 411 1098
298 411 622
201 411 407
368 411 381
267 411 307
208 411 291
264 411 143
391 163 1151
264 163 902
298 163 545
201 163 165
391 405 1098
298 405 844
368 405 381
201 405 346
267 405 307
208 405 291
391 475 1170
264 475 322
336 368 987
359 368 880
367 208 844
180 391 1253
367 391 647
180 201 948
359 201 880
367 201 825
355 298 277
343 298 178
180 264 1205
348 264 1115
348 267 997
101 359 1294
101 343 1048
101 355 1204
101 336 1294
152 180 1300
96 367 721
152 348 1244
101 348 1147
