132
622 457 582
763 457 1262
726 457 519
2 457 803
622 493 780
763 493 1089
726 493 193
2 493 872
622 771 1088
651 771 512
763 771 945
726 771 634
2 771 932
622 798 524
651 798 479
763 798 945
726 798 634
2 798 510
622 812 1088
651 812 520
763 812 945
726 812 166
2 812 624
622 815 1088
651 815 988
763 815 945
726 815 131
2 815 171
622 820 524
651 820 988
763 820 1128
726 820 634
622 856 524
651 856 825
763 856 825
726 856 634
2 856 449
771 622 1283
631 622 1146
682 622 1034
769 622 788
771 651 1283
631 651 927
769 651 788
682 651 402
771 763 1292
631 763 1
769 726 979
771 2 932
769 2 1266
682 2 162
497 771 282
507 771 1295
153 771 352
385 771 38
279 769 230
497 682 724
279 682 681
153 682 635
385 682 566
507 682 408
507 631 737
279 631 681
153 631 635
385 631 566
497 631 332
143 507 39
50 507 30
143 153 1063
50 153 945
174 153 822
413 153 712
199 153 556
143 279 1063
50 279 945
199 279 556
413 279 280
143 497 961
174 497 314
413 385 1066
143 385 1063
50 385 945
199 385 556
175 50 503
408 50 45
408 199 1175
175 199 1167
297 199 1062
337 199 717
408 413 1208
297 413 1136
175 413 521
337 413 161
297 174 1183
175 174 873
408 174 749
337 174 589
297 143 1061
337 143 769
408 143 345
175 143 318
310 175 1116
208 175 345
430 175 285
360 175 197
430 337 1276
360 337 816
208 337 427
310 337 182
208 408 846
310 408 672
430 408 410
360 408 204
430 297 324
208 297 305
310 297 292
214 208 940
374 208 285
355 208 206
355 430 1128
374 430 1095
336 430 1029
214 430 954
296 360 640
336 310 992
214 310 678
70 296 1096
101 336 1274
101 355 1070
101 374 1005
101 214 784
70 214 771
