466
605 301 152
317 301 295
59 301 2
303 301 331
655 301 163
104 301 13
479 301 460
605 379 227
317 379 10
657 379 216
303 379 2
104 379 110
605 473 359
404 473 170
59 473 408
657 473 245
634 473 219
303 473 408
623 473 262
104 473 414
479 473 182
605 521 602
404 521 336
59 521 533
657 521 253
634 521 224
303 521 415
623 521 371
655 521 298
104 521 433
479 521 290
605 556 217
404 556 421
317 556 244
59 556 496
657 556 253
634 556 409
303 556 415
623 556 371
655 556 338
104 556 271
479 556 720
605 589 426
404 589 162
317 589 144
59 589 372
657 589 342
634 589 344
303 589 415
623 589 371
655 589 194
104 589 426
479 589 342
605 604 159
404 604 210
317 604 244
59 604 457
657 604 360
634 604 342
303 604 444
623 604 216
655 604 210
104 604 444
479 604 497
605 613 235
404 613 482
317 613 293
59 613 375
657 613 253
303 613 328
623 613 326
655 613 338
104 613 885
479 613 459
605 702 472
404 702 339
317 702 332
59 702 496
657 702 231
634 702 409
303 702 328
655 702 374
104 702 727
479 702 676
605 764 602
404 764 231
317 764 147
59 764 482
657 764 253
303 764 415
623 764 371
655 764 338
104 764 433
479 764 233
605 821 300
404 821 334
59 821 341
657 821 558
634 821 277
303 821 334
623 821 600
655 821 444
104 821 469
479 821 407
605 826 313
317 826 522
59 826 465
657 826 201
634 826 634
303 826 283
623 826 286
655 826 634
104 826 546
605 831 399
317 831 522
59 831 465
657 831 558
634 831 258
623 831 726
655 831 444
104 831 526
479 831 188
605 832 313
404 832 350
317 832 410
59 832 188
657 832 267
634 832 280
303 832 382
623 832 382
655 832 440
104 832 546
479 832 382
605 852 337
404 852 350
317 852 522
59 852 240
657 852 267
634 852 280
303 852 721
623 852 450
655 852 240
104 852 139
479 852 472
605 883 178
317 883 522
59 883 382
657 883 201
634 883 682
303 883 279
655 883 634
104 883 568
479 883 264
605 910 2
404 910 67
657 910 191
634 910 45
655 910 75
404 475 273
317 475 290
59 475 393
657 475 360
634 475 329
303 475 328
623 475 262
655 475 166
104 475 677
479 475 391
404 483 231
317 483 150
59 483 293
634 483 364
303 483 290
623 483 230
655 483 338
104 483 324
479 483 155
404 541 190
317 541 286
59 541 635
657 541 286
303 541 217
655 541 166
104 541 217
479 541 286
404 685 162
317 685 491
59 685 496
657 685 253
634 685 304
303 685 415
623 685 371
655 685 162
104 685 624
479 685 251
655 906 298
479 906 431
631 605 839
680 605 516
605 605 405
815 605 265
651 605 182
769 404 683
815 404 525
651 404 424
680 404 423
631 404 356
747 404 318
781 404 279
605 404 275
769 317 773
680 317 556
605 317 546
651 317 546
631 317 345
747 317 291
781 317 264
815 317 259
781 59 136
605 59 606
651 59 731
747 59 62
680 59 16
631 657 705
680 657 469
651 657 245
605 657 190
769 657 190
631 634 1005
815 634 510
605 634 486
680 634 418
747 634 418
651 634 245
769 634 212
781 303 1057
631 303 714
747 303 714
651 303 703
605 303 644
680 303 556
769 303 519
815 303 285
631 623 984
815 623 510
769 623 438
680 623 412
651 623 308
605 623 288
747 623 288
781 623 191
631 655 839
769 655 646
651 655 504
815 655 452
680 655 412
605 655 405
781 104 116
769 104 536
680 104 386
605 104 86
815 104 12
815 479 789
747 479 565
651 479 504
605 479 408
680 479 408
769 479 354
781 479 346
631 479 265
135 747 182
35 747 1187
62 747 587
66 769 1264
402 769 964
469 769 101
52 769 60
35 769 46
135 769 30
135 815 1169
469 815 119
35 815 380
68 651 1163
62 651 1110
469 651 552
135 651 540
66 651 501
402 651 408
35 651 288
62 680 1257
469 680 883
135 680 795
52 680 503
66 680 172
463 631 1168
68 631 1163
402 631 975
135 631 555
66 631 501
35 631 373
52 631 207
469 631 178
52 781 984
135 781 196
402 781 249
68 781 43
68 605 1163
402 605 975
35 605 892
469 605 770
135 605 540
52 605 496
463 605 493
62 605 423
66 605 405
62 66 1213
50 66 1206
402 66 233
62 135 893
50 135 800
412 135 687
422 135 464
413 135 408
375 135 354
422 469 868
412 469 530
413 469 64
402 469 4
402 62 686
62 62 739
422 62 282
50 62 550
412 62 142
50 35 128
422 35 175
413 402 913
62 402 904
402 402 830
375 402 801
50 402 650
412 402 289
422 402 177
62 68 1153
413 68 7
415 68 2
50 52 441
375 52 3
375 463 1298
50 463 445
413 463 434
415 463 366
402 463 301
412 463 219
433 422 1221
208 422 490
311 62 276
408 62 536
208 62 866
193 62 405
433 62 61
180 62 12
175 50 314
180 50 101
208 50 202
408 50 75
408 413 1079
402 413 981
436 413 981
208 413 624
433 413 416
193 413 165
180 413 161
175 413 159
402 375 829
311 375 662
436 375 606
408 375 255
433 402 1221
208 402 490
180 402 484
402 402 483
408 402 478
408 412 899
402 412 523
208 412 515
436 412 488
433 412 414
180 412 364
408 415 850
208 415 624
402 415 483
436 415 433
433 415 416
180 415 364
255 208 673
233 208 673
298 208 590
208 208 365
360 208 363
266 208 223
233 175 1046
255 175 1046
298 175 622
208 175 517
266 175 311
360 175 186
208 402 1282
298 402 861
360 402 709
255 402 346
266 402 314
233 402 194
208 408 890
298 408 764
266 408 314
255 408 203
233 408 203
208 311 1075
360 311 363
208 433 1300
233 433 931
255 433 862
266 433 232
255 193 998
233 193 998
298 193 415
208 193 309
360 193 275
233 436 1024
255 436 926
298 436 861
208 436 842
266 436 314
208 180 792
360 180 519
298 180 479
255 180 281
233 180 281
214 208 1147
388 208 783
340 208 453
330 208 453
374 208 453
340 360 513
330 360 513
214 360 356
214 255 632
385 255 432
340 233 696
330 233 696
379 233 610
374 298 951
379 298 610
385 298 456
374 266 1159
214 266 612
101 330 987
101 379 870
101 374 975
152 374 944
152 214 1300
101 214 541
101 388 905
96 388 708
101 340 595
101 385 959
