259
601 297 474
819 297 10
550 297 39
285 297 267
777 297 1119
55 297 127
601 386 288
819 386 732
550 386 624
285 386 318
777 386 799
612 386 128
55 386 714
601 395 306
819 395 539
550 395 226
285 395 318
777 395 1018
55 395 714
601 399 506
819 399 732
550 399 624
285 399 352
777 399 737
612 399 281
55 399 620
601 426 288
819 426 539
285 426 318
777 426 923
612 426 364
55 426 721
601 427 467
819 427 539
550 427 437
285 427 245
777 427 467
612 427 303
55 427 714
601 498 344
819 498 274
550 498 452
285 498 375
777 498 594
612 498 290
55 498 532
601 518 213
819 518 197
550 518 213
285 518 404
777 518 588
612 518 213
55 518 643
601 580 288
819 580 732
550 580 624
285 580 256
777 580 851
612 580 222
55 580 711
601 615 157
819 615 732
550 615 624
285 615 114
777 615 994
55 615 721
601 623 399
819 623 732
550 623 624
285 623 151
777 623 1129
612 623 281
55 623 714
601 648 288
819 648 539
550 648 266
285 648 288
777 648 947
612 648 322
55 648 714
601 664 436
819 664 163
550 664 271
285 664 318
777 664 886
612 664 330
55 664 134
601 676 288
819 676 732
550 676 624
285 676 312
777 676 975
612 676 232
55 676 714
601 699 288
819 699 539
777 699 1131
612 699 357
55 699 779
601 755 288
819 755 732
550 755 624
285 755 121
777 755 1174
612 755 363
55 755 714
601 766 288
819 766 539
550 766 156
285 766 318
777 766 1141
612 766 306
55 766 714
715 601 966
626 601 929
611 601 809
646 601 453
358 601 450
825 601 165
825 819 521
358 819 137
715 819 14
358 550 702
611 550 638
825 550 589
626 550 521
646 550 435
715 550 401
626 285 778
825 285 712
646 285 637
611 285 327
715 285 269
358 285 260
715 777 130
358 777 734
611 777 152
626 777 130
825 777 5
626 612 759
646 612 420
358 612 415
715 612 332
611 612 327
715 55 98
358 55 466
825 55 8
626 55 11
286 825 1250
483 825 358
338 825 71
432 715 774
1 715 861
286 715 128
483 646 1043
432 646 982
338 646 338
483 626 1043
432 626 982
483 611 1043
432 611 982
483 358 555
286 358 242
32 358 206
338 358 206
241 32 954
112 1 904
241 1 1
333 432 886
375 432 810
139 432 622
264 432 588
112 432 311
139 483 925
112 483 398
333 483 823
264 483 20
375 286 715
415 286 715
333 286 575
264 286 458
241 286 458
112 338 629
241 338 487
214 333 923
408 333 899
364 333 438
351 333 411
411 333 361
114 333 324
364 112 488
214 112 687
114 241 1240
364 241 273
214 241 175
364 139 1029
411 139 783
408 139 517
114 139 439
214 139 429
351 139 318
214 264 891
351 264 598
411 264 586
114 264 560
364 264 438
208 264 334
114 375 672
351 375 245
408 415 1130
208 415 550
214 415 318
364 415 195
391 364 773
264 364 768
298 364 463
267 214 978
264 214 978
208 214 855
391 214 691
298 214 229
391 411 747
208 411 600
298 411 500
267 411 370
264 208 834
267 208 834
298 208 627
391 208 384
208 208 296
391 114 148
267 114 17
264 351 347
391 351 323
298 351 322
208 408 1049
298 408 861
267 408 370
391 408 227
214 208 1148
320 208 654
242 391 942
389 391 881
133 391 524
389 264 1191
133 264 558
389 298 581
355 298 202
389 267 978
72 133 1233
101 397 1295
101 320 1161
72 320 951
101 389 677
101 336 1289
101 355 1136
72 242 965
72 214 568
101 214 567
