157
486 95 297
150 95 460
797 95 489
521 95 717
613 95 527
486 241 89
150 241 941
797 241 61
488 241 165
521 241 368
486 269 335
150 269 1040
521 269 784
613 269 14
486 614 531
150 614 493
797 614 717
488 614 237
521 614 379
613 614 604
486 652 173
150 652 1101
797 652 717
488 652 271
521 652 366
613 652 604
486 661 199
150 661 595
797 661 717
488 661 312
521 661 366
613 661 604
486 683 530
150 683 1094
797 683 583
488 683 328
521 683 332
613 683 604
486 744 531
150 744 1114
797 744 717
488 744 271
521 744 379
613 744 597
486 878 425
150 878 448
797 878 709
488 878 341
521 878 333
613 878 675
150 143 214
521 143 208
150 204 763
521 204 649
150 813 1025
797 813 389
488 813 704
521 813 470
613 813 379
488 367 381
521 170 497
521 319 508
613 319 281
785 486 702
576 486 702
804 486 667
640 486 573
804 150 1116
576 150 506
640 150 9
804 797 860
576 797 600
785 797 7
576 488 821
785 488 753
640 488 753
804 488 521
785 521 955
576 521 675
804 521 591
640 521 315
576 613 1162
640 613 1029
804 613 450
785 613 375
484 640 1154
93 640 1106
169 640 697
450 640 561
352 640 135
484 576 1154
93 576 1106
35 576 845
352 576 809
169 576 502
93 785 1270
484 785 452
450 785 158
352 785 136
352 804 1043
169 804 1149
484 804 1236
181 484 1250
329 169 847
181 169 759
39 169 547
447 169 313
39 450 1082
447 450 657
329 450 622
181 450 206
447 352 1088
181 352 1085
39 352 930
329 352 720
329 35 1007
181 93 1139
329 93 140
176 93 205
193 447 961
226 181 1102
100 181 1068
193 181 877
241 181 177
226 39 876
100 39 32
100 329 1127
226 329 1123
193 329 916
438 329 371
193 176 879
438 176 731
100 176 702
226 176 702
241 176 517
168 100 290
407 438 700
426 438 530
168 438 354
402 438 341
426 226 642
407 226 549
402 226 498
168 193 1161
407 193 859
426 193 713
168 241 1186
407 241 590
426 241 590
402 241 181
348 407 313
380 168 319
133 380 1270
95 380 847
137 348 1290
95 348 1133
133 348 991
