323
436 105 368
570 105 6
238 105 75
436 152 731
326 152 45
703 152 47
726 152 289
436 365 299
326 365 71
161 365 481
726 365 102
436 400 179
570 400 217
326 400 270
161 400 636
703 400 333
238 400 241
726 400 508
267 400 537
436 432 209
570 432 460
326 432 447
161 432 406
703 432 347
238 432 413
726 432 406
267 432 198
436 451 232
570 451 266
326 451 288
161 451 678
703 451 209
238 451 593
726 451 893
267 451 426
436 476 232
570 476 266
326 476 447
161 476 678
703 476 349
238 476 593
726 476 347
267 476 327
436 560 249
570 560 221
326 560 447
161 560 523
703 560 315
238 560 433
726 560 419
267 560 411
436 602 296
570 602 326
326 602 447
161 602 423
703 602 335
238 602 413
726 602 347
267 602 537
436 661 249
570 661 595
326 661 242
161 661 565
703 661 349
238 661 313
726 661 376
267 661 280
436 787 255
570 787 426
326 787 570
161 787 407
238 787 861
267 787 392
436 788 376
570 788 1019
161 788 491
703 788 466
238 788 861
726 788 355
267 788 392
436 815 195
570 815 296
161 815 281
703 815 586
238 815 309
267 815 586
436 825 255
326 825 659
161 825 317
703 825 396
238 825 248
267 825 422
436 842 665
570 842 517
326 842 659
161 842 415
703 842 144
238 842 861
267 842 401
436 880 325
570 880 118
326 880 362
161 880 317
703 880 542
238 880 861
726 880 413
267 880 542
436 1022 96
570 1022 533
161 1022 4
238 1022 186
267 1022 15
326 216 279
703 216 9
238 216 665
326 983 8
161 983 1
703 983 1
238 983 447
726 983 651
741 436 536
805 436 483
738 436 437
719 436 222
35 436 147
719 570 587
627 570 578
741 570 504
738 570 410
764 570 405
805 570 383
35 570 147
738 326 937
719 326 715
805 326 516
627 326 505
764 326 451
741 326 379
35 326 211
35 161 981
805 161 270
741 161 37
738 161 41
741 703 1133
764 703 1069
719 703 738
35 703 509
627 703 453
738 703 453
805 703 313
35 238 930
719 238 1054
805 238 481
741 238 195
35 726 898
741 726 170
719 726 15
627 726 28
738 267 795
741 267 675
719 267 655
805 267 529
35 267 476
627 267 459
764 267 160
208 719 1077
129 719 605
484 764 211
463 764 68
169 764 51
208 741 271
169 741 1113
484 741 372
129 741 259
264 741 4
414 741 2
347 35 969
208 35 1232
169 738 102
484 805 707
208 805 238
414 805 248
169 805 39
463 627 1286
414 627 650
484 627 465
129 627 321
169 627 228
7 129 1047
375 129 995
449 129 700
18 129 325
7 208 1047
449 208 349
449 484 1007
129 484 187
7 169 978
375 169 923
129 169 611
18 169 372
18 264 887
7 264 746
449 264 700
412 264 385
414 414 1281
375 414 1218
390 414 1051
415 414 1051
7 414 500
412 414 464
18 414 236
7 347 711
375 347 565
412 347 302
375 463 1291
414 463 1285
390 463 1009
415 463 450
7 463 208
412 463 208
449 463 133
297 129 978
263 129 720
175 129 557
408 129 557
465 129 496
209 129 269
209 7 1188
297 375 756
465 375 680
436 375 461
263 375 318
385 375 292
209 18 3
175 18 3
385 18 1
209 449 835
385 449 48
263 449 9
465 449 7
436 412 1042
385 412 1011
408 412 914
209 412 686
263 412 251
175 412 214
385 390 921
297 390 836
209 390 686
408 390 533
465 390 443
263 390 251
175 390 134
408 415 843
297 415 836
436 415 835
385 415 720
465 415 443
263 415 251
436 414 1115
297 414 535
408 414 533
385 414 431
209 414 431
175 414 296
263 414 251
264 175 1010
374 175 644
298 175 585
303 175 546
267 175 406
374 408 1031
298 408 824
267 408 277
374 385 1145
303 385 543
298 385 234
264 385 169
267 385 162
264 263 620
374 263 530
267 263 525
298 263 464
303 263 384
303 209 467
298 209 417
374 436 873
298 436 824
267 436 277
303 436 206
267 465 7
267 297 697
264 297 572
303 297 411
346 374 299
389 303 267
389 298 648
379 298 559
382 298 226
346 298 226
389 264 1183
346 264 1129
348 264 1035
379 264 331
359 264 323
389 267 968
346 267 968
348 267 968
379 267 331
359 267 323
101 359 1277
134 359 1114
101 346 1277
134 346 892
133 346 892
133 389 804
101 382 1077
101 349 1277
133 349 1080
134 379 1114
133 379 804
101 348 1066
133 348 1021
