193
399 448 436
166 448 547
93 448 1181
785 448 359
781 448 754
729 448 825
399 473 348
166 473 303
93 473 1181
785 473 532
781 473 519
729 473 508
399 558 304
93 558 1021
785 558 682
781 558 479
729 558 682
399 762 469
166 762 596
93 762 896
785 762 359
781 762 754
729 762 891
399 801 509
166 801 328
93 801 737
785 801 166
781 801 328
729 801 965
399 806 239
166 806 390
93 806 372
785 806 313
781 806 230
729 806 747
399 813 260
166 813 740
93 813 1091
785 813 685
781 813 828
729 813 599
399 832 685
166 832 263
93 832 885
785 832 246
781 832 268
729 832 156
399 861 685
93 861 885
785 861 237
729 861 730
399 865 685
166 865 740
93 865 1047
785 865 280
781 865 828
399 888 240
166 888 700
93 888 1174
785 888 160
781 888 612
729 888 431
399 892 417
166 892 487
93 892 466
785 892 515
781 892 452
729 892 965
399 894 206
166 894 322
93 894 1100
785 894 237
781 894 410
166 11 173
93 11 212
785 11 44
729 11 10
93 843 1137
785 843 320
781 843 828
93 993 1
781 993 85
729 993 282
732 399 737
776 399 484
743 399 269
785 399 193
732 166 996
776 93 1248
743 93 1187
732 93 1203
785 93 150
743 785 3
732 785 3
785 781 1038
732 781 936
732 729 937
743 729 873
776 729 1116
514 732 1139
156 732 4
394 776 351
223 776 21
156 776 36
394 743 697
35 743 110
49 743 2
49 785 1012
156 785 276
78 156 878
87 156 669
39 156 612
8 156 556
412 156 333
78 49 1297
87 49 127
78 394 937
329 394 924
412 394 625
87 394 548
8 394 198
8 514 1293
39 514 2
329 35 822
87 35 5
87 223 703
78 223 647
412 223 625
8 223 363
39 223 248
346 8 700
438 8 370
100 78 840
169 78 239
438 78 100
438 87 707
100 39 70
100 329 979
170 329 499
250 329 499
438 329 306
250 412 381
169 412 376
168 100 256
298 100 1
415 438 862
208 438 526
298 438 487
358 438 309
168 438 249
298 170 1277
168 170 987
208 170 593
266 170 268
415 170 225
358 170 151
415 169 782
266 169 706
168 169 634
208 169 558
168 346 1111
415 346 670
358 346 324
298 346 324
168 250 987
358 250 688
415 250 479
208 250 323
266 250 198
388 208 851
363 208 662
340 208 539
340 358 688
363 358 540
349 358 521
388 415 1221
340 415 1146
343 415 615
349 415 612
343 298 401
388 298 387
340 298 353
363 298 337
388 168 1189
340 168 1167
340 266 287
133 363 1285
95 363 1147
95 343 886
133 349 1175
95 349 927
133 340 1300
95 388 1281
