204
827 172 1193
237 172 11
827 288 581
827 392 1199
824 392 443
252 392 380
581 392 696
702 392 170
237 392 1173
827 420 1032
824 420 1008
252 420 711
581 420 609
702 420 328
237 420 1032
827 523 1199
824 523 958
252 523 502
581 523 609
702 523 331
237 523 1173
827 531 1099
824 531 372
252 531 1051
581 531 609
702 531 243
237 531 1099
827 533 1199
824 533 820
252 533 200
581 533 708
702 533 331
237 533 1173
827 572 873
824 572 1030
252 572 200
581 572 818
702 572 327
237 572 873
827 652 1199
824 652 1030
252 652 331
581 652 609
702 652 519
237 652 1173
827 665 937
824 665 681
252 665 449
581 665 609
237 665 937
827 747 365
824 747 1030
252 747 1051
581 747 597
702 747 364
237 747 704
827 872 180
252 872 605
581 872 767
702 872 811
237 872 394
824 334 706
702 334 69
237 334 276
824 370 498
581 244 458
611 827 738
636 827 124
626 824 588
643 824 238
646 824 22
761 824 11
761 252 1087
643 581 1032
611 581 779
626 581 404
646 581 309
761 581 292
678 702 1168
636 702 989
643 702 905
611 702 779
646 702 309
761 702 292
626 702 119
761 237 1122
626 237 485
611 237 100
646 237 40
516 643 659
483 643 542
56 643 392
1 643 364
69 643 248
69 761 1156
516 761 736
483 761 158
1 761 1
56 761 1
516 636 1237
483 636 1106
1 636 911
56 636 496
82 636 215
1 678 911
516 678 854
483 678 844
56 678 682
69 678 248
82 678 215
483 646 1223
56 646 686
69 646 369
82 646 230
483 626 1223
516 626 854
56 626 425
82 626 230
483 611 1223
516 611 854
56 611 425
87 1 210
87 516 180
333 483 755
139 483 908
68 483 185
76 69 1281
87 69 12
68 82 888
76 82 482
333 82 33
87 56 749
475 333 983
355 333 643
307 333 638
88 333 421
407 87 90
407 68 620
442 68 316
355 68 168
307 68 68
475 68 42
475 139 967
441 139 913
355 139 566
307 139 362
407 375 1296
442 375 1264
475 375 850
441 375 468
355 375 449
355 415 987
407 415 684
475 415 397
307 415 261
88 76 1277
355 76 475
391 88 52
208 441 1048
416 441 867
391 441 693
140 441 499
273 441 430
208 407 1300
273 407 1300
140 407 1300
416 407 604
381 407 315
140 442 1294
208 442 1294
273 442 1294
416 442 867
381 442 315
391 475 874
264 475 379
416 475 42
416 307 984
264 307 957
208 307 768
140 307 764
391 307 740
381 307 233
208 355 1120
264 355 957
416 355 694
391 355 659
381 355 655
140 355 243
238 140 1175
214 208 1241
154 208 912
154 391 978
214 273 1241
154 273 912
214 416 1261
154 416 685
154 264 658
214 381 887
154 381 362
101 382 1201
152 214 1300
133 403 846
152 154 1300
152 238 1300
