224
520 524 144
492 524 544
409 524 1042
607 524 232
613 524 192
520 538 244
492 538 836
409 538 1042
607 538 448
613 538 196
520 837 753
492 837 764
409 837 878
607 837 885
520 849 753
492 849 764
409 849 989
607 849 885
613 849 773
520 851 753
492 851 890
409 851 989
607 851 885
613 851 280
520 853 753
492 853 400
409 853 989
607 853 292
613 853 150
520 867 549
492 867 890
409 867 426
607 867 885
613 867 382
520 877 129
492 877 890
409 877 439
607 877 885
613 877 773
520 887 753
492 887 675
409 887 989
607 887 923
613 887 684
492 169 665
409 169 846
492 643 836
409 643 1042
607 643 448
613 643 204
579 520 790
699 520 770
588 520 769
818 520 710
729 520 631
579 492 859
818 492 785
729 492 749
588 492 715
818 409 573
588 409 573
729 409 285
699 409 285
579 409 265
729 607 958
818 607 819
588 607 589
579 607 322
699 607 196
729 613 1033
579 613 865
588 613 335
818 613 255
699 613 181
414 579 1082
361 579 837
454 579 716
330 579 622
339 579 361
150 579 340
339 588 882
361 588 837
330 588 787
454 588 716
52 588 523
414 588 450
150 588 340
414 699 1109
339 699 882
330 699 787
361 699 170
454 699 158
150 699 155
52 818 1257
150 818 436
454 818 3
150 729 477
330 729 161
414 729 438
339 339 839
300 339 776
422 339 552
375 339 527
412 339 409
339 361 1000
412 361 999
300 361 935
422 361 552
375 361 246
332 361 160
300 454 1074
422 454 724
375 454 571
412 454 334
332 454 294
339 330 817
300 330 776
422 330 552
412 330 419
375 330 262
339 150 1034
412 150 999
332 150 625
300 150 417
422 150 333
332 52 407
375 52 3
375 414 1213
412 414 724
332 414 495
422 414 367
433 422 1172
410 422 930
416 422 821
465 422 484
408 300 1242
410 300 1100
68 300 860
433 300 829
465 300 316
416 300 248
410 339 1100
68 339 860
416 339 836
436 339 707
408 339 689
465 339 589
433 339 389
408 412 977
436 412 676
433 412 558
416 412 384
410 412 289
465 412 252
416 375 628
436 375 628
465 375 408
410 375 363
433 375 363
68 375 363
408 375 333
68 332 828
410 332 828
465 332 501
433 332 389
402 410 663
324 410 570
417 410 415
267 410 377
324 68 348
402 68 166
429 68 10
267 68 2
402 408 715
429 408 641
324 408 539
267 408 377
402 433 715
429 433 641
324 433 570
267 433 548
417 433 248
429 436 641
324 436 570
402 436 381
267 436 377
324 416 570
403 416 527
402 416 497
417 416 239
267 465 11
379 402 676
330 402 633
342 402 614
343 402 394
349 402 382
330 417 1139
379 417 1002
342 417 614
349 417 447
343 417 352
342 403 1192
343 403 781
330 403 564
379 403 508
379 267 513
330 429 866
342 429 614
379 429 508
343 429 352
342 324 730
379 324 513
343 324 458
330 324 302
349 324 302
69 343 1083
69 330 1076
134 330 927
134 342 1293
69 342 982
123 342 554
69 349 982
134 349 927
134 379 1214
