174
134 101 1114
197 101 1050
134 229 1206
197 229 826
134 371 1142
197 371 1037
613 371 266
134 405 867
197 405 867
219 405 907
503 405 517
613 405 370
134 408 898
197 408 600
219 408 648
503 408 259
613 408 312
134 448 1221
197 448 1168
219 448 332
503 448 252
613 448 554
134 483 1212
197 483 1168
219 483 625
503 483 343
613 483 343
134 533 1209
197 533 1168
219 533 1008
503 533 450
613 533 312
134 557 1015
197 557 477
219 557 648
503 557 269
613 557 644
134 563 737
197 563 614
219 563 785
503 563 222
613 563 416
134 738 1127
197 738 1127
219 738 648
503 738 159
613 738 644
134 788 958
197 788 645
219 788 182
503 788 414
134 853 843
197 853 544
219 853 325
503 853 594
613 853 151
134 892 879
197 892 797
219 892 325
503 892 594
613 892 353
134 965 1156
197 965 459
219 965 894
197 7 1014
613 7 582
138 134 1084
753 134 686
810 134 372
605 134 31
640 197 136
753 197 945
138 197 68
810 219 1192
138 219 1080
605 219 138
810 503 1163
753 503 995
138 503 866
640 503 597
605 503 563
640 613 1042
138 613 999
753 613 618
810 613 607
605 613 247
255 640 750
512 640 696
395 640 227
522 138 1066
512 138 1148
395 810 735
522 810 542
204 753 780
512 753 232
395 753 240
522 605 707
512 605 696
255 605 615
204 605 300
395 605 227
87 255 1073
329 255 421
39 512 378
87 512 30
422 512 15
87 395 952
422 395 276
329 522 554
422 522 6
329 204 783
181 204 495
87 204 484
226 422 564
241 422 461
346 422 289
438 422 226
226 181 979
193 181 815
241 181 376
346 181 220
438 87 715
241 87 364
226 87 401
226 39 636
226 329 979
193 329 936
241 329 724
438 329 380
417 438 1210
407 438 535
426 438 379
402 438 358
168 438 325
417 226 1278
426 226 513
402 226 509
407 226 397
168 193 1097
407 193 751
417 193 646
426 193 626
402 193 107
168 346 1165
417 346 763
407 346 549
426 346 495
402 346 210
417 241 1247
168 241 1112
407 241 612
426 241 578
402 241 256
379 402 826
343 402 592
340 402 592
349 402 488
379 417 1135
340 417 748
349 417 516
343 417 427
379 407 1135
340 407 748
343 407 629
349 407 516
379 426 826
343 426 636
349 426 469
340 168 1160
95 343 799
133 349 1196
95 349 834
133 379 744
133 340 1292
