201
601 523 483
48 523 558
633 523 497
301 523 738
712 523 409
684 523 622
601 554 166
48 554 1255
633 554 154
301 554 738
712 554 1183
684 554 644
601 673 165
48 673 1156
633 673 184
301 673 682
712 673 761
684 673 622
601 773 663
48 773 663
633 773 284
301 773 284
712 773 550
684 773 440
601 792 158
48 792 1099
633 792 979
301 792 434
712 792 298
684 792 282
601 811 184
48 811 354
633 811 147
301 811 184
712 811 607
684 811 255
601 860 112
48 860 1099
633 860 979
301 860 892
712 860 607
684 860 588
601 866 602
48 866 221
633 866 291
301 866 955
712 866 171
684 866 588
601 883 463
48 883 329
633 883 170
301 883 463
712 883 550
684 883 255
601 888 347
48 888 1099
633 888 979
301 888 892
712 888 171
684 888 588
48 842 1053
633 842 979
301 842 955
712 842 550
684 842 588
48 865 538
633 865 428
301 865 862
684 865 395
48 899 944
712 899 12
715 601 1159
626 601 1057
794 601 896
646 601 821
656 601 656
715 48 482
656 48 79
646 48 4
656 633 954
794 633 724
646 633 594
715 633 594
626 633 594
656 301 985
626 301 785
794 301 522
715 301 508
646 301 205
656 712 587
794 712 668
715 712 721
626 684 1033
715 684 1033
656 684 954
794 684 896
646 684 821
227 656 995
458 656 637
483 656 403
432 656 347
463 656 308
525 656 243
432 794 1191
458 794 1037
463 794 1
432 715 1131
525 715 848
458 715 739
227 715 127
432 646 1232
463 646 1071
458 646 1007
227 646 995
483 646 985
432 626 1232
463 626 1071
458 626 1007
227 626 995
483 626 985
139 458 1072
333 458 707
264 458 659
375 458 421
139 432 1072
375 432 867
333 432 707
264 432 659
415 432 210
139 483 1256
333 483 661
264 483 34
333 525 131
139 525 301
139 227 846
375 227 429
264 227 366
375 463 1298
139 463 1072
333 463 707
264 463 659
415 463 391
405 333 1086
163 333 647
411 333 497
364 333 401
447 333 184
163 139 1112
364 139 821
447 139 789
411 139 733
405 139 377
163 264 1047
411 264 593
405 264 494
364 264 401
447 375 1154
436 375 907
163 375 365
405 375 330
411 375 246
436 415 700
405 415 426
447 415 217
364 415 216
411 415 206
163 415 166
208 447 1300
206 447 1109
267 447 320
230 364 948
208 364 509
206 364 250
206 411 859
208 411 812
230 411 476
267 411 320
230 163 714
208 163 162
208 405 812
206 405 756
267 405 320
206 436 1133
208 436 808
267 436 320
214 208 1210
336 230 1007
368 230 386
349 230 379
368 267 702
368 206 903
101 343 1062
69 343 1059
69 355 1300
101 355 1165
101 336 1286
69 336 1280
101 368 1024
101 214 619
101 349 1286
69 349 1064
