171
601 16 565
474 16 262
799 16 68
601 535 653
474 535 794
799 535 1110
324 535 1040
617 535 797
601 557 167
474 557 794
799 557 1185
324 557 1040
617 557 797
601 561 435
474 561 794
799 561 1124
324 561 1040
617 561 797
601 693 414
474 693 184
799 693 1108
324 693 1040
617 693 797
601 738 252
474 738 794
799 738 1185
324 738 1040
617 738 797
601 771 223
474 771 754
799 771 526
324 771 885
617 771 793
601 784 405
474 784 754
799 784 740
324 784 144
617 784 793
601 806 225
474 806 754
799 806 526
324 806 989
617 806 469
601 821 297
474 821 754
799 821 352
324 821 188
474 172 55
324 172 10
324 22 7
617 22 139
324 337 719
626 601 1198
691 601 1172
611 601 1088
626 474 1012
611 474 829
691 474 812
611 799 108
691 799 52
626 799 11
626 324 1044
611 324 1044
691 324 803
691 617 1043
626 617 850
611 617 604
186 691 1136
411 691 1100
483 691 1062
458 691 727
463 691 727
487 691 284
483 626 1218
463 626 1126
458 626 1067
411 626 934
186 626 408
487 626 325
483 611 1218
463 611 1126
458 611 1067
487 611 371
411 611 332
186 611 261
333 487 292
325 487 36
333 458 1008
139 458 913
172 458 625
300 458 595
325 458 418
325 411 1099
333 411 1008
172 411 938
139 411 913
300 411 595
172 483 420
333 483 845
325 483 431
139 483 1170
300 483 346
139 186 1161
333 186 1078
325 186 548
172 186 368
300 186 227
333 463 1008
139 463 913
300 463 595
408 300 1189
475 300 1107
307 300 845
355 300 705
441 300 625
408 333 1189
475 333 1107
355 333 860
307 333 537
441 333 269
441 139 1069
408 139 1018
475 139 1018
355 139 705
307 139 401
441 172 1069
307 172 845
475 172 579
355 172 298
307 325 1016
441 325 901
408 325 814
475 325 814
355 325 705
374 441 1250
391 441 876
208 441 489
264 307 989
391 307 830
202 307 639
267 307 491
208 307 427
264 475 416
202 475 512
391 475 1005
208 408 994
374 408 932
267 408 415
391 408 321
374 355 1225
264 355 989
208 355 855
391 355 830
267 355 537
202 355 382
214 208 1065
214 202 819
346 391 382
346 374 315
214 374 195
346 264 1219
346 267 1006
101 343 1050
101 346 1294
134 346 1011
101 349 1297
134 349 748
101 355 1014
101 377 716
134 214 1237
200 214 1089
