229
782 86 911
399 86 179
67 86 551
787 86 870
201 86 70
782 113 738
67 113 889
787 113 699
782 289 1052
399 289 480
67 289 338
787 289 1071
201 289 2
782 337 945
67 337 585
787 337 952
201 337 5
782 421 389
399 421 644
67 421 119
578 421 432
787 421 646
201 421 515
488 421 641
782 443 389
399 443 281
67 443 225
578 443 328
787 443 646
201 443 686
488 443 641
782 510 389
399 510 295
67 510 225
578 510 306
787 510 646
201 510 585
488 510 641
782 531 489
399 531 649
67 531 300
578 531 429
787 531 606
201 531 420
488 531 641
782 697 535
399 697 644
67 697 121
578 697 306
787 697 646
201 697 490
488 697 641
782 772 725
399 772 1000
67 772 351
578 772 390
787 772 619
201 772 455
488 772 189
782 784 725
399 784 1000
67 784 471
578 784 390
787 784 355
201 784 455
488 784 389
782 808 522
399 808 473
67 808 471
578 808 111
787 808 496
201 808 824
488 808 389
782 833 725
399 833 838
578 833 390
787 833 306
201 833 588
782 873 725
399 873 1000
67 873 403
578 873 390
787 873 514
201 873 611
488 873 562
782 876 725
399 876 1000
67 876 351
578 876 390
787 876 464
201 876 522
488 876 346
782 883 710
399 883 310
67 883 339
578 883 283
787 883 230
201 883 907
488 883 187
379 782 910
296 782 456
801 782 1102
801 399 848
379 399 662
796 399 572
751 399 521
296 399 492
379 67 971
296 67 869
796 67 797
801 578 1245
796 578 846
379 578 436
751 578 218
379 787 1149
801 787 622
296 787 731
801 201 1285
751 201 927
801 488 1253
751 488 603
796 488 531
379 488 489
296 488 312
471 379 1124
67 379 823
244 379 799
364 379 686
457 379 444
439 379 290
471 796 472
439 796 373
67 796 25
244 796 125
457 796 21
67 801 1142
244 801 1137
457 801 131
471 296 1124
67 296 824
244 296 799
364 296 686
457 296 259
67 751 872
471 751 141
439 751 773
457 751 2
244 751 6
320 439 1023
87 439 1020
265 439 637
94 439 344
94 244 895
87 244 882
320 244 702
375 244 646
265 244 280
265 471 1087
415 471 4
375 457 1210
87 457 1020
415 457 203
265 457 187
375 67 1236
94 67 1299
87 67 971
320 67 1
265 67 1
94 364 895
87 364 882
320 364 702
170 94 1107
250 94 846
175 94 8
112 265 972
363 265 930
170 265 709
250 265 684
175 265 594
112 87 1163
407 87 54
223 87 1
407 375 1286
363 375 711
170 375 215
250 375 215
112 375 212
407 415 797
112 320 972
175 320 876
170 320 654
363 320 299
208 407 1285
298 407 697
298 175 809
208 175 350
298 170 1255
432 170 1003
208 170 670
208 363 738
298 363 645
219 363 395
432 363 190
432 250 1003
208 250 477
298 250 220
298 223 645
208 223 637
432 223 283
395 208 344
374 208 344
382 219 528
341 219 462
395 298 1222
374 298 1036
355 298 350
355 432 1088
341 432 1084
382 432 1006
336 432 949
101 382 1179
134 336 1293
101 336 1292
101 355 1116
134 395 1072
101 395 716
101 374 951
134 341 986
101 341 985
