147
93 547 1077
153 547 404
729 547 874
655 547 116
760 547 694
93 598 1106
139 598 415
153 598 355
729 598 704
655 598 273
760 598 694
93 622 1152
139 622 692
153 622 489
729 622 874
655 622 318
760 622 431
93 649 1022
139 649 259
153 649 169
729 649 874
655 649 474
760 649 474
93 650 1068
139 650 610
153 650 686
729 650 874
655 650 622
760 650 686
93 762 1103
139 762 692
153 762 902
729 762 874
655 762 318
760 762 905
93 767 1163
139 767 415
153 767 902
729 767 684
655 767 318
760 767 957
93 808 1185
139 808 306
153 808 246
655 808 710
760 808 721
93 853 1177
139 853 1111
153 853 951
729 853 86
655 853 579
760 853 831
93 870 501
139 870 817
153 870 658
655 870 579
760 870 421
743 93 1270
776 93 1290
796 139 253
776 139 2
796 153 478
776 153 1070
743 153 211
743 729 1101
796 729 839
776 729 1265
796 655 561
776 655 557
743 655 299
743 760 1206
305 776 567
370 776 485
223 776 11
476 776 26
305 743 1218
476 743 560
370 796 1092
305 796 150
1 796 119
87 305 926
8 305 907
78 305 856
94 305 616
87 1 699
94 1 1050
8 1 33
87 370 1269
94 370 1255
78 370 432
412 370 394
8 370 257
94 476 1096
87 223 891
412 223 666
94 223 547
78 223 482
8 223 298
169 78 318
170 94 1113
250 94 822
175 94 3
169 412 782
250 412 469
175 412 333
170 412 201
298 170 1241
208 170 850
266 170 459
358 170 274
266 169 762
208 169 755
289 169 682
358 250 779
289 250 550
208 250 462
266 250 318
289 175 1189
298 175 886
358 175 802
266 175 280
208 175 245
408 208 1258
214 208 1166
374 208 473
326 208 436
374 298 849
408 298 533
326 298 325
397 358 1090
374 266 1290
408 266 1217
326 266 1024
214 266 582
397 266 317
408 289 1150
326 289 834
397 289 659
101 397 1299
133 397 1183
101 408 1299
133 408 725
101 374 1164
133 374 946
101 214 860
101 326 1300
133 326 896
