162
788 117 617
273 117 724
769 117 1254
788 171 1028
788 185 289
788 475 726
273 475 701
769 475 823
581 475 823
788 566 380
273 566 651
769 566 955
581 566 955
788 605 887
273 605 778
769 605 887
581 605 1053
788 696 526
273 696 259
769 696 1216
581 696 463
788 714 306
273 714 701
769 714 762
581 714 530
788 741 505
273 741 651
769 741 762
581 741 1053
788 754 713
273 754 408
769 754 1254
581 754 663
788 806 691
273 806 124
769 806 900
581 806 1054
788 821 701
273 821 144
769 821 1027
581 821 905
788 862 691
273 862 124
769 862 1170
581 862 953
788 866 425
273 866 124
769 866 988
581 866 905
788 881 701
273 881 123
769 881 755
581 881 746
788 921 866
769 921 839
581 921 247
769 911 151
651 788 4
709 273 1104
730 273 1013
776 273 948
651 273 906
776 769 260
709 769 1243
709 581 1214
776 581 984
730 581 912
651 581 752
469 709 119
164 709 2
424 776 1251
414 776 336
469 730 1177
424 730 7
414 651 1058
469 651 661
455 651 475
424 651 227
477 424 1266
509 424 958
402 424 658
78 424 250
477 455 1266
413 455 832
402 455 822
509 455 638
78 455 439
477 469 1125
413 469 57
402 469 1
509 164 1000
477 164 1000
402 164 503
78 164 361
413 164 236
509 414 958
477 414 881
402 414 658
413 414 637
345 509 515
433 509 1
433 78 375
408 78 36
408 413 1212
465 413 738
433 413 552
175 413 479
255 477 396
345 477 1178
465 477 13
433 402 1234
408 402 807
175 402 210
465 402 189
229 175 1130
310 175 980
264 175 874
374 175 559
202 175 347
310 255 774
229 255 720
264 255 497
339 255 246
374 255 246
374 408 1151
140 408 670
229 408 572
310 408 536
339 408 437
374 433 883
229 433 572
310 433 536
140 433 480
339 433 310
339 465 1
339 345 782
374 345 659
310 345 563
229 345 527
202 345 347
186 140 177
389 202 873
389 229 825
336 229 739
355 229 605
374 229 337
408 374 1069
336 310 739
186 310 357
389 310 312
389 264 1206
389 339 619
186 339 348
101 389 739
101 355 1083
101 336 1294
123 336 767
101 374 1044
70 374 784
123 186 1056
70 186 847
101 408 1296
