247
601 434 247
688 434 247
763 434 670
335 434 254
716 434 739
507 434 358
229 434 972
601 448 545
688 448 149
763 448 670
335 448 578
716 448 817
507 448 358
229 448 972
601 468 777
688 468 443
763 468 443
335 468 444
716 468 981
507 468 314
229 468 530
601 472 465
763 472 423
335 472 254
716 472 981
507 472 182
229 472 264
601 540 486
688 540 443
763 540 355
335 540 374
716 540 486
507 540 613
229 540 374
601 561 389
688 561 492
763 561 593
335 561 587
716 561 981
507 561 358
229 561 593
601 586 650
688 586 403
763 586 511
335 586 746
716 586 981
507 586 549
229 586 324
601 602 349
688 602 490
763 602 500
335 602 810
507 602 358
229 602 500
601 607 594
688 607 403
763 607 535
335 607 395
716 607 683
507 607 434
229 607 535
601 643 287
688 643 287
763 643 670
335 643 641
507 643 419
229 643 972
601 659 594
688 659 339
763 659 549
335 659 448
716 659 981
507 659 339
229 659 448
601 785 507
335 785 625
716 785 319
507 785 198
229 785 198
601 806 367
763 806 282
335 806 171
716 806 186
229 806 891
601 867 507
763 867 274
335 867 625
507 867 927
229 867 378
601 893 507
763 893 282
335 893 303
716 893 388
507 893 764
229 893 527
601 1012 1
335 1012 557
716 1012 361
763 144 327
716 144 75
229 144 385
763 172 134
507 172 296
229 172 5
229 1001 34
715 601 1034
691 601 976
790 601 667
611 601 661
729 601 200
715 688 1034
790 688 823
729 688 622
611 688 552
691 688 447
611 763 385
691 763 88
729 763 62
790 335 1007
715 335 738
691 335 733
611 335 570
729 335 500
611 716 771
729 716 933
790 716 732
729 507 1189
790 507 949
715 507 731
691 507 628
611 507 536
691 229 843
790 229 1218
432 715 652
442 715 489
458 715 720
432 729 76
442 729 14
350 790 555
458 790 394
483 691 852
350 691 754
458 691 631
432 691 631
463 691 631
442 691 383
483 611 1135
463 611 1039
458 611 1000
432 611 911
442 611 383
333 458 1073
112 458 950
16 458 851
264 458 736
234 458 678
16 350 1093
333 350 652
193 350 359
234 350 292
264 350 259
333 442 1073
112 442 950
234 442 754
264 442 736
16 442 560
193 442 341
112 483 396
333 483 985
16 483 457
234 483 69
264 483 13
333 432 1073
264 432 736
234 432 641
112 432 641
16 432 560
333 463 1058
193 463 822
264 463 736
234 463 446
405 333 1201
408 333 874
411 333 663
364 333 598
439 333 545
411 16 173
405 16 728
364 16 762
405 234 918
408 234 874
364 234 598
436 234 497
439 234 497
411 234 315
364 112 711
408 112 2
408 193 830
411 193 747
405 193 598
364 193 598
439 193 299
411 264 862
405 264 598
364 264 598
408 264 225
439 264 215
391 364 889
264 364 827
201 364 351
267 364 257
391 411 878
267 411 469
201 411 298
264 411 135
391 405 878
267 405 469
201 405 227
267 408 469
201 408 408
391 408 172
267 436 469
201 436 304
391 436 234
267 439 469
201 439 408
264 439 206
359 201 841
389 201 533
389 391 923
348 391 447
389 264 1165
348 264 1125
379 264 335
389 267 1050
348 267 1050
379 267 335
359 267 275
69 359 1298
134 359 1243
69 343 1085
69 389 1085
134 379 1243
69 349 1001
134 349 887
69 355 1298
69 348 1085
