175
421 41 265
702 41 1
421 222 934
702 222 261
361 222 150
140 222 474
421 253 10
361 253 479
421 351 462
140 351 400
421 510 207
581 510 114
702 510 616
361 510 724
140 510 1039
421 615 339
581 615 133
702 615 451
361 615 261
140 615 1093
421 655 339
581 655 274
140 655 1093
421 824 715
581 824 953
702 824 1109
361 824 640
140 824 629
421 851 146
581 851 953
702 851 851
361 851 379
140 851 629
421 882 146
581 882 248
702 882 913
361 882 379
140 882 802
702 238 330
140 238 568
702 71 278
702 72 2
140 13 168
627 421 790
589 421 747
663 421 575
643 421 452
651 421 452
643 581 1227
651 581 695
627 581 558
663 581 175
589 581 175
643 702 1111
589 702 1006
651 702 597
627 702 562
663 702 404
589 361 832
663 361 751
627 361 751
643 361 567
651 361 333
663 140 258
280 643 1234
284 643 1010
310 643 601
370 643 429
305 643 219
1 643 219
69 643 188
284 589 935
305 589 752
310 589 601
280 589 388
1 589 293
69 589 159
280 627 1234
1 627 1070
284 627 1010
310 627 505
305 627 292
280 651 1234
1 651 1070
284 651 1010
310 651 601
305 651 205
1 663 1070
284 663 603
310 663 601
370 663 429
280 663 388
305 663 292
69 663 111
94 1 862
83 1 841
87 1 343
129 1 402
375 280 1145
129 280 700
83 280 497
94 370 1218
87 370 1188
83 370 881
129 370 234
87 305 528
78 305 447
375 305 419
129 305 315
87 69 44
129 69 53
83 310 569
87 310 386
375 284 1238
94 284 1093
129 284 997
415 284 687
83 284 481
307 78 37
335 78 43
335 94 202
307 94 32
112 83 680
274 83 526
335 83 31
112 87 1274
307 129 865
274 129 800
178 129 584
442 129 206
112 129 190
178 375 1300
442 375 1272
178 415 483
274 415 429
411 274 1185
208 274 1100
298 274 331
289 335 1234
411 335 1116
208 335 1100
416 335 444
208 442 1294
416 442 1170
298 442 871
208 178 1061
289 178 927
298 178 276
416 307 1104
208 307 1061
411 307 681
289 307 681
416 112 678
408 208 1237
214 208 1221
214 416 1214
397 416 382
408 298 612
382 298 480
341 411 1154
382 411 1090
214 411 935
397 411 382
408 289 1114
214 289 884
397 289 700
341 289 401
101 397 1290
101 382 1213
96 382 884
101 214 712
101 408 1300
96 408 884
96 341 1171
101 341 673
