367
584 430 414
819 430 715
633 430 257
411 430 166
576 430 217
485 430 235
671 430 688
167 430 643
672 430 239
584 554 414
819 554 715
633 554 156
411 554 123
576 554 245
485 554 285
671 554 688
167 554 643
584 569 155
819 569 715
633 569 238
411 569 461
576 569 414
485 569 164
671 569 688
637 569 166
167 569 643
672 569 321
584 586 414
819 586 715
633 586 168
411 586 190
576 586 217
485 586 471
671 586 688
167 586 643
584 645 201
819 645 715
633 645 209
411 645 367
576 645 438
485 645 285
671 645 688
637 645 214
167 645 643
672 645 214
584 670 414
819 670 715
633 670 177
576 670 384
485 670 259
671 670 688
167 670 643
672 670 434
584 677 432
819 677 715
411 677 251
576 677 438
671 677 688
167 677 643
584 691 242
819 691 715
633 691 138
576 691 359
485 691 235
671 691 688
637 691 419
167 691 643
672 691 133
584 783 655
819 783 302
633 783 212
411 783 600
576 783 398
485 783 661
671 783 569
637 783 401
167 783 740
672 783 369
584 792 155
819 792 302
633 792 627
411 792 247
576 792 281
485 792 741
671 792 557
637 792 497
167 792 808
672 792 435
584 842 389
819 842 235
633 842 627
411 842 600
576 842 385
485 842 329
671 842 547
672 842 445
584 844 621
819 844 288
633 844 616
411 844 247
576 844 205
485 844 612
671 844 715
637 844 139
672 844 382
584 846 155
819 846 291
633 846 210
411 846 600
576 846 385
485 846 329
671 846 712
637 846 473
167 846 342
672 846 472
584 853 556
819 853 302
633 853 627
411 853 247
576 853 368
485 853 143
671 853 715
637 853 497
167 853 556
672 853 369
584 866 389
819 866 235
633 866 212
411 866 600
576 866 398
485 866 578
671 866 389
637 866 308
167 866 309
672 866 445
819 883 132
633 883 212
576 883 398
485 883 540
671 883 569
637 883 409
167 883 808
633 865 210
411 865 600
576 865 385
485 865 329
671 865 715
637 865 139
167 865 808
672 865 151
71 584 1115
742 584 928
605 584 372
656 584 315
617 584 269
808 584 265
656 819 141
617 819 347
71 633 990
742 633 894
602 633 889
656 633 747
617 633 406
605 633 365
808 633 151
602 411 759
617 411 661
71 411 494
656 411 475
808 411 357
79 411 342
742 411 342
605 411 176
71 576 972
79 576 896
742 576 896
808 576 554
656 576 436
602 576 389
605 576 284
71 485 837
79 485 746
742 485 623
605 485 493
656 485 406
617 485 313
602 485 313
808 485 299
79 671 1070
742 671 979
71 671 858
808 671 554
656 671 533
605 671 284
602 671 267
71 637 1062
602 637 889
656 637 736
742 637 605
79 637 605
808 637 554
605 637 372
71 167 614
808 167 6
742 672 928
656 672 489
71 672 441
617 672 441
605 672 284
79 672 252
808 672 252
456 656 1081
469 656 1064
234 656 970
256 656 726
416 656 420
525 656 317
525 71 1266
432 71 7
234 71 26
256 742 898
469 742 69
416 742 17
256 79 1089
234 79 565
525 79 541
469 79 179
525 605 1137
469 605 959
416 605 905
234 605 674
432 605 649
456 605 551
256 605 484
256 808 508
469 808 78
456 617 913
416 617 905
256 617 726
234 617 674
432 617 242
525 617 172
525 602 1137
456 602 1081
469 602 959
432 602 649
256 602 484
416 602 206
387 456 1010
394 456 971
375 456 850
39 456 773
422 456 313
387 416 1010
422 416 972
394 416 971
375 416 850
402 416 775
39 416 773
375 432 850
39 432 773
415 432 386
422 432 313
394 432 272
387 432 222
39 525 1194
422 525 982
422 469 1031
402 469 3
387 256 1205
394 256 1198
402 256 647
375 256 453
422 256 259
39 256 253
387 234 1205
394 234 1198
375 234 297
39 234 278
433 422 1229
407 422 890
416 422 749
407 375 1277
416 375 834
436 375 730
17 375 705
398 375 623
408 375 358
17 39 1297
433 402 1229
416 402 749
408 402 377
407 402 232
433 394 985
416 394 853
408 394 700
436 394 458
398 394 398
407 394 232
436 387 1036
416 387 853
398 387 840
408 387 700
433 387 490
407 387 232
408 415 980
407 415 868
416 415 632
398 415 444
436 415 444
433 415 429
208 407 1293
298 407 724
415 407 371
437 407 200
298 408 927
208 408 878
415 408 494
208 433 1299
415 433 494
168 17 1296
415 17 824
437 17 156
298 17 2
415 398 480
208 398 480
437 398 221
298 436 985
208 436 730
415 436 172
415 416 353
208 416 331
298 416 298
388 208 994
342 208 994
324 208 484
340 208 403
330 208 403
388 437 1160
324 437 1121
340 437 1121
342 437 1121
330 437 1072
349 437 509
388 415 1245
340 415 1215
342 415 1214
324 415 1129
330 415 1072
349 415 509
342 298 163
340 298 159
340 168 1183
388 168 1213
324 168 1061
330 168 522
342 168 478
69 330 1200
101 330 1027
134 342 1299
69 342 941
101 349 1290
69 349 941
101 324 633
134 388 1127
101 388 939
134 340 681
