189
723 400 731
665 400 578
814 400 1011
795 400 629
27 400 673
759 400 1031
723 464 773
665 464 592
814 464 1011
795 464 267
27 464 853
759 464 1027
723 487 773
665 487 592
814 487 926
795 487 258
27 487 1091
759 487 809
723 488 773
665 488 592
814 488 926
795 488 267
27 488 971
759 488 543
723 525 773
665 525 759
814 525 926
795 525 814
27 525 1091
759 525 300
723 562 1052
665 562 629
814 562 659
795 562 664
27 562 629
759 562 937
723 618 618
665 618 403
814 618 797
795 618 258
27 618 708
759 618 689
723 625 773
665 625 592
814 625 926
795 625 412
27 625 1091
759 625 419
723 696 731
665 696 592
814 696 769
795 696 271
27 696 842
759 696 809
665 184 54
814 184 925
795 184 75
27 184 1169
823 723 127
823 665 1065
669 665 509
484 665 463
821 665 282
823 814 827
821 795 165
484 795 4
698 795 1
484 27 1205
698 27 1
821 27 1
698 759 217
484 759 4
229 823 42
292 823 1
492 698 1129
177 698 985
229 669 1148
177 669 1026
492 669 752
121 669 704
292 669 326
177 484 1080
292 484 921
121 484 652
229 484 543
492 484 360
292 821 698
492 821 696
229 821 18
353 229 894
403 229 798
311 229 771
375 229 583
353 177 894
403 177 798
311 177 575
403 292 695
353 292 597
311 292 407
375 292 281
353 121 894
403 121 798
311 121 741
311 492 700
416 403 1224
412 403 1198
398 403 707
402 403 522
436 403 522
412 311 593
416 311 583
402 353 892
436 353 603
398 353 570
402 375 1220
398 375 605
436 375 419
416 375 366
412 375 366
416 390 1224
402 390 1218
412 390 1198
398 390 344
402 414 1129
398 414 1026
436 414 982
416 414 877
412 414 387
140 402 1300
208 402 1300
312 402 906
233 402 147
140 398 977
208 398 901
239 398 590
424 398 546
233 398 384
312 398 170
140 436 1164
208 436 1164
233 436 1039
424 436 271
239 436 226
233 416 1042
140 416 977
239 416 540
424 416 540
208 416 434
140 412 1251
208 412 273
424 412 271
233 412 256
239 412 251
168 208 1212
214 208 1061
388 208 724
340 208 407
330 208 407
238 140 1186
168 140 64
340 312 598
330 312 598
385 312 511
168 424 1096
379 424 889
385 424 814
388 424 562
330 424 292
340 424 237
340 233 719
330 233 719
379 233 603
214 233 370
168 233 370
340 239 916
330 239 861
146 330 1286
152 168 1300
150 379 1293
152 214 1300
146 214 1023
150 214 391
150 388 1214
146 388 709
146 340 1286
150 340 1049
146 385 947
152 238 1300
146 238 520
