249
601 122 84
583 122 1
509 122 9
668 122 9
702 122 158
601 469 478
495 469 414
583 469 353
509 469 223
668 469 550
338 469 309
702 469 358
601 670 224
495 670 600
583 670 353
668 670 550
338 670 474
702 670 358
678 670 199
601 684 482
495 684 600
583 684 408
509 684 328
668 684 441
338 684 438
702 684 358
678 684 328
601 789 400
495 789 129
583 789 272
668 789 163
338 789 168
702 789 146
601 798 190
495 798 319
583 798 277
509 798 646
338 798 311
702 798 471
678 798 533
601 817 594
495 817 277
583 817 122
509 817 766
668 817 125
338 817 254
702 817 313
678 817 332
601 830 132
495 830 319
509 830 646
668 830 208
338 830 615
702 830 327
601 839 300
495 839 277
583 839 242
509 839 646
668 839 296
338 839 331
702 839 438
601 867 139
495 867 277
509 867 704
678 867 332
601 881 332
495 881 277
583 881 202
509 881 646
338 881 398
702 881 327
601 886 541
495 886 277
583 886 232
509 886 646
668 886 208
338 886 331
702 886 327
678 886 332
601 967 84
583 967 71
509 967 1
338 967 548
509 964 478
702 964 324
626 601 970
611 601 784
765 601 712
646 601 580
814 601 128
646 495 646
626 495 632
765 495 632
814 495 632
611 495 630
646 583 562
765 583 429
626 583 394
611 583 299
814 583 271
611 509 889
626 509 769
814 509 769
646 509 769
765 509 294
814 668 779
611 668 696
765 668 670
646 668 629
626 668 527
611 338 915
765 338 626
626 338 626
814 338 626
646 338 519
611 702 581
646 702 562
765 702 429
626 702 391
814 702 204
814 678 1060
626 678 899
765 678 865
611 678 784
646 678 580
483 814 367
188 814 800
188 765 839
483 765 17
227 765 12
483 646 1046
432 646 980
227 646 724
69 646 414
483 626 1046
432 626 980
134 626 855
227 626 724
483 611 1046
432 611 980
134 611 855
227 611 318
333 432 908
300 432 887
139 432 775
375 432 706
415 432 187
139 483 931
333 483 821
300 483 328
300 69 186
368 69 25
139 227 651
300 227 588
273 227 419
368 227 416
333 227 342
333 134 978
139 134 935
300 134 496
368 134 377
273 134 272
368 188 696
273 188 590
333 188 576
139 188 407
300 188 273
375 188 234
408 333 935
88 333 335
307 333 306
411 333 286
408 300 1130
307 300 568
441 300 526
90 300 308
411 300 286
307 368 710
411 368 668
90 368 499
408 368 404
88 368 228
408 273 856
88 273 337
411 273 325
90 273 315
436 375 554
441 375 473
90 375 314
441 139 735
408 139 708
411 139 668
90 139 551
408 415 1023
436 415 569
307 415 278
441 415 161
208 90 1
391 88 112
391 411 767
208 411 462
303 411 460
298 411 439
267 411 424
391 441 767
208 441 462
303 441 208
264 307 822
391 307 754
303 307 488
208 307 406
267 307 323
208 408 840
298 408 707
267 408 424
391 408 191
298 436 707
208 436 580
267 436 424
303 436 208
214 208 1057
408 208 992
388 208 652
340 208 305
389 391 792
408 391 567
346 391 391
408 303 816
346 303 243
389 303 243
389 264 1098
346 264 1048
379 264 303
389 298 570
379 298 497
408 298 156
389 267 975
346 267 975
408 267 517
200 271 1128
101 389 614
101 346 1204
152 214 1209
200 214 988
101 214 560
101 388 914
101 340 529
101 408 1206
101 379 634
