298
601 196 483
438 196 318
704 196 125
338 196 276
27 196 420
601 413 367
438 413 241
115 413 849
704 413 1070
338 413 410
27 413 920
156 413 849
601 420 362
438 420 241
115 420 456
704 420 510
338 420 322
27 420 682
156 420 682
601 427 428
438 427 522
115 427 772
704 427 1070
338 427 476
27 427 729
156 427 729
601 456 452
438 456 241
115 456 497
704 456 497
338 456 513
27 456 956
156 456 890
601 464 367
115 464 772
704 464 1070
338 464 616
27 464 345
156 464 162
601 483 384
438 483 178
115 483 849
704 483 502
338 483 552
27 483 849
156 483 319
601 519 393
438 519 241
115 519 739
704 519 739
338 519 148
27 519 888
156 519 888
601 521 367
438 521 223
115 521 849
704 521 1070
338 521 410
27 521 920
156 521 368
601 527 620
438 527 163
115 527 849
704 527 418
338 527 410
27 527 869
156 527 212
601 563 620
438 563 241
115 563 772
704 563 936
27 563 861
156 563 861
601 628 620
438 628 241
115 628 513
704 628 451
338 628 334
27 628 693
156 628 693
601 637 393
438 637 241
115 637 408
704 637 348
338 637 581
27 637 880
156 637 880
601 641 367
438 641 513
115 641 586
704 641 586
338 641 274
27 641 345
156 641 162
601 698 620
438 698 611
115 698 308
704 698 611
27 698 430
156 698 507
601 733 367
438 733 241
115 733 634
704 733 634
338 733 319
27 733 907
156 733 890
601 738 620
438 738 241
115 738 420
704 738 542
338 738 274
27 738 756
156 738 756
601 939 310
115 939 36
27 939 668
601 955 379
438 955 571
338 955 1
156 955 449
438 980 700
717 601 878
718 601 869
626 601 852
611 601 711
646 601 363
138 601 187
718 438 665
138 438 540
646 438 395
626 438 389
611 438 340
717 438 212
718 115 396
717 115 564
718 704 349
646 704 584
717 704 773
611 704 189
626 704 76
718 338 818
611 338 692
626 338 555
646 338 431
138 338 406
717 338 278
626 27 493
717 27 1071
646 156 19
718 156 166
138 156 10
215 138 307
432 718 150
458 718 379
463 718 18
463 646 1137
483 646 1045
432 646 979
458 646 768
211 646 663
215 646 491
463 626 1137
483 626 1045
432 626 979
458 626 768
211 626 663
463 611 1137
483 611 1045
432 611 979
458 611 768
211 611 530
483 717 488
211 717 1251
215 717 127
333 458 773
139 458 659
264 458 534
39 458 432
308 458 431
412 458 411
413 458 391
308 220 981
412 220 583
264 220 444
139 483 882
333 483 716
413 483 168
412 483 272
264 483 6
333 432 773
139 432 659
39 432 614
264 432 534
308 432 431
412 432 411
413 432 391
308 215 1235
264 215 483
308 211 1235
413 211 737
139 211 607
264 211 504
333 211 308
412 211 308
333 463 766
139 463 659
264 463 534
412 463 411
413 463 391
39 463 225
408 333 952
193 333 423
411 333 377
364 333 371
411 308 1058
241 308 835
364 308 692
433 308 521
17 308 459
193 308 423
408 308 372
408 413 1187
433 413 245
193 413 216
364 413 165
364 139 840
411 139 716
408 139 609
433 139 352
193 139 337
411 264 581
193 264 423
364 264 371
17 39 1297
408 412 971
241 412 668
411 412 651
433 412 350
17 412 238
264 364 850
391 364 699
168 364 371
437 364 344
208 364 281
391 411 685
208 411 659
267 411 420
437 411 408
208 408 935
267 408 423
208 433 1300
267 433 544
391 433 508
168 17 1291
267 17 52
437 17 260
168 193 1112
437 193 1057
267 193 637
264 193 578
391 193 313
208 193 274
437 241 1004
168 241 1004
391 241 699
267 241 637
264 241 578
208 241 281
388 208 998
342 208 998
340 208 365
379 264 470
342 264 321
388 437 1123
340 437 1097
342 437 1097
343 437 640
349 437 544
379 391 380
388 391 377
342 391 350
379 267 470
388 168 1170
340 168 1084
342 168 632
101 343 1036
69 343 1009
101 349 1294
69 349 853
134 349 778
134 342 1300
69 342 853
134 388 1188
101 388 858
69 388 622
134 340 794
134 379 1201
