327
137 392 781
782 392 678
212 392 823
584 392 377
787 392 510
111 392 205
104 392 1028
137 514 254
782 514 254
212 514 823
584 514 377
787 514 510
111 514 244
665 514 150
104 514 1028
137 573 348
782 573 573
212 573 823
584 573 377
787 573 510
111 573 231
665 573 155
104 573 1028
137 643 288
782 643 459
212 643 823
584 643 575
787 643 510
111 643 178
665 643 498
104 643 1028
137 686 552
782 686 552
212 686 823
584 686 377
787 686 510
111 686 244
665 686 181
104 686 1028
137 702 139
782 702 578
212 702 823
584 702 534
787 702 510
111 702 244
665 702 240
104 702 1028
137 747 355
782 747 477
212 747 823
584 747 377
787 747 510
111 747 383
665 747 383
104 747 1028
137 765 462
782 765 489
212 765 823
584 765 489
787 765 510
111 765 166
665 765 242
104 765 1028
137 803 244
782 803 186
212 803 231
584 803 369
787 803 240
111 803 647
665 803 355
104 803 533
137 855 514
782 855 298
212 855 650
584 855 663
787 855 176
111 855 501
665 855 390
104 855 778
137 867 514
782 867 802
212 867 583
584 867 622
787 867 264
111 867 264
665 867 216
104 867 199
782 289 1138
212 289 593
787 289 867
782 774 298
212 774 658
584 774 511
787 774 294
111 774 338
665 774 173
104 774 401
782 832 939
584 832 398
787 832 176
665 832 570
104 832 745
212 107 697
584 107 406
111 107 328
665 107 39
769 137 1007
686 137 859
767 137 197
812 137 4
631 137 1
769 782 689
358 782 66
812 782 857
801 782 291
820 782 5
827 782 5
358 212 1193
812 212 884
631 584 793
686 584 773
827 584 678
358 584 646
820 584 507
767 584 447
769 584 313
812 584 240
801 584 205
827 787 388
801 787 78
769 787 2
358 111 465
812 111 361
631 111 19
686 111 66
801 111 18
686 665 764
827 665 678
820 665 469
769 665 356
801 665 218
358 665 190
631 665 152
767 665 146
769 104 403
686 104 463
820 104 908
497 820 873
469 820 193
402 820 10
1 820 213
279 820 6
158 820 1
402 769 879
293 769 999
279 769 332
52 769 161
469 769 71
1 769 7
158 801 601
279 801 56
497 767 92
402 767 139
158 767 206
402 827 538
158 827 1013
469 827 13
279 827 2
52 812 658
279 812 340
158 812 457
402 812 41
463 686 1274
469 686 618
402 686 602
52 686 556
497 686 492
158 686 437
279 686 436
293 686 406
463 631 1248
402 631 867
279 631 436
293 631 261
497 631 210
52 631 207
1 631 168
279 358 1048
463 358 790
158 358 370
469 358 318
52 358 205
402 358 194
94 1 584
265 1 223
413 1 93
55 402 1103
413 402 952
375 402 807
50 402 492
412 469 424
413 469 211
55 469 246
72 279 823
94 279 684
50 279 640
412 279 638
375 279 282
413 279 225
72 497 62
50 293 792
413 293 601
55 293 582
94 293 575
72 293 481
412 293 431
375 293 346
94 158 741
50 158 674
72 158 668
413 158 448
375 158 444
415 158 444
50 52 283
72 52 513
375 52 1
375 463 1298
415 463 594
413 463 545
412 463 350
50 463 314
94 463 179
55 463 156
175 50 298
408 50 79
402 375 962
311 375 604
436 375 506
398 375 368
175 94 21
250 94 637
175 265 542
408 265 453
433 265 430
311 265 426
250 265 414
408 413 1097
436 413 1086
398 413 1083
402 413 1010
433 413 331
250 413 313
175 413 172
175 72 141
433 55 573
408 55 32
436 412 942
398 412 942
402 412 942
408 412 771
433 412 382
250 412 211
175 412 192
408 415 837
436 415 706
398 415 706
402 415 706
433 415 331
229 175 981
233 175 964
208 175 607
298 175 591
362 175 229
360 175 181
208 402 1292
362 402 905
298 402 840
360 402 669
233 402 211
229 402 174
208 408 1065
362 408 905
298 408 793
229 408 356
233 408 252
208 311 1134
360 311 404
229 311 322
208 433 1300
233 433 845
229 433 356
362 433 167
362 250 1123
360 250 555
298 250 299
229 250 299
208 250 271
362 398 905
208 398 613
233 398 527
229 398 356
360 398 222
233 436 1037
208 436 899
298 436 840
229 436 245
214 208 1114
320 208 457
374 208 355
214 360 423
336 229 872
355 229 667
374 229 450
336 233 250
374 298 914
355 298 335
214 362 719
242 362 284
134 242 638
101 320 1050
101 377 705
101 355 1092
134 336 1293
101 336 1267
101 374 930
134 214 1099
101 214 566
