292
601 334 353
636 334 426
702 334 67
601 496 528
668 496 402
678 496 326
634 496 390
581 496 370
636 496 365
702 496 378
601 498 319
668 498 653
678 498 350
634 498 252
581 498 396
636 498 365
702 498 378
601 530 396
668 530 653
678 530 292
581 530 292
636 530 365
702 530 378
601 542 254
668 542 653
678 542 395
634 542 288
581 542 579
636 542 365
702 542 378
601 566 572
668 566 321
678 566 493
634 566 216
581 566 493
636 566 271
702 566 271
601 572 528
668 572 406
678 572 627
634 572 417
581 572 790
636 572 617
702 572 443
601 610 528
668 610 581
678 610 423
634 610 390
581 610 581
636 610 365
702 610 378
601 664 528
668 664 653
678 664 194
634 664 390
581 664 370
636 664 439
702 664 465
601 695 282
668 695 483
634 695 390
581 695 185
636 695 348
702 695 490
601 795 567
678 795 447
634 795 317
581 795 953
636 795 215
601 811 334
634 811 533
581 811 380
636 811 533
702 811 318
601 817 765
668 817 246
678 817 490
634 817 232
581 817 879
636 817 246
702 817 318
601 847 296
668 847 191
678 847 185
634 847 598
581 847 542
636 847 231
702 847 318
601 851 725
678 851 635
634 851 304
581 851 930
636 851 202
702 851 373
601 870 326
678 870 490
634 870 317
581 870 664
636 870 254
702 870 373
601 882 609
668 882 494
678 882 170
634 882 644
581 882 388
636 882 287
702 882 494
668 72 186
702 72 1
668 194 784
581 194 592
678 41 686
643 601 1142
626 601 753
627 601 742
611 601 642
796 601 400
643 668 1142
627 668 742
611 668 580
796 668 437
626 668 298
643 678 1142
611 678 626
626 678 626
796 678 581
627 678 389
643 634 742
796 634 617
627 634 369
626 634 369
611 634 283
643 581 1142
796 581 615
611 581 597
627 581 370
626 581 140
643 636 1142
626 636 736
627 636 674
611 636 642
796 636 438
643 702 1142
796 702 615
611 702 580
627 702 576
626 702 323
463 643 1127
41 643 689
458 643 527
370 643 480
483 643 477
1 643 451
56 643 339
463 627 1245
41 627 1142
1 627 1006
483 627 591
458 627 547
56 627 301
56 796 693
370 796 878
483 796 502
1 796 181
458 796 5
41 626 1203
463 626 1058
483 626 1020
458 626 547
370 626 502
56 626 291
463 611 1058
483 611 1020
41 611 689
458 611 547
370 611 502
56 611 291
87 1 377
94 1 692
129 1 479
333 458 837
87 458 830
264 458 572
139 458 568
375 458 304
333 483 773
139 483 749
94 483 25
264 483 8
94 370 1134
87 370 1109
129 370 444
333 370 444
139 370 375
264 41 2
415 41 3
375 41 62
87 56 1010
139 56 1
375 463 1297
333 463 678
264 463 572
139 463 568
415 463 319
94 463 257
408 333 1030
307 333 551
355 333 416
112 333 298
411 333 293
364 333 279
88 333 220
112 87 1238
411 87 6
411 94 166
307 94 34
307 129 773
364 129 544
411 129 533
442 129 489
408 129 222
364 139 794
408 139 722
411 139 541
355 139 400
307 139 343
112 139 298
355 264 623
411 264 427
442 375 1263
355 375 391
364 375 366
408 415 1135
355 415 782
264 364 826
391 364 621
289 364 576
298 364 456
208 364 352
208 411 858
298 411 624
391 411 595
391 88 129
416 307 1039
208 307 983
264 307 826
289 307 594
391 307 573
416 112 478
208 408 1203
416 408 949
298 408 782
391 408 248
208 442 1295
416 442 949
298 442 947
208 355 1102
264 355 822
416 355 800
289 355 585
391 355 573
408 208 1207
214 208 1204
326 208 358
374 208 339
389 391 900
408 391 810
326 391 352
214 416 1177
374 416 867
326 416 368
389 264 1221
408 264 342
374 298 905
389 298 596
408 298 404
326 298 404
408 289 1074
326 289 801
214 289 627
389 289 580
133 389 950
101 382 1222
96 382 843
101 374 1149
133 374 699
101 214 668
101 326 1300
133 326 719
101 408 1298
133 408 889
96 408 843
