153
788 171 1018
788 391 401
769 391 868
770 391 622
376 391 397
581 391 868
788 494 892
769 494 898
770 494 622
376 494 125
581 494 987
788 506 536
769 506 883
770 506 461
376 506 270
581 506 536
788 566 441
769 566 842
770 566 532
376 566 295
581 566 987
788 605 892
769 605 898
770 605 532
376 605 343
581 605 1105
788 851 723
769 851 619
770 851 307
376 851 605
581 851 1158
788 870 409
769 870 852
770 870 324
376 870 605
581 870 986
788 881 648
769 881 534
770 881 472
581 881 883
788 886 723
769 886 852
770 886 372
581 886 986
788 893 648
769 893 364
770 893 472
376 893 605
581 893 870
788 921 817
769 921 715
770 921 167
581 921 342
769 1017 1148
581 1017 920
643 788 71
651 788 3
709 769 1058
709 770 589
730 376 788
709 376 788
651 376 748
643 376 682
643 581 1221
709 581 970
730 581 852
651 581 812
470 709 148
469 709 132
164 709 15
424 643 972
403 643 435
164 643 261
469 643 230
469 730 1094
470 730 37
424 730 2
470 651 881
403 651 861
469 651 445
424 651 209
477 424 1263
509 424 828
216 424 615
373 424 470
477 403 1263
216 403 836
413 403 652
509 403 594
477 469 1125
413 469 100
216 469 573
509 164 1060
477 164 934
373 164 372
216 164 265
373 470 52
509 470 8
433 509 4
217 509 2
408 413 1148
433 413 627
175 413 518
175 373 1261
408 373 1234
255 373 537
217 373 409
217 477 340
255 477 407
175 216 1149
408 216 1149
433 216 659
255 216 659
229 175 1139
310 175 1000
208 175 296
229 217 1139
310 217 1000
208 217 871
335 217 539
208 408 670
310 408 641
229 408 584
335 408 253
208 433 1300
310 433 641
229 433 584
335 433 244
229 255 807
310 255 797
335 255 539
208 255 320
408 208 1154
326 208 351
348 229 904
336 229 759
355 229 603
326 229 426
336 310 759
348 310 301
408 310 292
377 310 275
408 335 1201
326 335 812
377 335 682
101 377 818
101 336 1294
101 355 1090
101 326 1299
101 408 1299
96 408 841
101 348 1043
96 348 1024
