217
575 483 648
482 483 166
149 483 605
419 483 451
485 483 495
613 483 421
595 483 659
575 550 569
482 550 376
149 550 638
419 550 511
613 550 336
595 550 376
575 780 586
482 780 372
149 780 1151
419 780 385
485 780 447
595 780 621
575 782 329
482 782 337
149 782 1010
419 782 662
485 782 251
613 782 541
595 782 621
575 784 394
482 784 194
149 784 1010
419 784 385
485 784 194
595 784 621
575 831 104
482 831 372
149 831 780
419 831 385
485 831 332
595 831 621
575 839 283
482 839 245
149 839 1010
419 839 385
485 839 174
613 839 136
595 839 621
575 844 394
482 844 695
149 844 941
419 844 662
485 844 698
595 844 621
575 877 586
482 877 195
149 877 569
419 877 385
485 877 134
613 877 464
595 877 618
575 887 239
482 887 388
149 887 950
419 887 385
485 887 388
613 887 541
595 887 621
482 392 303
149 392 891
419 392 419
485 392 537
613 392 157
595 392 415
79 575 1222
742 575 1222
606 575 609
605 575 609
690 575 422
742 482 1286
79 482 1261
606 482 496
690 482 422
605 482 224
742 149 1268
79 149 1178
690 149 332
742 419 1280
79 419 1261
606 419 683
690 419 255
742 485 668
79 485 634
606 485 603
605 485 603
690 485 320
742 613 1281
79 613 1249
690 613 342
605 613 288
742 595 1283
79 595 1252
605 595 534
690 595 182
322 742 1226
140 742 1001
364 742 1026
457 742 794
469 742 12
322 606 1198
364 606 1076
469 606 825
457 606 735
234 606 669
140 606 497
322 79 1232
364 79 1267
234 79 435
469 79 72
322 690 934
469 690 825
364 690 710
457 690 566
457 605 903
469 605 825
322 605 803
364 605 710
234 605 669
394 140 893
387 140 893
375 140 351
422 140 244
375 457 1239
387 457 1014
394 457 1013
415 457 155
39 457 138
387 234 1211
394 234 1203
39 234 985
375 234 308
422 469 1114
387 364 1211
39 364 1208
394 364 1203
422 364 649
39 322 1237
387 322 1103
394 322 1103
375 322 258
416 422 896
365 422 350
309 422 115
17 375 775
416 375 719
320 375 572
17 39 1299
416 394 955
320 394 289
193 394 271
416 387 955
320 387 563
193 387 293
416 415 673
365 415 456
309 415 409
320 415 402
415 365 933
437 365 812
436 365 812
208 365 385
415 17 984
436 17 695
437 17 393
415 309 788
437 309 365
436 309 365
436 320 987
437 320 987
415 320 933
208 320 516
424 320 187
437 193 1165
436 193 1153
415 193 939
424 193 651
208 193 183
415 416 470
437 416 413
424 416 358
208 416 315
388 208 1081
340 208 432
330 208 432
379 424 1052
385 424 1047
388 424 459
330 424 459
340 424 251
388 436 1180
330 436 1174
379 436 1020
340 436 821
388 437 1234
340 437 1195
385 437 1090
330 437 1084
340 415 1264
388 415 1263
330 415 1084
385 415 215
69 330 1106
101 330 921
134 330 749
134 379 1190
134 340 833
134 388 1138
101 388 780
69 388 670
69 385 1061
