276
337 293 568
680 293 650
637 293 2
337 432 577
668 432 498
703 432 429
150 432 371
680 432 567
323 432 438
636 432 304
637 432 488
337 498 577
668 498 498
703 498 837
150 498 211
680 498 567
323 498 438
636 498 304
637 498 539
337 511 577
668 511 704
703 511 837
150 511 743
680 511 443
323 511 637
636 511 285
637 511 279
337 518 577
668 518 498
703 518 710
150 518 255
680 518 567
323 518 526
636 518 304
637 518 279
337 542 577
668 542 498
703 542 730
150 542 312
680 542 443
323 542 526
636 542 285
637 542 412
337 559 577
668 559 500
703 559 837
150 559 302
680 559 500
323 559 224
636 559 491
637 559 279
337 598 462
668 598 704
703 598 326
150 598 904
680 598 567
323 598 637
636 598 304
637 598 279
337 601 577
668 601 551
703 601 837
150 601 139
680 601 570
323 601 526
636 601 285
637 601 279
337 664 577
668 664 498
703 664 837
150 664 255
680 664 443
323 664 224
636 664 418
637 664 279
337 675 577
668 675 498
703 675 837
680 675 567
323 675 438
636 675 304
637 675 279
337 677 577
668 677 498
703 677 490
150 677 165
680 677 567
323 677 438
636 677 304
637 677 279
337 740 577
668 740 501
703 740 343
150 740 365
680 740 654
323 740 438
636 740 304
637 740 279
337 778 153
668 778 143
703 778 826
150 778 326
680 778 367
636 778 873
637 778 825
668 939 3
150 939 926
668 337 774
815 337 774
764 337 729
692 337 362
764 668 928
643 668 756
815 668 615
605 668 427
692 668 261
668 668 238
764 703 861
692 703 847
815 703 615
605 703 427
668 703 259
158 703 195
668 150 125
815 680 1255
643 680 614
668 680 430
764 680 301
692 680 261
605 680 203
815 323 794
692 323 794
764 323 565
158 323 542
668 323 493
605 323 458
643 636 756
815 636 727
668 636 430
605 636 427
692 636 261
764 636 194
815 637 1147
158 637 706
764 637 649
668 637 628
692 637 495
643 637 433
605 637 291
463 692 1291
469 692 895
91 692 278
54 668 1045
41 668 924
91 668 789
35 668 505
469 668 377
463 643 1279
41 643 688
54 643 578
1 643 498
469 643 217
463 764 82
91 764 45
35 764 2
35 815 521
91 815 611
469 815 55
41 605 1030
35 605 954
1 605 932
469 605 861
54 605 578
463 605 474
91 605 278
469 158 1266
1 158 16
91 158 89
94 1 777
129 1 645
412 54 83
94 54 1231
313 54 60
361 91 386
94 91 80
313 469 1177
412 469 698
412 41 366
375 41 64
415 41 17
129 35 368
313 35 50
375 463 1296
313 463 825
415 463 684
412 463 389
94 463 270
361 463 244
39 463 159
250 94 693
175 94 4
365 129 846
175 129 715
192 129 658
17 129 658
416 129 420
408 129 351
416 375 544
17 375 515
385 375 380
192 375 232
17 39 1300
175 39 569
385 39 30
385 361 616
192 361 447
408 361 289
17 313 916
365 313 909
192 313 873
416 313 356
408 313 308
175 313 227
385 412 1011
408 412 848
192 412 592
17 412 245
408 415 1117
385 415 804
416 415 653
192 415 592
365 415 497
233 175 1155
298 175 909
358 175 891
208 175 471
362 175 261
362 365 1039
298 365 794
208 365 414
358 365 244
362 408 1037
208 408 1032
358 408 920
298 408 808
233 408 188
208 385 1211
233 385 842
298 385 510
358 385 414
362 250 1226
358 250 840
208 250 291
298 250 282
298 17 7
358 17 31
298 192 673
233 192 391
362 416 1113
233 416 1082
358 416 920
298 416 436
208 416 436
388 208 769
340 208 464
324 208 460
340 358 465
340 233 856
382 298 276
388 298 266
340 362 390
96 382 807
133 324 1004
96 324 807
133 340 1300
96 388 807
