132
559 105 655
376 105 580
270 105 727
559 427 449
273 427 426
769 427 759
376 427 759
270 427 387
559 574 449
273 574 1094
769 574 716
376 574 759
270 574 354
559 649 449
273 649 867
769 649 808
376 649 707
270 649 417
559 655 449
273 655 1094
769 655 749
376 655 667
270 655 354
559 677 836
273 677 426
769 677 894
376 677 346
270 677 227
559 714 449
273 714 692
769 714 716
376 714 759
270 714 166
559 738 449
273 738 1050
769 738 894
376 738 759
270 738 354
559 794 198
769 794 533
376 794 176
270 794 788
709 559 1203
651 559 1151
578 559 1120
605 559 617
709 273 1148
651 273 1134
578 273 959
605 273 757
605 769 704
709 769 1293
709 376 1065
578 376 967
651 376 882
605 376 864
709 270 990
651 270 936
578 270 881
605 270 757
469 709 178
192 709 72
258 709 62
469 651 823
414 651 801
258 651 477
469 578 1128
192 578 708
414 578 697
258 578 478
469 605 1254
192 605 708
414 605 675
258 605 477
413 258 1193
477 258 660
402 258 633
337 258 510
337 469 912
477 469 887
413 469 232
402 469 1
413 192 1193
337 192 882
477 192 758
402 192 532
413 414 867
477 414 712
402 414 614
465 337 1086
408 337 840
433 337 667
175 337 600
345 337 449
408 413 1205
465 413 912
175 413 515
433 413 510
345 477 1245
465 477 109
175 477 4
433 402 1176
408 402 910
465 402 402
175 402 246
229 175 1022
310 175 924
264 175 816
202 175 349
339 175 281
339 408 684
310 408 502
229 408 429
202 408 156
310 433 502
229 433 429
339 433 292
202 433 186
339 345 861
310 345 527
229 345 480
202 345 349
339 465 4
345 202 708
345 264 671
345 229 537
374 229 413
345 310 537
397 339 463
70 397 884
70 345 740
70 374 925
