177
728 464 920
1 464 227
813 464 750
562 464 521
818 464 920
728 475 1163
1 475 306
813 475 991
562 475 807
818 475 473
728 491 1135
813 491 991
562 491 396
818 491 694
728 503 1140
813 503 991
562 503 814
818 503 956
728 525 789
1 525 272
813 525 732
562 525 440
818 525 215
728 582 1109
1 582 462
813 582 991
562 582 349
818 582 215
728 583 1157
1 583 487
813 583 991
562 583 807
818 583 469
728 618 633
1 618 364
813 618 1009
562 618 1090
818 618 633
728 625 930
1 625 376
813 625 1009
562 625 1035
818 625 215
728 667 876
1 667 190
813 667 732
562 667 247
818 667 392
727 728 1221
698 728 70
610 1 1171
787 1 1281
597 1 6
787 813 318
727 813 1161
787 562 1083
597 562 952
698 562 787
727 562 522
610 562 319
727 818 162
177 698 933
217 698 923
518 698 768
208 698 513
147 698 163
217 787 1250
208 787 240
518 597 1022
217 597 923
177 597 667
208 597 642
147 597 263
147 610 1031
518 610 1022
177 610 663
208 610 642
147 727 1044
217 727 102
177 727 26
403 208 697
390 208 487
216 208 283
321 208 264
403 518 75
321 518 750
403 177 728
216 177 283
321 177 264
321 217 890
403 217 632
375 217 447
216 217 283
321 147 890
375 147 786
390 147 640
403 147 632
216 147 404
402 375 1130
436 375 524
232 375 294
232 403 1059
396 403 911
436 403 436
402 403 436
408 403 361
175 403 326
232 321 886
402 321 863
436 321 656
175 321 404
408 216 1177
175 216 1171
232 216 708
436 216 657
402 216 526
402 390 1201
232 390 1117
396 390 911
408 390 361
175 390 320
402 414 1145
436 414 1025
396 414 899
232 414 899
175 414 498
408 414 361
233 175 1050
255 175 1050
310 175 923
208 175 520
140 175 432
140 396 1235
208 396 1136
255 396 1117
233 396 1095
140 402 1300
208 402 1299
255 402 315
310 402 305
233 402 261
140 436 1156
208 436 1156
233 436 1032
255 436 831
310 436 305
310 232 826
140 232 522
233 232 426
208 408 1052
140 408 973
255 408 768
233 408 699
310 408 529
312 208 703
340 208 529
330 208 529
238 140 1030
349 255 214
330 233 781
340 233 672
312 233 595
379 233 562
349 233 325
379 310 562
349 310 285
330 310 197
340 310 197
69 330 959
134 330 869
69 415 996
152 312 1289
134 340 810
69 349 959
134 349 869
134 379 1170
152 238 1300
