138
601 153 586
355 153 672
365 153 220
601 388 436
355 388 436
365 388 935
360 388 541
229 388 1257
601 421 696
355 421 731
365 421 731
360 421 549
229 421 1257
601 434 370
355 434 156
365 434 935
360 434 557
229 434 1257
601 448 696
355 448 241
365 448 440
360 448 241
229 448 1257
601 479 327
355 479 269
365 479 430
360 479 164
229 479 1257
601 540 375
355 540 178
365 540 648
360 540 868
229 540 845
601 605 592
355 605 265
365 605 584
229 605 1257
601 641 679
355 641 443
365 641 259
360 641 697
229 641 697
601 643 325
355 643 785
365 643 1051
360 643 666
229 643 1257
601 872 161
355 872 385
365 872 653
360 872 467
229 872 363
355 28 27
355 321 416
360 321 3
355 988 142
229 172 13
691 601 1275
611 601 764
790 601 744
691 355 1269
790 355 1268
611 355 645
790 365 1096
691 365 855
611 365 799
691 360 1163
790 360 1163
611 360 438
691 229 1233
790 229 1290
191 790 1225
321 790 623
458 790 409
191 691 1074
483 691 1025
458 691 703
483 611 1275
458 611 1219
191 611 214
333 458 1153
16 458 1116
264 458 923
234 458 743
333 483 1070
16 483 728
264 483 15
234 483 45
16 191 1295
264 191 945
333 191 812
234 191 224
16 321 1295
264 321 446
333 321 386
405 333 1258
408 333 844
411 333 785
364 333 770
405 16 816
364 16 940
411 16 205
405 234 1127
408 234 844
364 234 770
411 234 396
411 264 1095
364 264 770
405 264 744
307 411 932
267 411 354
208 411 304
264 364 891
267 364 341
307 405 831
267 405 603
208 405 179
208 408 739
267 408 603
349 307 299
323 307 299
374 208 326
323 267 685
323 264 654
336 264 322
101 323 1198
69 343 1099
101 343 1055
101 349 1288
69 349 1063
134 349 893
134 336 1299
101 336 1288
69 336 1265
69 355 1297
101 355 1114
101 374 893
69 374 739
