196
494 416 458
149 416 418
646 416 277
186 416 325
812 416 1229
485 416 165
494 727 556
149 727 418
646 727 555
186 727 785
812 727 1229
485 727 501
494 779 338
149 779 919
646 779 716
186 779 211
812 779 697
485 779 894
494 786 379
149 786 486
646 786 403
186 786 359
812 786 1139
485 786 894
494 825 412
149 825 258
646 825 258
812 825 412
485 825 775
494 844 701
149 844 264
186 844 447
812 844 955
485 844 775
494 854 501
149 854 486
646 854 154
812 854 888
485 854 894
494 864 419
149 864 486
646 864 713
812 864 697
485 864 894
149 293 349
186 293 349
812 293 1228
149 361 5
646 361 326
186 361 715
812 361 1242
149 776 486
646 776 716
812 776 697
485 776 894
149 879 919
646 879 295
186 879 436
812 879 885
485 879 331
149 997 36
646 997 593
812 997 1196
485 997 117
742 494 1197
79 494 1197
605 494 1036
636 494 348
796 494 318
636 149 281
79 149 1064
742 149 1153
742 646 1215
79 646 1206
605 646 816
636 646 306
796 646 190
742 186 122
79 812 280
796 812 367
636 812 47
79 485 622
636 485 396
742 485 366
796 485 337
605 485 328
413 636 875
1 636 831
494 636 817
322 636 632
469 636 547
364 636 547
322 742 1086
364 742 984
494 742 296
469 742 44
364 79 1241
322 79 1026
469 79 140
494 79 678
1 79 98
413 796 136
1 796 237
494 605 1113
413 605 1077
469 605 802
1 605 721
364 605 582
322 605 300
87 1 392
130 494 570
402 413 953
87 413 574
192 413 249
39 413 246
192 469 289
402 469 10
130 364 1213
39 364 1134
87 364 698
192 364 312
402 364 201
415 364 195
130 322 1213
39 322 1134
87 322 391
402 322 261
320 192 1230
175 192 844
208 192 805
17 192 790
193 192 362
309 192 205
320 87 19
17 39 1297
175 39 414
309 402 644
208 402 554
320 402 225
175 402 81
320 130 1190
17 130 765
175 130 696
208 130 294
309 130 294
309 415 702
208 415 594
320 415 225
298 208 833
168 208 694
415 208 331
208 208 267
298 175 875
168 175 341
208 175 277
168 17 1296
415 17 773
298 17 6
415 309 518
298 309 500
168 309 406
168 320 854
415 320 720
298 320 663
208 320 651
424 320 170
168 193 1108
415 193 832
424 193 459
298 193 196
208 193 195
388 208 980
324 208 713
340 208 459
379 424 956
385 424 934
388 424 424
324 424 424
340 424 222
388 415 1259
340 415 1232
324 415 1219
385 415 292
379 298 743
385 298 613
340 298 198
324 298 198
324 168 1134
340 168 1206
388 168 1210
133 379 1080
95 324 1288
133 324 1005
95 385 792
133 340 1300
95 388 1288
