304
695 386 638
657 386 370
59 386 398
736 386 638
785 386 424
623 386 336
655 386 499
695 481 441
657 481 567
59 481 440
736 481 347
785 481 836
623 481 188
655 481 310
695 510 449
657 510 471
59 510 398
736 510 481
785 510 702
623 510 270
655 510 270
695 531 449
657 531 302
59 531 336
736 531 570
785 531 742
623 531 359
655 531 503
695 558 638
657 558 370
59 558 202
736 558 874
785 558 553
623 558 359
655 558 446
695 640 638
657 640 650
59 640 604
736 640 1034
785 640 650
623 640 269
655 640 446
695 644 229
657 644 471
59 644 406
736 644 229
785 644 176
623 644 422
655 644 422
695 652 638
657 652 370
59 652 493
736 652 1007
785 652 389
623 652 389
655 652 446
695 703 451
657 703 334
59 703 556
736 703 501
785 703 559
623 703 336
655 703 503
695 763 638
657 763 472
59 763 398
736 763 917
785 763 185
623 763 532
655 763 486
695 772 157
657 772 735
59 772 446
736 772 204
785 772 743
623 772 735
655 772 731
695 781 707
59 781 289
736 781 238
785 781 802
623 781 269
655 781 631
695 798 264
657 798 946
59 798 289
785 798 690
623 798 1053
655 798 615
695 808 935
657 808 870
59 808 265
736 808 426
785 808 162
623 808 870
655 808 615
695 812 764
657 812 702
59 812 220
736 812 238
785 812 468
623 812 702
655 812 615
695 833 764
657 833 946
59 833 220
736 833 666
785 833 468
623 833 1020
655 833 615
695 845 474
657 845 199
736 845 506
785 845 416
623 845 170
655 845 631
695 883 304
657 883 467
59 883 265
736 883 381
785 883 304
655 883 731
657 468 497
59 468 556
736 468 501
785 468 366
623 468 374
655 468 247
657 697 230
59 697 366
736 697 315
785 697 838
623 697 405
655 697 415
657 823 778
59 823 265
736 823 411
785 823 219
623 823 778
655 823 615
657 892 946
59 892 379
736 892 482
785 892 756
623 892 978
655 892 615
830 695 1136
631 695 1130
796 695 453
617 695 453
668 695 372
801 695 304
801 657 1028
830 657 926
631 657 720
617 657 495
668 657 337
796 657 295
668 59 325
830 59 58
617 59 3
801 736 1113
796 736 285
830 736 752
617 736 2
801 785 725
830 785 711
668 785 1
617 623 1130
631 623 996
801 623 427
796 623 414
830 623 399
668 623 324
631 655 995
830 655 688
801 655 536
668 655 372
796 655 342
617 655 248
244 668 1171
68 668 1159
54 668 1015
457 668 915
456 668 125
244 796 93
457 796 91
54 796 1
481 801 1134
244 801 902
54 801 1077
68 801 558
457 801 159
244 830 354
481 830 1290
54 830 27
68 830 16
456 830 2
68 631 1276
457 631 642
456 631 475
481 631 437
481 617 1089
457 617 1063
456 617 703
54 617 316
244 617 299
68 617 266
94 54 1246
220 54 660
375 456 946
307 456 503
94 456 449
220 456 402
87 456 230
375 481 1300
87 481 42
307 481 54
220 481 138
307 244 1046
375 244 859
94 244 820
87 244 719
220 244 653
375 457 1264
87 457 864
307 457 627
220 457 243
415 457 161
87 68 475
220 68 150
170 94 1172
250 94 845
208 94 1
175 94 4
311 87 72
223 87 14
175 307 1224
311 307 1044
170 307 1035
250 307 896
223 307 305
311 375 960
208 375 185
208 415 742
223 415 211
311 220 1044
170 220 1035
250 220 896
175 220 323
208 220 312
223 220 207
298 208 856
358 208 473
208 208 362
266 208 362
362 208 251
298 175 889
358 175 659
266 175 488
362 175 251
208 175 234
298 170 1246
208 170 575
266 170 552
358 170 173
362 250 1077
358 250 602
208 250 481
266 250 339
298 250 206
208 311 1059
298 311 299
362 223 697
266 223 660
298 223 639
358 223 607
208 223 498
408 208 1068
374 208 476
395 208 476
344 358 1027
395 358 579
395 298 1217
344 298 905
374 298 872
374 266 1237
408 266 1068
395 266 362
344 362 739
374 362 418
395 362 418
101 344 1277
133 344 922
101 382 1123
96 395 781
101 395 731
101 408 1283
133 408 916
96 408 648
101 374 964
133 374 693
133 403 900
96 403 648
