246
390 44 218
339 44 22
613 44 1
779 44 347
390 454 391
339 454 501
558 454 512
764 454 781
779 454 737
75 454 700
390 471 227
339 471 381
558 471 695
764 471 394
613 471 186
779 471 1005
75 471 845
390 661 312
339 661 306
558 661 695
764 661 686
613 661 312
779 661 1033
75 661 334
390 714 318
339 714 501
558 714 313
764 714 723
613 714 193
779 714 1051
75 714 700
390 735 183
339 735 306
558 735 695
764 735 686
613 735 198
779 735 243
75 735 688
390 780 206
339 780 679
558 780 743
764 780 149
779 780 258
75 780 949
390 784 269
339 784 679
558 784 743
764 784 227
613 784 249
779 784 352
75 784 379
390 792 271
339 792 594
558 792 743
764 792 388
613 792 561
75 792 420
390 794 340
339 794 679
558 794 161
764 794 616
613 794 504
779 794 327
75 794 475
390 806 271
339 806 547
558 806 528
764 806 227
613 806 249
779 806 327
75 806 584
390 834 271
339 834 709
558 834 350
764 834 227
613 834 249
779 834 484
75 834 489
390 839 271
339 839 679
558 839 743
764 839 245
613 839 249
75 839 348
390 876 271
558 876 743
764 876 227
613 876 249
779 876 300
75 876 272
390 888 241
339 888 709
558 888 528
764 888 276
613 888 276
779 888 300
75 888 489
339 853 709
558 853 281
764 853 892
779 853 227
75 853 489
558 924 1
75 924 41
75 943 769
796 390 1092
810 390 1090
636 390 379
785 390 362
695 390 347
605 390 325
796 339 847
810 339 847
605 339 446
636 339 394
695 339 342
785 339 342
796 558 789
605 558 763
810 558 536
785 558 533
695 558 445
636 558 232
785 764 56
796 613 798
695 613 570
810 613 430
636 613 401
605 613 219
785 613 159
796 779 1005
810 779 193
785 779 4
796 75 1074
785 75 231
1 810 487
297 810 208
31 810 10
1 636 881
297 636 738
142 636 393
370 636 260
31 636 158
31 796 741
141 796 526
370 796 972
142 796 904
1 796 90
142 695 647
370 695 393
141 695 357
297 695 282
69 695 215
31 695 109
141 785 1098
31 785 6
1 605 692
142 605 647
141 605 357
297 605 309
31 605 205
428 1 645
87 1 615
412 1 1
87 370 1145
422 370 557
412 370 535
428 370 322
39 370 317
87 31 1044
39 31 419
87 69 32
428 297 512
87 297 428
412 297 303
422 297 294
375 297 272
87 141 741
412 141 678
375 141 376
428 141 322
422 141 308
412 142 934
87 142 838
422 142 725
428 142 367
39 142 336
226 422 402
241 422 271
346 422 215
438 422 194
241 412 799
226 412 366
193 412 274
346 412 240
241 428 799
193 428 789
226 428 318
438 428 194
438 87 553
226 87 249
241 87 226
241 375 496
226 375 456
346 375 314
438 375 310
226 39 557
100 39 93
417 438 1186
407 438 520
402 438 389
168 438 265
168 100 297
417 226 1276
402 226 609
407 226 389
168 193 1175
407 193 731
417 193 486
219 193 148
402 193 113
168 346 1213
219 346 848
417 346 654
407 346 494
402 346 246
417 241 1214
168 241 1175
407 241 520
402 241 449
343 402 694
388 402 517
349 402 517
343 417 420
349 417 410
388 417 307
343 407 542
349 407 410
388 407 400
388 168 1180
69 343 956
95 343 783
69 349 884
95 349 824
95 388 1213
69 388 796
