242
466 194 42
668 194 720
224 194 184
466 425 186
668 425 609
353 425 154
224 425 560
42 425 253
799 425 451
787 425 261
338 425 446
466 473 186
668 473 609
353 473 470
224 473 413
42 473 416
799 473 341
787 473 544
338 473 576
466 545 524
668 545 216
353 545 215
224 545 420
42 545 416
799 545 451
787 545 658
338 545 576
466 557 186
668 557 445
224 557 312
42 557 413
799 557 451
787 557 413
338 557 314
466 585 524
668 585 569
224 585 314
42 585 481
799 585 341
787 585 736
338 585 576
466 628 205
668 628 201
224 628 413
42 628 510
799 628 506
787 628 447
338 628 197
466 695 186
668 695 505
353 695 260
224 695 149
42 695 556
799 695 451
787 695 555
338 695 367
466 716 524
668 716 290
353 716 191
42 716 253
799 716 451
787 716 658
338 716 351
668 809 553
353 809 559
224 809 385
42 809 143
787 809 329
338 809 383
668 887 165
353 887 354
224 887 453
42 887 1174
799 887 338
787 887 511
338 887 129
353 109 328
787 109 172
338 109 346
353 132 202
224 132 342
799 132 55
353 264 512
224 264 569
42 264 265
353 987 19
224 987 122
42 987 1149
827 466 976
814 466 758
741 466 744
611 466 481
691 466 465
764 466 251
764 668 966
691 668 937
611 668 656
814 668 635
741 668 419
691 353 778
611 353 617
827 353 536
814 353 536
741 353 496
764 353 226
827 224 984
814 224 1036
741 224 4
764 42 1002
827 42 1269
741 42 296
764 799 199
611 799 17
691 799 2
827 787 649
741 787 427
691 787 121
827 338 1221
814 338 821
611 338 747
764 338 718
691 338 587
741 338 356
169 764 88
463 764 78
35 764 6
313 764 1
522 814 993
1 814 367
483 814 239
169 814 129
313 814 2
522 741 348
169 741 996
483 691 806
169 691 528
522 691 508
463 691 430
1 691 360
313 827 990
522 827 1159
169 827 3
463 611 1139
483 611 1115
35 611 228
169 611 149
522 611 134
129 1 601
16 483 362
412 483 289
333 483 666
172 483 356
139 483 837
300 483 341
18 169 759
129 169 702
16 169 304
172 169 236
18 313 1152
412 313 582
172 313 298
18 35 1260
129 35 421
412 522 1171
333 463 775
412 463 571
139 463 522
300 463 493
408 333 1149
209 333 623
307 333 474
364 333 414
100 333 387
441 333 189
408 300 1221
307 300 732
364 300 535
441 300 367
209 300 364
100 300 287
364 16 567
441 16 660
100 16 4
307 129 777
100 129 712
364 129 698
408 129 501
441 129 441
209 129 278
364 139 965
441 139 846
408 139 832
100 139 345
209 139 345
307 139 341
100 18 830
307 18 201
209 18 5
441 172 842
307 172 732
364 172 730
209 172 211
408 412 1072
209 412 555
307 412 293
441 412 283
264 364 1005
391 364 727
267 364 383
233 364 227
233 100 1
233 441 994
391 441 699
264 307 1035
391 307 688
267 307 544
233 307 544
267 408 497
233 408 337
391 408 302
267 209 276
389 391 1071
348 391 664
346 391 664
343 233 302
349 233 302
348 233 302
389 264 1258
346 264 1207
348 264 1173
348 267 1171
389 267 1171
346 267 1171
101 343 1049
101 349 1292
133 349 1171
133 389 839
101 346 1292
133 346 942
101 348 1166
133 348 1010
96 348 993
