246
511 393 441
665 393 264
362 393 573
762 393 591
795 393 604
721 393 664
511 408 363
665 408 231
362 408 482
762 408 533
795 408 644
721 408 718
511 480 717
665 480 389
362 480 236
762 480 719
795 480 644
721 480 677
511 483 717
665 483 330
762 483 719
795 483 604
721 483 664
511 487 611
665 487 389
362 487 563
762 487 611
795 487 296
721 487 296
511 544 324
665 544 292
362 544 356
762 544 892
795 544 830
721 544 488
511 631 717
665 631 400
362 631 400
762 631 719
795 631 604
721 631 664
511 650 337
665 650 389
362 650 312
762 650 312
795 650 837
721 650 582
511 667 387
665 667 389
362 667 563
762 667 617
795 667 928
721 667 121
511 694 717
665 694 330
362 694 363
762 694 829
795 694 440
721 694 596
511 748 442
665 748 237
362 748 591
762 748 627
795 748 506
721 748 627
511 812 653
665 812 467
362 812 280
762 812 351
721 812 393
511 852 653
665 852 467
362 852 439
762 852 579
795 852 259
721 852 225
511 878 653
665 878 286
762 878 680
795 878 288
721 878 762
785 511 679
752 511 652
257 511 581
787 511 446
823 511 375
295 511 280
747 511 264
821 511 163
823 665 780
752 665 667
747 665 273
821 665 203
785 665 125
821 362 864
747 362 699
785 362 559
257 362 559
752 362 522
295 362 454
787 362 187
823 362 137
257 762 209
295 762 669
747 762 32
823 762 2
785 795 201
257 795 34
821 795 21
752 721 553
821 721 1020
257 721 48
785 721 159
823 721 1
486 747 220
229 823 24
156 787 111
486 821 234
378 821 105
229 821 4
486 295 306
378 295 280
229 295 246
266 295 126
463 295 126
229 752 13
463 752 1
378 752 1
378 785 444
486 785 821
156 785 113
266 785 1
156 257 860
266 257 676
486 257 584
463 257 223
455 266 297
413 266 258
412 266 237
455 156 509
412 156 338
413 156 258
375 156 196
455 229 837
413 229 778
375 229 496
412 229 237
412 486 46
455 378 837
413 378 246
412 378 237
375 463 1115
414 463 1115
390 463 867
415 463 480
413 463 273
412 463 116
408 455 13
436 413 1012
408 413 968
398 413 954
412 413 924
402 413 842
416 413 823
402 375 953
436 375 733
416 375 702
398 375 665
412 375 223
402 390 1073
416 390 1038
412 390 1011
398 390 561
408 390 360
436 390 99
398 412 939
436 412 939
402 412 842
408 412 791
416 412 240
436 414 1012
398 414 954
402 414 873
416 414 688
412 414 525
408 414 360
398 415 791
436 415 791
402 415 791
408 415 731
412 415 592
416 415 592
208 408 905
206 408 901
140 408 851
362 408 780
218 408 675
267 408 276
140 402 1117
208 402 1113
206 402 1058
362 402 780
218 402 675
267 402 276
206 398 1058
362 398 780
140 398 588
208 398 492
206 436 885
208 436 803
140 436 803
218 436 675
267 436 276
206 416 1058
362 416 780
140 416 588
208 416 277
218 416 277
140 412 1026
218 412 675
362 412 290
267 412 276
206 412 221
238 140 886
214 208 957
342 208 698
330 208 346
368 267 582
368 362 678
214 362 580
330 362 335
330 218 1034
355 218 784
415 218 665
342 206 877
368 206 723
152 342 970
69 342 892
69 330 969
69 355 1115
69 415 935
152 368 714
152 214 1117
200 214 1012
152 238 1117
200 238 1012
