250
295 37 838
665 37 135
93 37 442
785 37 1072
781 37 1
729 37 518
295 230 2
665 230 1
785 230 880
781 230 1003
295 415 866
665 415 371
93 415 464
785 415 1060
781 415 426
729 415 855
295 460 866
665 460 383
93 460 724
785 460 936
781 460 509
729 460 882
295 530 443
665 530 238
93 530 750
785 530 805
781 530 471
729 530 805
295 549 866
665 549 371
93 549 624
785 549 1040
781 549 426
729 549 624
295 555 866
665 555 416
93 555 605
785 555 1060
781 555 499
729 555 372
295 579 452
665 579 383
93 579 723
785 579 995
781 579 509
729 579 933
295 622 397
665 622 365
93 622 646
785 622 646
781 622 365
729 622 646
295 656 866
665 656 383
93 656 747
785 656 1009
781 656 702
729 656 570
295 748 542
665 748 406
93 748 714
785 748 747
781 748 379
729 748 747
295 779 769
665 779 325
93 779 662
785 779 741
781 779 424
729 779 273
295 798 674
665 798 502
93 798 891
785 798 599
781 798 424
729 798 244
295 806 769
665 806 453
93 806 289
785 806 687
729 806 392
295 813 226
665 813 243
93 813 867
785 813 895
781 813 715
729 813 256
295 864 267
665 864 453
93 864 536
785 864 895
781 864 623
729 864 273
295 963 363
665 963 343
729 963 61
665 50 157
93 50 834
665 238 482
93 238 773
785 238 15
781 238 393
729 238 677
665 917 491
93 917 3
785 917 290
792 295 1089
732 295 712
776 295 693
796 295 460
777 295 455
743 295 455
743 665 408
776 665 318
732 665 308
777 665 308
792 665 234
777 93 298
732 93 908
743 93 1136
776 93 1201
792 93 439
792 785 361
743 785 5
732 781 529
777 781 380
792 781 9
732 729 466
743 729 853
796 729 490
776 729 1079
777 729 13
376 732 238
54 792 1199
305 792 463
183 792 796
376 776 982
394 776 378
305 776 457
54 776 181
183 776 7
49 777 736
305 777 628
394 777 954
376 777 2
305 743 1070
394 743 759
183 743 62
305 796 182
78 305 844
87 305 713
57 305 440
375 305 319
307 305 288
415 305 264
78 54 18
412 54 52
87 49 135
78 49 1282
78 394 802
412 394 734
87 394 518
57 394 330
57 183 721
78 183 502
412 183 459
87 183 459
375 183 399
415 183 264
412 376 370
78 376 311
87 376 242
100 78 657
438 78 69
223 78 19
438 87 575
223 87 6
438 57 30
250 307 879
170 307 852
438 307 537
100 307 409
170 375 441
250 375 441
438 375 244
208 412 532
223 412 349
250 412 347
208 415 581
223 415 245
168 100 277
362 100 20
298 208 825
168 208 626
358 208 363
362 208 312
266 208 280
208 208 247
208 438 514
298 438 509
358 438 430
168 438 231
266 438 187
362 250 1184
168 250 1005
358 250 743
208 250 283
266 250 249
298 170 1258
168 170 1005
208 170 564
266 170 386
358 170 254
208 223 555
298 223 548
358 223 548
168 223 517
266 223 421
362 223 396
363 208 614
367 208 582
374 208 424
340 208 424
407 358 1163
340 358 629
379 358 629
363 358 444
349 358 378
374 298 871
379 298 683
340 298 279
367 168 793
340 168 1119
374 266 1273
407 266 524
367 266 368
407 362 864
340 362 540
374 362 540
133 363 1287
95 363 1116
133 374 784
95 374 756
133 340 1300
133 367 1300
95 367 1215
133 407 1278
133 349 1224
95 349 784
133 379 906
