311
601 118 81
48 118 7
665 118 210
335 118 3
671 118 263
601 595 420
48 595 342
511 595 311
665 595 375
335 595 235
329 595 321
671 595 375
630 595 405
504 595 464
601 705 473
48 705 893
511 705 369
665 705 391
335 705 364
329 705 337
671 705 391
630 705 302
504 705 545
601 777 629
48 777 446
511 777 153
665 777 366
335 777 402
329 777 510
671 777 397
504 777 128
601 791 272
48 791 237
511 791 647
665 791 273
335 791 402
329 791 793
671 791 430
630 791 332
504 791 128
601 798 127
48 798 472
511 798 565
665 798 472
329 798 134
671 798 430
630 798 125
504 798 128
601 808 617
48 808 646
511 808 413
665 808 676
335 808 153
329 808 255
504 808 390
601 830 156
48 830 396
511 830 398
665 830 479
335 830 402
329 830 793
671 830 448
601 857 527
48 857 396
511 857 172
665 857 283
335 857 423
329 857 457
671 857 575
630 857 703
601 860 134
48 860 646
511 860 647
665 860 835
335 860 402
329 860 793
671 860 430
630 860 429
504 860 128
601 867 273
48 867 396
511 867 216
665 867 349
335 867 402
329 867 793
671 867 430
630 867 531
601 882 527
48 882 621
511 882 283
665 882 621
335 882 402
329 882 676
671 882 413
601 886 517
48 886 454
511 886 346
665 886 346
335 886 402
329 886 793
671 886 161
601 887 177
48 887 237
665 887 273
335 887 402
329 887 630
671 887 632
601 891 272
48 891 646
511 891 216
665 891 742
335 891 402
329 891 778
671 891 430
504 891 128
48 177 2
511 177 168
335 177 15
665 924 657
671 924 471
335 9 72
335 1012 329
715 601 983
794 601 883
808 601 565
765 601 537
608 601 379
648 601 358
765 48 468
715 48 567
808 48 200
648 48 25
648 511 736
715 511 610
765 511 487
608 511 383
794 511 382
808 511 382
794 665 534
608 665 516
765 665 425
715 665 425
648 665 358
808 665 351
808 335 985
715 335 649
794 335 630
648 335 562
608 335 521
765 335 188
794 329 779
715 329 779
765 329 652
648 329 502
608 329 360
808 329 234
808 671 787
794 671 582
765 671 582
715 671 438
648 671 434
608 671 379
794 630 849
715 630 849
765 630 674
808 630 535
608 630 516
648 630 358
794 504 664
715 504 569
648 504 560
765 504 546
608 504 546
808 504 491
432 794 1013
442 794 775
458 794 892
437 794 271
437 648 891
458 648 570
442 648 570
432 648 482
32 648 206
432 715 917
458 715 637
442 715 544
437 765 753
458 765 39
442 765 104
437 608 705
442 608 573
432 608 523
458 608 474
437 808 1140
234 32 27
234 458 798
333 458 754
225 458 644
264 458 634
375 458 286
234 442 842
333 442 754
225 442 644
264 442 634
375 442 570
415 442 299
193 442 263
375 432 767
333 432 754
225 432 644
264 432 634
234 432 536
415 432 259
375 437 1222
333 437 754
225 437 644
264 437 634
193 437 618
234 437 542
405 333 1104
493 333 769
408 333 691
411 333 526
364 333 480
436 375 780
416 375 780
405 375 406
493 375 406
411 375 379
364 375 289
493 234 769
405 234 660
408 234 660
436 234 495
364 234 480
411 234 270
493 193 769
408 193 671
411 193 627
405 193 594
364 193 480
416 193 375
411 264 773
493 264 749
405 264 594
364 264 480
493 225 658
364 225 480
405 225 448
411 225 421
408 225 274
408 415 834
436 415 692
416 415 545
405 415 543
411 415 377
364 415 267
493 415 229
424 364 665
391 364 596
368 364 344
206 364 255
206 411 905
391 411 565
267 411 375
208 411 374
368 411 359
424 411 327
424 405 702
206 405 651
391 405 565
267 405 375
208 405 374
368 405 359
206 408 1174
208 408 807
424 408 478
267 408 375
206 436 1162
208 436 639
267 436 375
391 436 259
368 436 259
424 436 231
206 416 1290
424 416 526
208 416 261
368 493 618
379 368 869
349 368 491
342 208 1030
330 208 264
379 424 1055
342 424 705
355 424 705
330 424 378
349 424 231
330 391 519
379 267 522
342 206 1185
379 206 808
69 330 1191
134 330 937
69 343 1153
69 349 1069
134 349 937
134 342 1300
152 342 1185
69 342 1069
69 355 1300
134 379 1263
