348
638 594 593
59 594 878
149 594 858
778 594 616
447 594 168
669 594 554
646 594 272
658 594 955
638 640 269
59 640 631
149 640 631
778 640 616
447 640 239
669 640 355
646 640 345
658 640 336
638 664 223
59 664 878
149 664 858
778 664 616
447 664 376
669 664 376
646 664 223
658 664 397
638 772 510
59 772 434
149 772 402
447 772 194
669 772 151
658 772 229
638 789 389
59 789 434
149 789 519
778 789 163
447 789 367
669 789 440
646 789 336
658 789 335
638 808 185
59 808 286
149 808 309
778 808 291
447 808 273
669 808 528
646 808 667
658 808 245
638 816 831
59 816 337
149 816 519
778 816 163
447 816 664
669 816 437
658 816 736
638 823 673
59 823 286
149 823 352
778 823 163
447 823 620
669 823 365
646 823 156
658 823 229
638 825 576
59 825 434
149 825 256
447 825 465
669 825 396
646 825 256
658 825 465
638 833 831
59 833 364
149 833 309
778 833 552
447 833 450
669 833 506
646 833 667
658 833 450
638 839 457
59 839 434
149 839 519
778 839 163
447 839 475
669 839 506
646 839 667
658 839 475
638 843 468
59 843 395
149 843 371
778 843 163
447 843 231
669 843 506
646 843 667
658 843 478
638 854 831
59 854 434
149 854 308
778 854 636
447 854 488
669 854 340
646 854 213
658 854 488
638 866 635
59 866 351
149 866 441
778 866 160
447 866 273
669 866 430
646 866 430
658 866 229
638 878 603
59 878 376
149 878 519
778 878 288
447 878 251
669 878 251
658 878 124
638 890 510
59 890 395
149 890 590
778 890 163
447 890 252
669 890 506
646 890 667
658 890 635
59 598 647
149 598 284
778 598 804
447 598 378
669 598 425
646 598 258
658 598 804
669 919 518
646 919 1028
658 919 60
79 638 816
742 638 816
723 638 475
764 638 354
668 638 345
796 638 267
801 638 169
668 59 190
742 59 420
79 149 1105
742 149 903
723 149 284
796 149 4
764 778 566
79 778 712
796 778 375
79 447 1068
742 447 1016
723 447 947
764 447 936
668 447 804
801 447 654
796 447 598
79 669 972
742 669 972
764 669 770
801 669 751
723 669 475
668 669 400
796 669 274
79 646 1205
742 646 1000
723 646 773
764 646 632
668 646 345
796 646 274
801 646 124
79 658 1152
801 658 1067
742 658 1000
723 658 773
668 658 657
796 658 408
764 658 215
41 668 1208
234 668 1021
244 668 1013
322 668 672
364 668 672
244 764 59
364 764 4
463 764 73
322 742 892
364 742 1062
1 723 84
364 723 1019
41 723 322
234 723 753
1 79 87
364 79 1271
322 79 813
244 79 16
234 79 608
41 79 5
1 796 180
244 796 75
41 796 1
244 801 895
87 1 287
375 456 774
387 456 761
394 456 749
39 456 557
412 456 523
130 456 446
87 456 202
375 244 689
412 244 602
394 244 591
387 244 582
87 244 493
130 244 446
402 244 350
394 234 1106
387 234 1093
412 234 878
130 234 719
39 234 719
87 234 422
375 234 255
412 41 229
415 41 40
375 41 80
402 41 4
130 364 1156
394 364 1106
387 364 1093
39 364 885
412 364 878
87 364 493
130 322 1140
394 322 1029
387 322 1029
39 322 885
412 322 878
87 322 493
375 322 400
375 463 1290
415 463 560
412 463 245
39 463 175
394 463 158
387 463 116
320 87 7
416 375 660
385 375 354
320 375 346
385 39 31
416 402 748
408 402 440
208 402 440
385 402 378
365 402 353
309 402 328
320 402 230
416 394 811
408 394 605
208 394 440
385 394 378
250 394 306
320 394 244
365 394 191
320 130 1136
408 130 377
385 412 1041
408 412 760
208 412 462
320 412 408
365 412 255
250 412 251
416 412 229
408 415 976
385 415 815
416 415 743
208 415 494
365 415 414
309 415 328
320 415 230
416 387 774
408 387 605
320 387 441
208 387 440
385 387 378
344 208 907
298 208 756
208 208 375
362 208 262
415 208 234
362 365 957
298 365 756
415 365 478
344 365 415
208 365 346
208 408 1042
362 408 1010
298 408 873
415 408 363
208 385 1167
344 385 777
298 385 436
415 385 354
362 385 222
362 250 1140
208 250 471
415 250 390
362 309 983
344 309 588
298 309 490
415 309 369
208 320 872
298 320 552
415 320 478
362 320 410
362 416 1010
208 416 408
415 416 333
298 416 294
408 208 1155
214 208 1101
388 208 759
324 208 528
374 208 409
340 208 409
388 415 1194
340 415 1168
324 415 1155
214 415 545
374 298 1045
408 298 218
388 298 218
340 298 218
214 362 573
374 362 398
340 362 398
374 344 854
214 344 594
388 344 353
101 374 986
133 324 805
101 214 735
133 340 1299
101 340 649
101 388 912
101 408 1295
133 408 994
