181
626 425 723
581 425 1130
374 425 348
607 425 723
807 425 1130
620 425 856
626 440 293
581 440 1094
374 440 176
607 440 257
807 440 1094
620 440 856
626 566 211
581 566 1053
374 566 220
607 566 256
807 566 1053
620 566 856
626 636 322
581 636 1085
374 636 220
607 636 214
807 636 720
620 636 209
626 709 272
581 709 1167
374 709 340
607 709 407
807 709 1167
620 709 856
626 817 77
581 817 1064
374 817 661
607 817 310
807 817 703
620 817 314
626 820 609
581 820 1187
374 820 661
607 820 795
807 820 703
620 820 325
626 870 376
581 870 896
374 870 771
607 870 805
807 870 703
620 870 325
626 873 169
581 873 1041
374 873 682
607 873 805
807 873 703
626 881 110
581 881 1064
374 881 661
607 881 805
807 881 703
620 881 325
581 784 468
374 784 692
607 784 805
807 784 703
643 626 1194
776 626 875
627 626 674
796 626 514
643 581 1194
680 581 1037
776 581 986
796 581 822
627 581 674
776 374 1134
680 374 962
796 374 698
643 374 516
627 374 350
643 607 1194
776 607 1052
796 607 696
627 607 674
680 607 400
796 807 928
643 620 1194
627 620 1069
776 620 875
680 620 340
796 620 340
68 776 716
424 776 1117
370 776 674
456 776 2
424 643 869
445 643 810
370 643 784
52 643 616
456 643 614
56 643 346
1 627 841
56 627 305
424 796 145
370 796 1146
56 796 670
1 796 102
1 680 841
370 680 784
456 680 660
52 680 416
424 680 408
56 680 346
307 424 597
78 424 303
83 456 1117
307 456 436
129 456 288
87 456 277
129 1 455
83 1 867
87 1 428
87 370 1196
83 370 840
307 370 452
129 370 361
78 370 197
241 370 177
87 68 590
78 68 523
307 52 88
87 445 724
78 445 542
241 445 266
87 56 1120
78 56 440
83 56 26
241 56 1
223 78 14
408 78 6
263 129 907
175 129 867
408 129 417
175 83 352
112 83 773
408 83 160
112 87 1248
223 87 2
175 307 1244
408 307 1181
263 307 961
112 307 227
112 241 663
263 241 287
223 241 229
289 208 1223
298 208 663
416 208 494
289 175 1134
416 175 888
298 175 631
208 175 271
416 408 1102
208 408 901
298 408 853
289 255 1168
208 255 625
298 255 213
289 263 922
416 263 494
298 263 440
208 263 295
208 223 625
298 223 492
416 223 320
416 112 438
408 208 1200
382 298 534
408 298 534
341 298 301
408 289 1209
96 382 875
96 408 875
96 341 1207
