211
601 399 461
182 399 461
704 399 1061
203 399 522
684 399 209
104 399 762
601 420 265
182 420 466
704 420 840
203 420 732
684 420 209
104 420 732
601 464 340
182 464 452
704 464 1032
203 464 662
684 464 371
104 464 511
601 498 459
182 498 557
704 498 439
203 498 458
684 498 364
104 498 458
601 537 340
182 537 218
704 537 982
203 537 662
684 537 209
104 537 762
601 622 349
182 622 922
704 622 974
203 622 662
684 622 629
104 622 398
601 624 635
182 624 353
704 624 1061
203 624 615
684 624 289
104 624 762
601 641 340
182 641 296
704 641 998
203 641 662
684 641 209
104 641 762
601 685 635
182 685 540
704 685 578
203 685 678
684 685 227
104 685 829
601 702 265
182 702 307
704 702 722
203 702 850
684 702 204
104 702 1103
601 765 635
182 765 353
704 765 1061
203 765 850
684 765 227
104 765 1156
601 869 534
182 869 499
704 869 677
203 869 459
684 869 324
104 869 581
704 50 392
203 50 147
684 50 630
104 50 1033
704 908 472
203 908 692
684 908 358
104 908 14
626 601 1048
611 601 862
717 601 814
646 601 479
646 182 284
626 182 107
611 182 150
717 704 762
646 704 719
611 704 232
626 704 113
717 203 50
611 203 1
626 684 1005
717 684 813
611 684 708
646 684 701
717 104 920
483 646 1098
94 646 1054
458 646 967
432 646 951
211 646 760
483 626 1098
458 626 967
432 626 951
211 626 760
483 611 1098
458 611 967
432 611 951
211 611 731
211 717 1276
483 717 719
234 94 201
333 458 1000
112 458 888
139 458 798
264 458 699
234 458 625
308 458 377
333 432 1000
139 432 798
264 432 699
308 432 377
112 432 334
234 432 334
333 483 948
139 483 970
112 483 348
234 483 66
264 483 14
308 211 1164
112 211 635
264 211 556
139 211 511
333 211 511
405 333 1040
408 333 972
214 333 926
475 333 774
364 333 516
411 333 483
411 308 1134
364 308 788
214 308 585
405 308 427
475 308 405
408 308 394
364 112 566
214 112 784
405 234 1040
214 234 732
408 234 721
475 234 526
364 234 516
364 139 990
411 139 902
475 139 679
408 139 679
214 139 518
405 139 417
214 264 857
411 264 694
475 264 578
364 264 516
405 264 427
408 415 1167
475 415 386
214 415 382
405 415 369
411 415 244
364 415 213
264 364 931
391 364 879
298 364 477
267 364 293
267 214 1018
264 214 1018
208 214 848
391 214 833
298 214 211
391 411 853
208 411 607
298 411 383
267 411 383
298 405 854
391 405 853
208 405 485
267 405 394
208 408 1003
298 408 777
267 408 394
391 408 326
391 475 957
264 475 447
214 208 1191
348 391 335
346 391 335
368 298 815
346 264 1113
348 264 1091
348 267 994
346 267 994
368 267 594
134 346 1029
134 336 1289
134 368 1290
152 214 1300
134 214 1176
152 348 1253
96 348 862
