90
509 714 1115
256 714 274
526 714 993
541 714 1049
509 784 894
256 784 1222
526 784 1009
541 784 1009
509 821 739
256 821 976
526 821 1009
541 821 618
509 822 894
256 822 1107
526 822 697
541 822 693
509 830 894
256 830 1135
526 830 606
541 830 1009
509 881 1129
256 881 1075
526 881 208
541 881 1009
509 887 869
256 887 869
526 887 949
541 887 673
509 893 772
256 893 1172
526 893 242
541 893 1009
756 509 1258
804 509 1046
591 509 796
756 256 1280
804 256 1201
591 256 652
804 526 1142
756 526 1142
591 526 490
756 541 1287
804 541 1201
591 541 652
419 756 1257
417 591 781
419 591 725
352 804 1250
419 804 792
143 417 1238
447 417 1191
434 417 389
143 419 1167
447 419 1151
434 419 690
447 352 1282
143 352 1081
434 352 1046
373 434 1182
179 434 1123
237 434 957
209 434 799
237 447 1269
373 447 1182
179 447 1123
209 447 799
237 143 1074
209 143 983
373 143 770
303 209 681
276 209 681
264 209 262
303 373 1139
276 373 987
264 373 561
264 179 968
303 179 783
276 179 638
276 237 793
208 237 618
264 237 556
389 208 310
348 208 310
389 264 1242
348 264 1116
389 276 744
348 276 360
389 303 298
133 389 1008
133 348 1090
