145
421 41 105
726 41 1275
669 41 2
421 458 571
526 458 281
726 458 1053
669 458 196
421 547 571
526 547 957
726 547 1263
669 547 196
421 585 684
526 585 957
726 585 1263
669 585 247
421 621 627
726 621 1250
669 621 278
421 656 627
526 656 957
726 656 1263
669 656 579
421 709 571
526 709 221
726 709 1170
669 709 778
421 717 571
526 717 957
726 717 1268
669 717 214
781 421 713
789 421 407
627 421 393
643 421 375
627 526 754
789 526 693
643 526 693
781 526 493
680 526 285
627 726 143
627 669 732
643 669 652
781 669 651
680 669 530
789 669 347
284 643 1223
445 643 1165
52 643 1049
284 627 1223
445 789 257
52 781 1253
284 680 1192
352 680 1128
52 680 1015
153 680 664
447 153 1228
143 153 1025
447 352 1260
143 352 1025
375 352 516
415 352 258
296 284 1242
375 284 1220
415 284 636
447 284 409
241 284 342
143 52 85
143 445 1140
447 445 1103
375 445 462
241 445 391
407 447 907
171 447 457
171 241 298
263 241 298
407 375 1298
442 375 1288
171 375 381
263 375 328
398 375 324
436 375 276
407 296 831
398 296 461
436 296 461
398 143 621
436 143 463
442 143 328
263 143 306
398 415 828
436 415 828
407 415 696
263 415 509
208 407 1298
265 407 707
429 407 411
428 351 737
411 351 737
208 351 478
208 442 1298
265 442 886
429 442 658
208 171 1160
289 171 1131
265 171 706
411 171 312
289 263 1021
429 263 816
265 263 706
411 263 229
265 398 966
208 398 674
429 398 658
208 436 1013
429 436 658
214 208 1264
408 208 1218
154 208 1149
214 265 727
341 428 1229
382 428 1228
415 428 1043
154 428 993
214 428 557
341 429 1246
214 429 1198
382 429 1122
154 429 993
415 429 984
341 411 1265
382 411 1186
214 411 1108
154 411 993
415 411 584
408 289 1216
214 289 733
382 289 643
341 289 643
154 289 367
101 382 1070
101 415 784
152 214 1300
134 214 1099
101 408 1298
152 154 1300
134 341 1105
