336
731 9 1123
665 9 1
345 9 107
731 158 828
601 158 1
665 158 288
48 158 568
374 158 269
731 177 892
283 177 573
48 177 2
731 335 1082
283 335 246
48 335 762
345 335 340
731 462 497
601 462 307
665 462 202
283 462 340
48 462 476
685 462 202
374 462 380
731 473 324
601 473 147
665 473 323
283 473 323
48 473 356
685 473 204
374 473 380
345 473 165
731 555 790
601 555 295
665 555 407
283 555 178
48 555 118
685 555 295
374 555 380
345 555 118
731 595 518
601 595 307
665 595 293
283 595 178
48 595 268
685 595 164
374 595 380
345 595 230
731 608 297
601 608 256
665 608 407
283 608 255
48 608 483
374 608 380
345 608 224
731 650 722
601 650 268
665 650 313
283 650 364
48 650 365
685 650 365
374 650 380
731 652 708
601 652 307
665 652 376
283 652 134
48 652 356
685 652 164
374 652 380
345 652 326
731 673 400
601 673 233
665 673 370
283 673 146
48 673 896
685 673 403
374 673 380
345 673 266
731 682 957
601 682 310
665 682 299
283 682 185
48 682 123
685 682 332
374 682 380
731 771 409
601 771 425
665 771 157
283 771 313
48 771 551
685 771 230
374 771 389
731 845 554
665 845 637
283 845 142
48 845 382
685 845 392
374 845 389
345 845 408
731 861 554
601 861 425
665 861 366
283 861 166
48 861 474
685 861 327
374 861 202
345 861 408
601 289 184
48 289 8
374 289 2
345 289 441
601 820 424
665 820 384
48 820 288
685 820 204
374 820 204
345 820 219
601 853 184
665 853 464
283 853 611
48 853 489
374 853 404
345 853 219
665 113 109
283 113 553
685 113 6
790 731 453
765 731 482
608 731 239
715 601 824
794 601 776
801 601 683
765 601 496
608 601 464
790 601 441
808 601 441
648 601 175
801 665 492
608 665 464
790 665 437
794 665 425
808 665 316
765 665 293
715 665 293
648 665 175
794 283 622
808 283 565
765 283 535
715 283 433
608 283 421
648 283 277
790 283 246
715 48 396
765 48 373
808 48 106
648 48 6
801 685 714
790 685 487
608 685 464
794 685 425
648 685 400
715 685 350
808 685 277
765 685 143
801 374 627
765 374 448
608 374 368
715 374 344
794 374 336
648 374 300
808 374 291
790 374 158
808 345 799
715 345 627
794 345 622
801 345 524
765 345 508
608 345 447
790 345 293
648 345 277
442 648 528
499 648 528
458 648 460
463 648 382
32 648 186
442 794 545
458 794 697
499 794 2
463 794 1
499 765 585
458 765 27
442 765 66
458 715 472
442 715 392
499 715 85
499 608 528
442 608 414
458 608 324
463 608 296
350 608 284
458 790 326
350 790 443
499 790 2
54 801 921
499 808 60
54 808 22
234 54 176
234 32 8
234 458 609
225 458 586
333 458 577
264 458 570
375 458 440
77 458 272
375 442 813
234 442 696
225 442 586
333 442 577
264 442 570
415 442 508
77 442 272
375 350 819
77 350 819
333 350 405
225 350 250
234 350 193
264 499 554
333 499 393
225 499 2
375 463 1298
77 463 1039
225 463 586
333 463 577
264 463 570
234 463 400
415 463 395
405 333 1009
411 333 503
364 333 390
407 375 1281
402 375 784
436 375 656
364 375 334
405 375 317
411 375 261
402 234 898
405 234 558
436 234 519
364 234 390
250 234 279
411 234 251
402 77 145
407 77 37
411 264 585
405 264 510
364 264 390
405 225 488
364 225 390
407 225 366
411 225 336
402 415 735
436 415 735
407 415 731
405 415 458
391 415 412
411 415 301
364 415 262
424 364 636
298 364 436
208 364 422
368 364 347
362 364 329
298 411 687
208 411 607
424 411 419
368 411 374
267 411 369
362 411 287
208 407 1295
298 407 876
362 407 685
424 407 419
368 407 374
267 407 369
208 391 607
368 391 374
362 391 287
424 391 278
267 391 239
298 405 876
424 405 640
208 405 607
362 405 465
368 405 374
267 405 369
208 402 1295
362 402 959
298 402 876
267 402 369
368 402 142
362 250 1108
424 250 344
368 250 319
208 250 312
298 250 270
208 436 904
298 436 876
267 436 369
368 436 223
379 368 759
349 368 373
385 368 350
214 208 1147
340 208 344
379 298 726
385 298 565
355 298 297
343 298 264
379 267 458
379 424 986
385 424 953
355 424 588
340 424 313
349 424 196
214 362 716
340 362 347
69 343 1047
101 343 961
101 349 1259
69 349 1010
134 349 851
69 355 1295
101 355 1113
134 214 1186
134 340 760
134 379 1222
69 385 1093
101 385 609
