204
673 270 88
646 270 154
673 406 393
149 406 868
186 406 718
646 406 948
812 406 1098
673 746 377
149 746 699
186 746 401
646 746 948
812 746 1177
673 776 824
149 776 384
646 776 1022
812 776 820
673 781 401
149 781 749
646 781 808
812 781 1133
673 782 455
149 782 709
186 782 407
646 782 689
812 782 1091
673 786 824
149 786 384
186 786 315
646 786 582
812 786 1205
673 808 501
149 808 394
186 808 407
646 808 1109
812 808 839
673 839 403
149 839 709
646 839 908
812 839 816
673 844 560
149 844 427
186 844 407
646 844 197
812 844 1091
673 854 824
149 854 384
646 854 582
812 854 742
673 879 455
149 879 848
186 879 315
646 879 412
812 879 965
186 306 225
646 306 172
812 306 1282
646 919 1231
682 673 702
742 673 628
79 673 527
796 673 304
605 673 298
79 149 1103
742 149 1196
796 149 1
742 186 72
742 646 1212
79 646 1204
605 646 823
682 646 695
796 646 327
796 812 479
79 812 164
322 742 1065
364 742 905
494 742 319
142 742 78
469 742 39
322 79 925
364 79 1232
494 79 588
469 79 115
142 79 181
339 79 14
494 682 1096
339 682 1040
469 682 841
142 682 564
364 682 357
322 682 191
142 796 1097
494 796 1
494 605 1096
339 605 1040
469 605 841
142 605 724
364 605 428
322 605 191
402 339 781
412 339 693
422 339 512
39 339 349
87 339 344
415 339 272
422 494 530
412 469 431
422 469 1036
402 469 45
39 364 1135
412 364 818
87 364 628
422 364 569
402 364 395
415 364 221
39 322 1135
412 322 818
87 322 387
402 322 219
402 142 1181
412 142 818
422 142 652
87 142 461
433 422 1240
197 422 876
380 422 715
309 422 357
433 87 120
320 87 6
17 39 1294
433 402 1240
197 402 1081
309 402 706
380 402 696
320 402 270
380 412 696
197 412 643
17 412 537
433 412 465
320 412 402
309 412 254
197 415 841
309 415 750
380 415 715
433 415 334
320 415 270
423 380 1145
208 380 926
415 380 657
362 380 447
298 380 276
208 433 1299
415 433 482
423 433 422
362 433 169
415 17 759
423 17 1052
298 17 3
362 309 1086
423 309 714
415 309 523
298 309 505
423 320 878
208 320 773
415 320 701
298 320 572
362 320 554
423 193 1145
415 193 796
362 193 372
208 193 217
298 193 165
208 197 1263
423 197 893
415 197 657
388 208 974
324 208 613
374 208 357
340 208 357
388 415 1246
340 415 1228
324 415 1177
385 415 228
374 298 1086
379 298 666
385 298 588
388 423 1246
340 423 1228
324 423 1177
385 423 1011
379 423 918
374 423 363
374 362 494
340 362 494
95 374 864
101 374 861
95 324 1275
133 324 961
101 324 537
133 340 1299
95 388 1275
101 388 919
95 385 864
101 385 806
133 379 1016
