271
337 168 495
605 168 19
746 168 1053
668 168 99
756 168 44
798 168 30
337 194 722
668 194 598
756 194 158
798 194 1021
337 398 877
601 398 182
605 398 670
399 398 481
746 398 1070
668 398 428
756 398 158
798 398 888
337 403 520
605 403 670
399 403 481
746 403 1070
668 403 344
756 403 148
798 403 888
337 438 168
601 438 123
605 438 288
399 438 445
746 438 1047
668 438 683
756 438 227
798 438 476
337 531 558
601 531 545
605 531 208
399 531 445
746 531 687
668 531 280
756 531 180
798 531 687
337 574 422
601 574 259
605 574 328
399 574 175
746 574 1070
668 574 356
798 574 888
337 649 382
601 649 286
605 649 670
399 649 299
746 649 459
668 649 356
756 649 160
798 649 659
337 664 727
601 664 229
605 664 174
399 664 366
746 664 411
668 664 723
756 664 144
798 664 437
337 688 571
601 688 229
605 688 218
399 688 445
746 688 790
668 688 398
756 688 186
798 688 476
337 691 337
605 691 595
399 691 571
746 691 1021
668 691 298
756 691 138
798 691 888
337 753 377
601 753 654
605 753 670
399 753 162
746 753 1070
668 753 420
756 753 227
798 753 888
337 789 680
601 789 671
605 789 196
399 789 708
668 789 118
601 833 367
605 833 293
399 833 721
746 833 197
756 833 277
605 158 247
746 158 1
756 158 951
798 158 1099
605 314 40
746 314 34
798 314 18
801 337 1053
825 337 622
79 337 622
815 337 533
738 337 291
643 337 219
801 601 1216
738 601 1107
643 601 925
815 601 500
79 601 358
825 601 132
801 605 1060
738 605 948
825 605 373
643 605 306
815 605 290
79 605 187
825 399 976
801 399 976
79 399 622
815 399 350
643 399 255
738 399 172
738 746 549
643 746 325
801 746 1234
79 746 37
738 668 1107
801 668 1003
643 668 925
815 668 484
79 668 206
643 756 372
801 756 789
643 798 547
738 798 1091
825 798 404
815 798 22
244 825 3
463 643 1215
289 643 574
1 643 476
0 643 392
244 643 253
13 643 201
0 738 1155
13 738 1278
289 738 2
244 815 93
364 815 434
1 815 24
0 815 6
463 815 4
364 79 1212
1 79 221
289 79 172
244 79 91
244 801 1103
94 1 707
193 1 97
375 289 859
193 289 672
174 289 576
139 289 255
368 289 255
174 244 942
375 244 705
94 244 656
193 244 632
412 244 604
368 244 372
368 0 25
412 364 1016
174 364 942
193 364 672
94 364 656
368 364 422
375 364 272
139 364 213
375 13 1294
415 13 5
375 463 1299
412 463 507
193 463 461
139 463 437
415 463 390
94 463 202
442 368 895
407 368 895
402 368 895
307 368 663
408 368 294
297 368 201
307 94 71
442 94 1
408 193 761
307 193 516
439 193 297
297 193 297
307 139 663
408 139 626
407 375 1247
442 375 1237
402 375 1039
439 375 446
297 375 446
297 174 807
307 174 663
408 174 596
402 412 967
408 412 805
407 412 332
442 412 332
439 412 195
408 415 961
402 415 757
407 415 656
297 415 648
439 415 234
208 442 1297
374 442 889
298 442 818
381 442 324
344 442 191
208 407 1300
298 407 684
374 407 614
381 407 324
208 402 1300
374 402 1072
298 402 818
381 402 324
344 402 203
208 307 522
344 307 522
381 307 414
208 408 1134
374 408 938
298 408 748
381 408 527
208 297 482
374 439 1125
298 439 818
344 439 663
208 439 389
381 439 324
214 208 1093
154 208 782
374 208 325
152 374 895
214 374 383
374 298 1043
382 298 179
214 381 750
154 381 569
374 344 878
214 344 645
152 344 358
101 397 1284
76 152 1262
101 382 1074
101 355 1032
101 374 885
76 214 652
101 214 624
76 154 695
