273
731 9 1104
680 9 228
637 9 64
731 54 964
680 54 64
731 520 1176
511 520 365
665 520 238
680 520 673
105 520 1122
595 520 181
731 661 1176
511 661 159
665 661 323
680 661 596
105 661 1122
595 661 477
637 661 655
731 681 1176
511 681 365
665 681 290
680 681 691
105 681 1122
595 681 586
637 681 691
731 682 1176
511 682 185
665 682 159
680 682 326
105 682 1122
595 682 354
637 682 230
731 731 1176
511 731 365
665 731 290
680 731 501
105 731 1122
595 731 220
637 731 174
731 773 841
511 773 271
105 773 947
595 773 353
637 773 561
731 777 431
511 777 154
665 777 572
680 777 162
105 777 571
595 777 353
637 777 220
731 791 454
511 791 430
665 791 372
680 791 799
105 791 196
595 791 362
637 791 385
731 831 634
511 831 271
665 831 271
105 831 834
595 831 479
637 831 370
731 844 239
665 844 602
105 844 428
595 844 496
637 844 385
731 859 707
511 859 433
665 859 372
680 859 185
105 859 996
595 859 400
637 859 385
731 861 451
511 861 196
665 861 372
680 861 648
105 861 1049
595 861 353
637 861 277
765 731 458
608 731 82
790 731 389
783 731 1
584 511 778
71 511 643
718 511 546
742 511 504
765 511 398
783 511 331
79 511 276
790 511 269
608 511 218
718 665 973
783 665 921
584 665 910
608 665 396
790 665 310
742 665 154
742 680 1085
79 680 940
584 680 910
790 680 411
718 680 386
765 680 273
608 680 246
71 680 221
79 105 253
765 105 354
790 105 564
71 595 1133
742 595 1107
79 595 940
584 595 910
718 595 516
790 595 444
608 595 246
765 595 168
783 595 168
71 637 1080
742 637 951
79 637 940
584 637 828
718 637 694
790 637 444
765 637 369
608 637 266
227 718 1194
506 718 30
463 718 14
134 71 595
503 71 90
364 71 55
41 584 895
134 584 891
463 584 456
227 584 456
364 584 287
364 742 670
503 765 1164
227 765 36
506 765 7
364 79 1124
134 79 113
41 79 15
506 783 1198
463 783 121
41 783 11
503 790 44
506 790 196
134 608 792
364 608 348
463 608 296
77 506 1186
415 506 71
375 506 6
77 503 200
368 503 809
394 364 1269
387 364 1247
368 364 826
375 364 272
77 364 264
333 364 249
375 41 180
415 41 15
394 227 984
387 227 912
368 227 826
77 227 345
394 134 1001
387 134 920
368 134 884
333 134 644
375 463 1300
77 463 970
333 463 552
415 463 397
394 463 117
408 333 858
193 333 330
411 333 329
364 333 236
411 368 611
407 368 311
442 368 311
193 368 199
442 77 26
407 77 40
407 375 1296
442 375 1280
436 375 661
398 375 368
442 394 797
408 394 619
436 394 573
398 394 573
407 394 341
408 415 999
436 415 704
398 415 704
407 415 672
436 387 1024
398 387 967
408 387 580
442 387 519
407 387 341
424 364 714
298 364 460
208 364 374
362 364 368
208 411 679
298 411 657
424 411 506
267 411 441
362 411 356
208 442 1293
362 442 1028
298 442 935
267 442 441
208 407 1293
298 407 831
362 407 736
424 407 506
267 407 441
362 408 1028
208 408 1028
298 408 935
424 408 528
267 408 441
50 193 1049
267 193 721
424 193 706
208 193 214
362 193 173
362 398 1028
208 398 464
424 398 437
298 436 935
208 436 769
267 436 441
214 208 1205
388 208 845
340 208 370
348 50 1164
379 50 1276
385 50 1276
349 50 2
379 298 761
385 298 608
348 267 1030
379 267 505
379 424 1052
385 424 1013
388 424 625
340 424 316
214 362 610
340 362 346
101 349 1295
69 349 979
134 349 823
134 214 1241
134 340 876
134 388 1190
101 388 990
69 388 730
69 385 1078
101 348 1189
69 348 1078
134 379 1207
