365
735 399 517
802 399 536
182 399 935
252 399 566
242 399 166
501 399 784
27 399 224
735 429 530
315 429 202
802 429 457
764 429 250
182 429 1001
252 429 332
242 429 614
501 429 263
27 429 614
735 437 612
802 437 667
764 437 176
182 437 1001
252 437 535
242 437 782
501 437 187
27 437 802
735 445 517
315 445 342
802 445 443
764 445 249
182 445 1001
252 445 265
242 445 690
501 445 187
27 445 690
735 471 428
315 471 310
802 471 428
764 471 427
182 471 428
252 471 273
242 471 532
501 471 227
27 471 532
735 536 612
802 536 667
764 536 419
182 536 645
252 536 535
242 536 173
501 536 681
27 536 311
735 552 517
315 552 379
802 552 479
764 552 433
182 552 1001
252 552 371
242 552 379
501 552 239
27 552 220
735 570 525
315 570 194
802 570 443
764 570 240
182 570 1001
252 570 265
242 570 780
501 570 187
27 570 780
735 588 517
802 588 443
764 588 331
182 588 1001
252 588 270
242 588 367
501 588 331
27 588 486
735 603 517
315 603 174
802 603 443
764 603 641
182 603 1001
252 603 265
242 603 367
501 603 187
27 603 595
735 663 517
315 663 213
802 663 443
764 663 399
182 663 1001
252 663 265
242 663 407
501 663 213
27 663 445
735 673 525
315 673 165
802 673 443
764 673 790
182 673 1001
252 673 265
242 673 286
501 673 240
27 673 207
735 692 517
315 692 563
802 692 443
764 692 145
182 692 1001
252 692 265
242 692 155
501 692 508
27 692 387
735 720 612
802 720 667
764 720 286
182 720 1001
252 720 535
242 720 782
501 720 296
27 720 802
735 760 517
315 760 164
802 760 443
764 760 298
182 760 1001
252 760 265
242 760 539
501 760 335
27 760 539
735 819 321
315 819 321
802 819 179
764 819 239
182 819 613
252 819 400
242 819 778
501 819 228
27 819 128
735 858 135
315 858 467
802 858 300
764 858 231
182 858 460
252 858 400
242 858 577
501 858 293
27 858 111
315 826 318
802 826 515
764 826 622
182 826 605
252 826 625
242 826 261
501 826 222
802 22 886
182 22 742
242 22 97
501 22 518
27 22 16
182 62 214
11 735 580
752 735 520
805 735 17
686 735 4
805 315 849
686 315 646
705 315 646
752 315 451
11 315 333
283 315 202
686 802 716
283 802 27
283 764 891
752 764 35
805 182 94
705 182 1247
11 182 525
752 182 97
11 252 347
752 252 205
705 252 62
805 242 1179
283 242 658
11 242 349
686 501 803
283 501 771
705 501 688
805 501 666
752 501 415
11 501 301
805 27 172
11 27 270
705 27 774
389 705 833
292 705 55
229 705 1
360 283 856
229 283 851
292 283 708
389 283 541
49 283 416
463 283 263
35 283 224
229 752 17
292 805 1201
360 805 324
35 805 40
463 686 1236
389 686 823
402 686 615
49 686 612
292 686 523
360 686 363
35 686 218
34 686 189
292 11 1225
360 11 648
229 11 227
35 11 316
402 11 113
389 11 112
34 11 10
55 229 1113
4 229 1052
413 229 703
375 229 514
4 49 1242
413 49 135
55 360 1113
4 360 1052
413 360 703
375 360 450
390 360 330
415 360 305
414 360 295
55 292 1113
4 292 1052
413 292 703
39 292 306
375 292 277
4 35 1109
375 35 1
413 34 306
4 34 837
375 34 433
55 34 1
55 402 1135
375 402 968
413 402 845
39 402 512
4 402 478
390 402 178
55 389 1113
4 389 1052
413 389 703
375 389 587
390 389 330
415 389 305
375 463 1299
414 463 1279
390 463 872
413 463 361
415 463 292
55 463 205
416 413 1084
412 413 1079
398 413 1062
408 413 1038
436 413 1001
402 413 997
232 413 255
100 4 924
232 4 7
408 4 1
402 375 948
436 375 567
416 375 567
398 375 480
232 375 451
100 39 50
408 55 17
100 55 106
232 55 1
402 390 1236
416 390 1151
412 390 1079
232 390 797
398 390 549
408 390 296
416 415 965
412 415 965
408 415 794
232 415 732
436 415 670
398 415 670
402 415 670
436 414 1001
402 414 997
398 414 996
416 414 741
412 414 480
232 414 480
408 414 296
168 100 196
208 402 1294
374 402 1035
298 402 813
360 402 556
267 402 281
208 408 1003
374 408 898
298 408 685
267 408 281
360 408 151
168 232 847
264 232 685
298 232 555
360 232 537
374 232 446
374 398 1124
208 398 685
360 398 285
208 436 953
374 436 882
298 436 813
267 436 281
374 416 1035
208 416 422
298 416 216
374 412 1124
298 412 813
267 412 281
208 412 233
214 208 1114
388 208 843
342 208 843
340 208 433
330 208 433
340 360 619
330 360 619
214 360 439
379 264 388
214 374 275
340 168 1003
388 168 1090
342 168 533
330 168 549
379 298 582
343 298 293
340 298 257
330 298 257
379 267 388
101 343 898
101 330 872
134 330 717
101 349 1258
134 349 717
134 342 1291
152 342 1055
152 214 1300
134 214 1158
134 388 1063
101 388 801
134 340 749
134 379 1155
