119
554 95 1053
793 95 1271
375 95 520
554 147 1214
793 147 3
375 147 365
554 197 691
793 197 1261
554 359 142
793 359 1132
375 359 1193
554 635 360
793 635 1177
375 635 252
554 842 831
793 842 1081
375 842 1214
554 989 1233
375 989 1108
793 160 993
805 554 1170
611 554 887
576 554 487
662 554 197
662 793 1113
576 793 1012
805 793 1219
611 793 50
805 375 1221
611 375 849
662 375 705
576 375 550
484 662 1288
483 662 636
145 662 326
484 576 1288
483 576 885
204 576 554
145 576 326
484 805 1278
164 805 350
204 805 398
484 611 1201
483 611 1197
204 611 134
449 145 862
129 145 565
139 145 347
333 483 785
139 483 816
300 483 534
449 484 1274
129 484 278
449 204 905
333 204 777
139 204 777
129 204 496
300 204 264
449 164 849
139 164 802
333 164 802
129 164 371
300 164 264
408 300 1265
355 300 738
307 300 716
263 300 228
408 333 1188
355 333 771
307 333 431
263 129 947
307 129 821
241 129 369
408 129 334
408 139 932
355 139 738
263 139 529
307 139 386
241 449 882
263 449 8
264 307 1114
168 307 933
202 307 632
391 307 608
208 307 395
208 408 872
391 408 240
264 263 891
168 263 557
202 263 453
264 355 1003
208 355 647
391 355 608
202 355 455
168 241 860
264 241 726
391 241 608
202 241 510
342 208 886
380 208 601
359 202 308
342 391 473
359 391 320
380 168 340
342 168 556
359 264 409
349 264 316
101 359 1294
145 343 1284
101 343 1043
145 342 1284
71 342 1099
101 342 477
101 349 1294
71 349 1181
145 349 1122
101 380 1285
145 380 1284
71 380 1254
