410
601 287 211
665 287 219
22 287 135
710 287 20
828 287 1
260 287 194
601 434 184
657 434 283
722 434 409
22 434 298
710 434 535
828 434 142
260 434 109
719 434 239
781 434 372
601 437 184
665 437 240
657 437 108
722 437 409
22 437 218
710 437 484
781 437 372
601 447 184
665 447 151
657 447 254
722 447 366
22 447 218
710 447 366
828 447 151
719 447 175
781 447 372
601 487 184
665 487 330
657 487 382
722 487 409
22 487 198
710 487 548
828 487 127
260 487 127
719 487 304
601 491 183
665 491 249
657 491 382
722 491 199
22 491 218
710 491 548
828 491 148
260 491 163
719 491 124
781 491 372
601 531 184
665 531 192
657 531 208
722 531 226
22 531 218
710 531 307
828 531 650
719 531 639
781 531 372
601 582 184
665 582 330
657 582 382
722 582 409
22 582 142
710 582 633
828 582 350
260 582 213
719 582 350
781 582 220
601 609 176
665 609 263
657 609 327
722 609 302
22 609 336
710 609 217
828 609 513
260 609 217
719 609 513
781 609 372
601 616 184
665 616 498
657 616 123
722 616 373
22 616 218
710 616 312
828 616 645
719 616 639
781 616 372
601 628 184
665 628 195
657 628 321
722 628 409
22 628 157
710 628 535
828 628 152
719 628 304
781 628 206
601 660 184
665 660 192
657 660 134
722 660 409
22 660 218
710 660 414
260 660 163
781 660 372
601 698 184
665 698 330
657 698 263
722 698 409
22 698 218
710 698 566
828 698 142
260 698 139
781 698 372
601 756 184
665 756 330
657 756 122
722 756 409
22 756 164
710 756 481
828 756 678
260 756 215
719 756 639
781 756 164
601 759 160
665 759 266
657 759 321
722 759 261
22 759 218
710 759 408
719 759 304
781 759 372
601 788 204
665 788 247
657 788 293
722 788 311
22 788 488
710 788 386
719 788 169
781 788 238
601 794 115
665 794 199
657 794 324
722 794 138
22 794 511
710 794 386
260 794 202
719 794 200
781 794 199
601 809 115
665 809 302
657 809 324
722 809 205
22 809 511
710 809 190
828 809 465
260 809 115
719 809 200
781 809 344
601 812 180
665 812 361
657 812 344
722 812 255
22 812 181
828 812 190
719 812 129
781 812 328
601 854 200
665 854 494
722 854 362
22 854 408
828 854 465
719 854 169
781 854 344
601 857 174
665 857 223
657 857 505
722 857 376
22 857 337
710 857 233
828 857 337
719 857 129
781 857 454
601 877 174
665 877 247
657 877 311
22 877 293
710 877 386
828 877 86
719 877 200
781 877 454
801 601 907
658 601 632
581 601 357
820 601 275
827 601 261
581 665 648
658 665 648
827 665 554
801 665 444
820 665 275
795 665 229
677 665 142
801 657 760
820 657 681
795 657 402
658 657 318
581 657 318
677 657 142
827 657 118
801 722 268
795 722 773
820 722 4
820 22 310
677 22 5
581 22 2
827 710 3
801 828 143
820 828 490
581 828 176
827 828 28
795 260 646
827 260 594
801 260 449
820 260 357
677 260 344
581 260 304
658 260 252
658 719 194
795 719 363
820 719 9
581 719 10
827 781 267
820 781 45
677 781 4
54 820 495
218 820 153
1 820 214
158 820 5
35 581 791
54 581 763
414 581 717
463 581 646
1 581 504
457 581 432
158 581 304
457 658 736
414 658 717
35 658 267
218 658 252
463 658 172
54 658 119
54 801 867
158 801 313
457 801 100
218 801 121
158 827 811
218 827 14
54 677 857
414 677 771
457 677 736
35 677 267
218 677 252
463 677 151
158 677 109
54 795 362
158 795 176
49 795 87
218 795 388
220 54 421
94 54 962
94 1 703
37 49 496
440 49 8
375 457 1041
307 457 372
415 457 234
440 457 174
220 457 163
440 218 626
94 218 619
37 218 457
307 35 209
94 158 797
440 158 797
415 158 513
375 158 513
307 158 210
375 414 980
415 414 812
220 414 439
440 414 234
94 414 191
37 414 137
375 463 1065
415 463 431
220 463 404
94 463 250
440 463 200
37 463 137
408 37 1
407 37 1
407 375 1058
385 375 267
250 94 561
170 94 850
251 94 466
175 94 9
377 94 6
175 307 962
408 307 909
377 307 876
170 307 738
250 307 656
407 307 290
407 440 1059
385 440 826
377 440 224
250 440 171
407 415 648
385 415 648
408 415 603
251 415 242
377 220 973
385 220 960
170 220 738
250 220 656
407 220 414
251 220 387
175 220 175
208 407 1028
362 407 601
298 407 596
358 407 579
233 407 564
266 407 274
233 175 777
298 175 664
358 175 591
266 175 399
208 175 349
362 175 184
298 170 1024
233 170 648
208 170 353
266 170 251
358 170 147
208 385 1011
233 385 599
298 385 346
358 385 270
266 385 181
362 385 178
358 251 555
298 251 555
362 408 811
208 408 780
298 408 733
358 408 579
266 408 274
233 408 232
362 250 911
358 250 543
266 250 256
233 250 256
298 250 246
208 250 220
266 377 961
362 377 308
233 377 306
214 208 927
388 208 724
330 208 382
340 208 382
374 208 382
340 358 579
330 358 579
379 358 480
330 233 702
340 233 647
379 233 472
388 233 281
374 298 697
379 298 472
340 298 237
330 298 237
355 298 216
343 298 178
374 266 961
214 266 393
355 266 276
214 362 509
374 362 388
340 362 388
330 362 388
69 330 906
101 330 763
134 330 636
69 343 769
101 343 723
69 355 1042
101 355 818
101 374 608
134 214 924
101 214 421
134 340 573
134 388 816
101 388 674
69 388 498
134 379 966
