390
731 9 820
665 9 6
806 9 44
692 9 86
729 9 72
731 177 578
731 400 285
601 400 329
32 400 363
665 400 329
300 400 297
806 400 283
41 400 413
692 400 498
729 400 413
731 421 195
601 421 402
32 421 195
665 421 668
806 421 163
41 421 385
692 421 171
729 421 686
75 421 265
731 478 469
601 478 416
32 478 370
665 478 350
300 478 350
41 478 325
692 478 498
729 478 460
75 478 370
731 524 566
601 524 373
32 524 363
665 524 237
300 524 297
806 524 566
41 524 214
692 524 498
729 524 214
75 524 253
731 589 310
601 589 401
32 589 363
665 589 437
300 589 207
41 589 232
692 589 498
729 589 665
75 589 238
731 608 191
601 608 327
32 608 191
665 608 536
300 608 372
806 608 253
41 608 286
692 608 191
75 608 353
731 621 285
601 621 346
32 621 200
665 621 463
300 621 258
41 621 244
692 621 255
729 621 397
75 621 265
731 671 401
601 671 401
32 671 363
665 671 536
300 671 362
806 671 283
41 671 155
692 671 498
729 671 444
75 671 202
731 677 172
601 677 383
32 677 363
665 677 286
300 677 465
806 677 172
41 677 516
692 677 467
729 677 786
75 677 238
731 680 163
601 680 401
32 680 314
665 680 574
300 680 312
806 680 237
41 680 339
692 680 314
729 680 686
75 680 218
731 705 628
601 705 327
32 705 287
665 705 459
300 705 372
806 705 156
41 705 230
692 705 779
75 705 353
731 731 345
601 731 389
32 731 363
665 731 411
806 731 411
41 731 414
692 731 498
729 731 414
75 731 198
731 742 285
601 742 401
32 742 195
665 742 519
300 742 372
806 742 186
41 742 186
729 742 709
75 742 353
731 753 373
601 753 402
32 753 252
665 753 668
300 753 317
806 753 373
41 753 286
692 753 252
729 753 686
75 753 317
731 806 339
601 806 208
32 806 419
665 806 507
300 806 160
806 806 493
41 806 391
729 806 511
75 806 474
601 44 444
665 44 745
300 44 416
806 44 283
41 44 266
692 44 117
601 85 390
32 85 3
806 85 282
41 85 733
601 118 127
665 118 400
300 118 541
692 118 21
729 118 638
75 118 17
601 794 270
32 794 710
665 794 479
41 794 391
692 794 129
729 794 558
75 794 237
32 924 65
665 924 809
692 924 24
729 924 65
75 924 22
790 731 775
796 731 180
718 601 883
715 601 726
790 601 668
794 601 634
381 601 616
298 601 317
796 601 220
790 32 383
794 32 365
718 665 817
381 665 616
790 665 400
794 665 366
298 665 317
715 665 233
796 665 220
790 300 965
715 300 354
796 300 291
718 300 285
298 300 285
381 300 262
794 300 203
298 806 562
796 806 114
790 806 132
715 806 113
790 41 186
298 41 968
381 41 883
718 41 77
381 692 663
718 692 625
298 692 603
790 692 474
794 692 474
715 692 474
796 692 320
796 729 491
298 729 317
381 729 349
790 729 40
718 729 24
796 75 715
298 75 195
790 75 119
381 75 3
442 794 430
458 794 799
463 794 6
1 794 64
47 794 1
350 718 722
458 718 351
47 718 551
463 718 24
350 381 1097
463 381 634
442 381 271
458 381 269
47 381 139
458 715 599
442 715 297
1 715 767
350 298 1097
56 298 575
1 298 473
458 298 317
47 298 256
54 298 138
350 790 732
458 790 305
47 790 903
56 796 639
1 796 255
458 796 11
350 796 1
16 458 757
87 458 641
333 458 598
234 458 478
375 458 341
234 54 125
234 1 192
77 1 185
87 1 361
16 350 979
375 350 660
77 350 660
87 350 558
333 350 311
375 442 750
234 442 631
415 442 607
333 442 598
16 442 453
87 442 243
16 47 949
77 47 1300
333 47 126
87 47 286
87 56 772
375 463 1298
77 463 982
333 463 598
415 463 334
234 463 283
87 463 156
405 333 1123
411 333 559
364 333 484
88 333 312
405 16 503
364 16 630
377 16 17
411 16 126
407 16 15
405 234 530
364 234 484
436 234 460
250 234 341
88 234 312
411 234 261
407 77 63
407 87 166
411 87 28
407 375 1258
436 375 548
411 375 358
405 375 317
364 375 282
88 375 275
407 415 721
436 415 670
405 415 430
411 415 311
364 415 283
424 364 536
298 364 480
362 364 405
208 364 398
168 364 312
206 364 303
206 411 782
208 411 692
298 411 595
362 411 343
424 411 332
267 411 289
208 407 1282
206 407 804
298 407 762
362 407 700
424 407 332
267 407 289
168 88 17
424 88 4
362 250 1105
168 250 855
208 250 263
424 250 258
206 250 242
298 250 228
298 405 930
208 405 581
362 405 469
206 405 469
424 405 459
267 405 289
168 377 1248
424 377 466
298 377 414
362 377 320
206 377 303
206 436 1106
298 436 930
208 436 885
267 436 289
424 436 183
342 208 941
330 208 319
340 208 319
379 424 993
342 424 603
355 424 603
330 424 336
340 424 336
349 424 216
379 267 463
379 298 666
343 298 332
355 298 229
330 362 386
340 362 386
330 168 528
340 168 1086
342 168 537
342 206 1176
379 206 666
69 330 1121
101 330 1008
134 330 851
69 343 1019
101 343 935
134 342 1297
69 342 916
101 342 491
101 349 1265
69 349 916
134 349 851
69 355 1289
101 355 1086
134 379 1216
134 340 798
