115
387 250 1053
769 250 1145
387 303 165
677 303 5
581 303 133
387 551 320
677 551 598
769 551 1090
581 551 997
387 810 937
677 810 697
769 810 1279
581 810 778
387 817 937
677 817 985
769 817 1287
581 817 601
387 821 937
677 821 697
769 821 1268
581 821 778
387 881 549
677 881 968
769 881 651
581 881 778
769 86 1287
769 200 20
709 387 1228
627 387 959
730 387 634
529 387 276
627 677 1225
709 677 1013
529 677 874
529 769 24
709 769 1285
627 769 18
709 581 1102
627 581 990
529 581 736
730 581 647
467 529 1225
414 529 330
122 709 1293
489 709 1298
469 709 14
88 730 1237
469 730 910
489 730 519
467 730 166
122 627 1251
469 627 1080
467 627 1052
414 627 644
88 627 114
245 489 1022
477 489 1195
259 122 509
245 122 249
307 122 247
477 122 247
259 88 605
477 88 546
259 467 237
312 467 625
245 467 1
477 469 935
312 469 908
477 414 506
245 414 411
465 259 1009
369 259 933
408 259 789
175 259 254
369 312 1275
465 312 1179
175 312 1157
175 307 1278
408 307 1278
465 307 1015
369 307 933
465 477 81
175 477 4
465 245 1256
369 245 1205
408 245 600
175 245 254
310 175 1096
365 175 967
229 175 931
339 175 342
339 408 723
310 408 723
229 408 382
339 369 1062
310 369 865
365 369 619
229 369 474
365 465 11
339 465 2
140 229 650
374 229 407
140 310 690
377 310 197
140 365 884
374 365 401
408 365 317
140 339 478
179 140 1292
101 377 922
101 374 922
70 374 761
101 326 1298
70 326 603
101 408 1296
