226
695 409 758
288 409 383
451 409 754
787 409 308
655 409 817
153 409 739
695 434 758
288 434 383
451 434 877
787 434 632
655 434 787
153 434 910
695 463 758
288 463 243
451 463 610
787 463 428
655 463 819
153 463 739
695 464 758
288 464 383
451 464 535
787 464 294
655 464 820
153 464 485
695 531 357
288 531 621
451 531 426
787 531 356
655 531 621
153 531 804
695 685 758
451 685 213
787 685 336
655 685 787
153 685 723
695 772 415
288 772 574
451 772 669
787 772 440
655 772 992
153 772 427
695 776 554
288 776 648
451 776 673
787 776 440
655 776 845
153 776 254
695 782 554
288 782 577
451 782 612
655 782 672
153 782 237
695 790 554
288 790 589
451 790 673
787 790 149
655 790 701
153 790 846
695 833 554
288 833 648
451 833 673
787 833 343
655 833 890
153 833 846
695 873 471
288 873 524
451 873 633
787 873 440
655 873 620
153 873 691
695 966 57
655 966 234
288 313 420
787 313 1
153 313 122
153 911 568
830 695 1188
581 695 1164
743 695 753
732 695 746
680 695 623
743 288 895
830 288 851
732 288 636
680 288 464
581 288 244
801 288 171
680 451 745
743 451 536
732 451 120
830 787 1065
743 787 835
801 787 129
680 787 88
801 655 1066
830 655 843
743 655 660
680 655 646
581 655 546
732 655 401
830 153 980
743 153 64
801 153 445
680 153 54
456 732 3
35 743 79
35 581 1135
481 581 980
1 581 853
54 581 742
223 581 341
54 801 1161
481 801 1112
481 830 1285
54 830 30
1 830 1
1 680 1021
49 680 771
456 680 441
481 680 316
94 54 1193
78 54 3
375 456 779
307 456 569
94 456 201
87 456 173
94 1 927
87 1 283
78 49 1287
87 49 53
375 481 1300
87 481 33
78 481 96
307 481 52
94 481 1
307 35 262
87 35 4
87 223 592
94 223 481
375 223 463
307 223 410
78 223 369
415 223 344
223 78 12
170 94 1171
250 94 893
175 94 13
377 94 4
208 94 1
223 87 2
175 307 1256
377 307 1137
170 307 1064
250 307 969
250 375 260
170 375 260
208 415 678
223 415 184
298 208 905
358 208 609
168 208 547
266 208 361
362 208 241
208 208 212
298 175 959
358 175 824
168 175 545
266 175 545
362 175 241
208 175 180
298 170 1277
168 170 952
208 170 579
266 170 445
358 170 214
362 250 1185
168 250 952
358 250 784
208 250 497
266 250 291
298 250 275
168 377 1267
266 377 1215
362 377 437
298 223 783
362 223 689
358 223 643
168 223 624
266 223 520
208 223 446
340 208 555
374 208 555
395 208 555
363 208 496
389 208 294
407 358 1174
389 358 790
395 358 501
340 358 476
363 358 345
349 358 313
395 298 1232
374 298 782
389 298 634
340 298 386
374 266 1248
407 266 479
395 266 308
340 266 308
407 362 885
374 362 516
340 362 516
395 362 516
340 168 1134
133 363 1286
96 363 739
133 389 957
101 374 903
133 374 774
133 340 1299
101 395 860
96 395 819
101 349 1278
133 349 1198
133 407 1277
101 407 1066
