395
601 388 213
665 388 257
143 388 498
482 388 252
224 388 406
149 388 307
270 388 268
628 388 650
607 388 151
781 388 389
601 401 324
665 401 341
143 401 357
482 401 264
224 401 207
149 401 478
270 401 140
628 401 650
607 401 416
781 401 425
601 433 213
665 433 221
143 433 223
224 433 154
149 433 247
270 433 175
628 433 650
607 433 320
781 433 383
601 459 280
665 459 210
143 459 301
482 459 316
224 459 323
149 459 227
270 459 316
628 459 650
607 459 321
781 459 321
601 530 289
665 530 166
143 530 306
482 530 166
224 530 346
149 530 223
270 530 266
628 530 650
607 530 235
781 530 310
601 593 310
665 593 257
143 593 435
482 593 301
224 593 346
149 593 223
628 593 650
607 593 331
781 593 426
601 595 308
665 595 224
143 595 404
224 595 483
149 595 270
270 595 322
628 595 587
607 595 416
781 595 578
601 599 256
665 599 140
143 599 535
482 599 455
224 599 309
149 599 270
270 599 145
628 599 650
607 599 331
781 599 310
601 610 310
665 610 221
143 610 404
482 610 324
224 610 323
149 610 307
628 610 650
607 610 235
781 610 267
601 652 319
665 652 355
143 652 227
224 652 262
149 652 247
270 652 250
628 652 650
607 652 235
781 652 320
601 677 310
143 677 582
482 677 418
224 677 346
149 677 582
270 677 221
628 677 650
607 677 235
781 677 377
601 705 268
665 705 201
482 705 260
224 705 356
149 705 172
270 705 251
607 705 331
781 705 493
601 719 208
665 719 209
143 719 586
224 719 411
149 719 586
270 719 268
628 719 650
607 719 135
781 719 481
601 737 333
665 737 221
143 737 614
482 737 455
224 737 309
149 737 684
270 737 268
628 737 650
781 737 310
601 738 310
665 738 278
143 738 309
482 738 296
149 738 307
270 738 322
628 738 350
607 738 416
781 738 526
601 778 309
665 778 331
482 778 452
224 778 331
149 778 272
270 778 379
628 778 865
607 778 337
781 778 499
601 817 352
665 817 285
143 817 460
482 817 304
224 817 299
149 817 457
270 817 439
628 817 424
607 817 363
781 817 386
601 824 352
665 824 355
143 824 187
482 824 140
224 824 355
270 824 491
628 824 355
781 824 602
601 825 352
665 825 285
482 825 365
224 825 576
149 825 339
270 825 476
628 825 402
607 825 339
781 825 572
601 839 217
665 839 439
224 839 524
149 839 314
270 839 491
628 839 865
781 839 367
601 847 352
665 847 439
143 847 173
482 847 273
224 847 447
149 847 314
270 847 491
628 847 865
607 847 496
781 847 461
601 878 352
665 878 285
143 878 365
482 878 273
224 878 299
149 878 377
270 878 302
628 878 865
607 878 569
781 878 448
601 880 356
665 880 158
143 880 530
482 880 452
149 880 155
270 880 449
628 880 402
607 880 569
781 880 456
601 885 352
143 885 173
482 885 273
224 885 245
149 885 272
270 885 351
628 885 865
607 885 159
781 885 598
601 919 221
665 919 140
143 919 57
482 919 119
224 919 658
601 967 112
665 967 97
143 967 10
224 967 921
628 967 275
607 967 121
781 967 27
741 601 400
785 601 287
736 601 164
747 665 315
719 665 315
785 665 279
741 665 264
736 665 249
719 143 419
747 143 675
736 143 18
785 143 1
736 482 760
747 482 659
785 482 575
719 482 394
741 482 220
719 224 428
747 224 139
56 224 33
741 224 2
56 149 491
719 149 2
785 270 795
736 270 795
719 270 681
747 270 650
605 270 490
56 270 397
736 628 729
747 628 512
785 628 512
719 628 485
605 628 407
741 628 400
56 628 350
736 607 808
785 607 388
56 607 350
605 607 317
736 781 60
785 781 863
741 781 521
56 781 7
208 719 757
1 719 876
93 719 526
313 719 181
35 747 1269
355 747 498
355 741 653
208 741 35
414 741 1
35 736 853
93 736 160
355 736 322
208 736 346
313 785 623
93 785 1224
49 785 665
313 56 587
93 56 1231
355 56 530
35 605 1077
313 605 611
1 605 598
93 605 510
414 605 349
355 605 257
208 605 247
78 49 1218
402 49 2
78 355 421
18 355 390
329 355 374
402 355 274
78 208 290
39 208 251
402 208 216
329 93 81
18 35 1234
329 35 560
18 313 1061
329 313 683
78 313 527
402 313 274
375 414 1146
415 414 986
39 414 656
402 414 549
329 414 331
18 414 328
78 414 197
100 78 882
433 78 231
411 78 242
408 78 59
436 375 731
416 375 665
17 375 643
408 375 356
17 39 1296
100 39 63
100 18 817
411 18 211
433 402 1140
416 402 623
408 402 601
17 402 217
100 329 983
433 329 537
17 329 454
436 329 437
408 415 997
436 415 595
416 415 579
433 415 315
50 100 841
168 100 344
298 411 599
267 411 430
402 411 198
168 411 165
298 408 882
402 408 692
267 408 430
402 433 692
267 433 676
267 17 48
168 17 1296
298 17 4
298 436 882
267 436 430
402 436 390
402 416 499
298 416 275
168 416 259
343 402 579
330 402 491
349 402 450
348 50 1186
349 50 10
363 50 19
343 298 449
363 298 259
330 298 259
348 264 1175
330 168 505
367 168 916
348 267 1138
363 267 586
133 363 1295
69 363 1012
69 343 1012
69 330 1122
134 330 744
133 349 1220
69 349 923
134 349 744
133 367 1300
69 367 621
69 348 1012
133 348 919
