278
782 277 477
605 277 60
441 277 179
10 277 392
770 277 363
782 560 690
605 560 832
537 560 642
441 560 438
10 560 474
770 560 874
76 560 839
782 566 488
605 566 267
537 566 267
441 566 213
10 566 544
770 566 547
76 566 627
782 578 651
605 578 226
537 578 169
441 578 125
10 578 640
770 578 695
76 578 1116
782 583 690
605 583 463
537 583 348
441 583 438
10 583 474
770 583 903
76 583 787
782 594 736
605 594 656
537 594 348
441 594 357
10 594 360
770 594 379
76 594 983
782 741 472
605 741 722
537 741 348
441 741 438
10 741 474
770 741 458
76 741 1116
782 815 500
605 815 608
537 815 462
441 815 213
10 815 630
770 815 293
76 815 759
782 825 182
605 825 608
537 825 131
441 825 740
10 825 630
770 825 507
76 825 740
782 842 490
605 842 506
537 842 360
441 842 435
10 842 237
770 842 557
76 842 490
782 880 182
605 880 506
537 880 236
441 880 236
10 880 662
770 880 527
76 880 727
782 983 143
605 983 8
441 983 120
10 983 601
605 89 208
441 89 724
10 89 448
537 230 120
10 230 15
770 230 910
537 1012 101
441 1012 3
10 1012 840
770 1012 6
10 954 255
770 954 84
76 954 1076
808 782 862
753 782 440
801 782 995
820 782 21
753 605 591
801 605 567
808 605 544
820 605 500
747 605 157
785 605 146
801 537 842
747 537 658
808 537 658
753 537 560
785 537 560
820 537 543
753 441 995
747 441 995
801 441 880
820 441 543
785 441 512
808 441 512
753 10 865
747 10 1196
808 10 565
785 770 303
753 770 325
747 770 460
801 770 947
820 770 504
820 76 668
747 76 1151
801 76 806
171 747 593
348 747 959
35 747 951
157 747 41
135 747 182
157 820 265
348 820 64
171 753 1102
135 753 5
414 753 6
157 753 1
157 801 207
135 801 128
424 801 192
171 801 9
157 785 172
135 785 367
135 808 1214
157 808 839
348 808 11
35 808 8
509 135 853
412 135 649
18 135 384
375 135 338
373 135 257
509 348 1000
375 348 963
412 348 649
373 348 520
18 348 346
415 424 1196
509 424 810
375 424 777
412 424 656
373 424 364
18 424 293
37 424 177
509 157 1128
412 157 630
373 157 520
375 157 367
37 157 267
18 157 267
412 171 783
509 171 731
373 171 567
37 171 566
375 171 331
18 171 322
18 35 1026
375 35 1
375 414 1245
415 414 1055
509 414 810
412 414 579
373 414 364
37 414 177
18 414 156
375 463 1298
415 463 430
412 463 193
37 463 169
18 463 156
67 509 830
67 37 709
433 37 8
408 37 5
408 373 1218
175 373 1186
402 373 903
436 373 718
416 373 713
398 373 633
433 373 278
67 373 250
402 375 1026
416 375 614
436 375 612
398 375 452
67 18 651
408 412 854
402 412 812
398 412 731
436 412 731
433 412 435
175 412 206
416 412 184
416 415 863
402 415 812
408 415 765
436 415 574
398 415 574
433 415 325
233 175 1050
255 175 1050
411 175 892
208 175 622
298 175 534
208 402 1300
298 402 812
255 402 326
233 402 207
208 408 1011
298 408 788
233 408 474
255 408 474
208 67 139
255 67 1
208 433 1300
233 433 924
255 433 883
255 398 1117
208 398 663
233 398 604
233 436 1054
208 436 882
255 436 861
298 436 812
233 416 1054
411 416 510
208 416 409
298 416 217
214 208 1136
374 208 375
214 255 635
389 255 299
368 233 699
336 233 299
374 298 1003
368 298 699
389 298 467
355 298 215
355 428 943
368 428 883
336 428 780
214 428 655
374 428 655
214 411 1179
368 411 883
336 411 780
355 411 531
374 411 450
133 389 765
133 363 1287
101 336 1289
133 336 1187
101 355 1057
133 368 1187
101 368 869
152 374 1145
101 374 908
152 214 1300
