249
601 419 620
633 419 230
365 419 540
712 419 537
719 419 487
229 419 329
601 421 705
633 421 134
365 421 540
712 421 915
719 421 487
637 421 233
229 421 1054
601 434 620
365 434 478
712 434 915
719 434 412
229 434 1054
601 478 705
633 478 230
712 478 347
719 478 275
229 478 214
601 523 206
633 523 505
365 523 540
712 523 677
719 523 505
229 523 665
601 633 553
633 633 321
365 633 540
712 633 534
719 633 534
637 633 271
229 633 534
601 673 345
633 673 266
365 673 540
712 673 524
719 673 524
229 673 524
601 676 620
633 676 213
365 676 540
712 676 915
719 676 487
229 676 1054
601 693 705
365 693 193
712 693 915
719 693 412
229 693 1054
601 773 463
633 773 159
365 773 255
712 773 649
637 773 363
229 773 956
601 802 115
633 802 545
365 802 329
712 802 711
719 802 181
637 802 793
229 802 545
601 840 482
633 840 289
365 840 340
712 840 559
719 840 295
637 840 588
229 840 559
601 859 482
633 859 289
365 859 574
712 859 469
719 859 295
637 859 136
229 859 507
601 870 382
633 870 192
365 870 574
712 870 649
637 870 757
229 870 956
601 871 482
633 871 192
365 871 742
712 871 679
719 871 295
637 871 172
229 871 606
633 321 1
712 321 1100
637 321 426
633 865 435
365 865 574
712 865 169
719 865 202
637 865 169
229 865 436
715 601 1072
794 601 955
691 601 886
790 601 687
775 601 284
790 633 946
794 633 617
715 633 596
691 633 582
775 633 316
790 365 895
794 365 892
715 365 892
775 365 892
691 365 426
794 712 716
715 712 694
691 712 750
790 712 480
775 712 453
775 719 566
790 637 946
691 637 886
715 637 642
794 637 642
775 637 190
691 229 725
790 229 1108
794 229 20
191 794 402
458 794 1005
432 794 1002
490 794 144
463 794 1
458 715 811
432 715 921
490 715 355
191 715 54
321 790 499
350 790 559
191 790 874
458 790 465
490 790 37
350 691 771
191 691 716
490 691 705
458 691 672
432 691 432
463 691 432
458 775 773
321 775 545
463 775 17
16 458 858
333 458 843
264 458 841
112 458 838
234 458 787
375 458 248
16 350 1014
375 350 638
333 350 570
234 350 286
264 350 272
333 432 843
264 432 841
375 432 821
234 432 486
112 432 486
16 432 486
112 490 124
16 191 1210
264 191 801
112 191 781
333 191 612
375 191 353
234 191 256
16 321 1210
375 321 369
333 321 311
112 321 279
264 321 272
375 463 1299
333 463 843
264 463 841
234 463 449
364 16 665
411 16 163
405 16 673
407 16 7
405 333 1197
411 333 602
364 333 469
433 333 215
364 112 666
405 234 1021
364 234 469
411 234 256
433 234 215
411 264 865
405 264 601
364 264 469
433 264 259
407 375 1282
405 375 486
411 375 476
17 375 467
391 364 808
208 364 415
402 364 371
168 364 347
391 411 765
208 411 576
267 411 380
208 407 1295
391 407 458
267 407 380
391 405 765
208 405 533
267 405 380
208 433 1299
391 433 750
402 433 649
267 433 510
168 17 1295
267 17 71
388 208 1071
330 208 300
340 208 300
330 402 585
343 402 470
340 402 470
379 402 432
349 402 380
330 391 434
379 391 351
379 267 404
340 168 1135
330 168 511
388 168 1145
69 343 1152
69 330 1213
134 330 895
69 349 1062
134 349 895
134 388 1184
134 340 811
134 379 1261
