361
731 177 527
365 177 150
398 177 727
636 177 222
731 271 493
373 271 224
148 271 1
398 271 204
289 271 331
731 407 574
665 407 206
373 407 330
148 407 159
398 407 337
636 407 440
289 407 1052
658 407 659
731 441 574
665 441 206
365 441 498
373 441 330
148 441 274
398 441 339
636 441 440
289 441 1052
658 441 454
731 483 574
665 483 506
365 483 160
373 483 223
148 483 506
398 483 265
636 483 296
289 483 1052
658 483 253
731 532 1097
665 532 397
365 532 325
373 532 417
148 532 417
398 532 417
636 532 357
289 532 324
658 532 659
731 539 574
665 539 210
365 539 266
148 539 350
398 539 468
636 539 350
289 539 1052
658 539 397
731 597 574
665 597 374
365 597 325
373 597 524
148 597 524
398 597 558
636 597 215
289 597 1052
658 597 311
731 616 574
665 616 603
373 616 501
148 616 501
398 616 514
636 616 296
289 616 1052
658 616 412
731 705 736
665 705 236
365 705 214
373 705 436
148 705 436
398 705 540
636 705 359
289 705 1052
658 705 311
731 719 574
665 719 189
365 719 214
373 719 428
148 719 428
398 719 434
636 719 440
289 719 1052
731 720 574
665 720 277
365 720 277
373 720 181
148 720 388
398 720 387
636 720 359
289 720 902
658 720 264
731 816 332
665 816 448
365 816 286
373 816 337
148 816 214
398 816 448
636 816 687
289 816 327
658 816 480
731 823 344
665 823 576
365 823 236
373 823 610
148 823 314
398 823 451
636 823 548
658 823 168
731 884 493
665 884 85
398 884 166
636 884 485
289 884 516
789 731 844
608 731 141
606 731 50
749 731 2
789 665 627
742 665 425
606 665 292
801 665 212
608 665 199
749 665 191
677 665 147
789 365 1135
79 365 768
606 365 435
801 365 410
608 365 397
742 365 278
749 365 171
677 365 171
749 373 916
789 373 916
742 373 459
606 373 435
801 373 413
608 373 355
677 373 345
79 373 256
742 148 821
789 148 1132
79 148 346
789 398 1135
749 398 1008
801 398 669
742 398 452
608 398 355
79 398 281
606 398 213
742 636 1052
79 636 955
677 636 777
749 636 663
789 636 603
801 636 569
608 636 492
789 289 1135
749 289 783
677 289 685
801 289 583
79 289 577
742 289 418
608 289 355
742 658 1119
801 658 1024
79 658 955
789 658 485
608 658 277
749 658 119
364 749 395
363 749 58
364 742 657
322 742 732
457 742 781
343 742 19
343 606 929
364 606 641
244 606 612
322 606 590
463 606 461
457 606 451
364 608 399
322 608 301
463 608 261
363 608 184
322 79 753
364 79 1173
244 79 18
41 79 15
244 801 810
457 801 187
363 801 47
343 801 99
363 789 988
343 789 791
457 789 54
343 677 1125
41 677 1006
457 677 971
322 677 559
364 677 353
463 677 265
39 363 590
130 363 590
296 363 468
375 363 371
37 363 299
77 244 768
375 244 522
412 244 522
296 244 466
130 244 410
37 244 355
415 343 1125
77 343 1079
296 343 940
375 343 773
39 343 221
130 343 209
333 343 156
375 457 1245
77 457 657
296 457 425
412 457 378
415 457 308
412 41 115
415 41 10
375 41 89
130 364 1024
39 364 990
412 364 812
77 364 256
333 364 245
39 322 1154
77 322 1094
130 322 1024
296 322 823
412 322 811
37 322 335
375 322 335
333 322 294
39 52 12
375 463 1297
77 463 1103
415 463 491
333 463 433
412 463 403
39 463 176
408 333 893
411 333 278
365 333 271
364 333 267
175 333 257
407 77 52
407 375 1290
320 375 283
364 375 222
175 39 358
407 296 748
320 296 447
170 296 392
250 296 387
320 37 31
411 37 25
408 37 3
407 37 13
320 130 1175
175 130 558
411 130 446
408 130 325
408 412 785
407 412 454
320 412 452
411 412 420
250 412 258
365 412 198
408 415 916
407 415 914
365 415 330
320 415 189
428 364 851
424 364 705
298 364 505
208 364 416
415 364 295
208 411 759
298 411 679
424 411 437
267 411 342
298 175 721
267 175 468
208 175 444
208 407 1286
298 407 763
415 407 595
424 407 437
267 407 342
208 365 652
298 365 506
415 365 478
298 170 1214
428 170 1091
424 170 559
208 170 496
415 170 226
208 408 1056
298 408 863
424 408 548
267 408 342
415 408 315
428 250 1091
415 250 534
208 250 266
298 250 230
428 320 1053
415 320 523
298 320 488
208 320 469
214 208 1172
388 208 874
330 208 471
340 208 471
385 424 1014
379 424 986
382 424 978
388 424 523
330 424 265
340 424 265
388 415 1197
340 415 1173
382 415 964
330 415 944
214 415 448
385 415 241
379 298 707
385 298 618
340 298 200
330 298 200
379 267 518
382 428 978
214 428 491
379 428 407
388 428 360
330 428 360
69 330 1105
101 330 907
134 330 719
101 382 1134
69 382 999
134 214 1164
134 388 1097
101 388 818
134 340 679
69 385 999
101 385 765
134 379 1181
