129
751 11 107
150 11 1237
282 11 170
751 458 483
170 458 742
150 458 751
581 458 417
282 458 433
751 513 631
170 513 335
150 513 864
581 513 939
751 525 522
170 525 152
150 525 814
581 525 417
282 525 598
751 614 480
170 614 152
150 614 965
581 614 417
282 614 147
751 738 490
170 738 367
150 738 989
581 738 417
751 876 155
170 876 865
150 876 1193
581 876 303
282 876 481
751 1013 1
282 1013 527
170 69 273
150 197 988
756 751 189
804 751 1152
792 751 461
804 170 1122
792 170 66
756 150 905
792 150 1279
804 150 1245
804 581 1178
643 581 1097
792 581 809
756 581 809
804 282 999
756 282 851
792 282 609
643 282 143
352 792 1076
419 792 936
455 643 1033
352 643 492
417 643 471
419 756 1148
419 804 546
352 804 1239
143 419 1187
447 419 980
78 419 703
434 419 468
143 417 1231
447 417 1061
434 417 276
447 455 1234
143 455 1138
78 455 703
434 455 276
447 352 1264
143 352 1098
434 352 725
78 352 508
491 78 342
217 78 171
209 78 227
491 434 1269
373 434 1088
179 434 1004
237 434 785
209 434 672
237 447 1273
491 447 1269
373 447 1088
179 447 1004
209 447 672
237 143 1097
491 143 932
209 143 756
373 143 469
331 217 1249
303 217 882
264 217 802
208 217 771
298 217 547
331 237 1267
208 237 764
264 237 394
298 237 296
331 491 803
264 491 150
303 491 15
303 209 543
298 209 425
303 373 1034
264 373 560
298 373 313
208 373 266
264 179 974
303 179 755
298 179 547
379 331 773
348 208 221
389 264 1241
348 264 1112
379 264 500
389 303 264
379 298 783
389 298 717
382 298 664
133 389 942
101 382 1090
133 348 1071
101 348 1071
96 348 951
133 379 942
101 379 774
96 341 1223
