218
222 149 1097
766 149 2
222 181 116
58 181 3
766 181 875
704 181 449
104 181 335
222 362 578
58 362 1106
766 362 1050
104 362 5
222 420 1060
58 420 958
766 420 748
704 420 601
636 420 226
104 420 474
222 452 843
58 452 918
766 452 826
704 452 530
636 452 411
104 452 451
222 498 1212
58 498 1083
766 498 1004
704 498 270
636 498 342
104 498 335
222 578 943
58 578 1083
766 578 1004
704 578 445
636 578 201
104 578 430
222 639 1057
58 639 1083
766 639 1004
704 639 419
636 639 169
104 639 143
222 662 1220
58 662 958
766 662 654
704 662 147
636 662 498
222 672 1175
58 672 1002
766 672 1002
704 672 207
636 672 342
222 676 1239
58 676 958
766 676 651
704 676 537
636 676 498
222 733 1008
58 733 958
766 733 686
704 733 394
636 733 167
222 804 630
58 804 813
766 804 568
704 804 540
636 804 439
104 804 697
760 222 1186
611 222 84
646 222 161
626 222 80
760 58 1221
626 58 4
760 766 1268
769 766 441
646 704 603
611 704 200
769 704 88
626 704 78
626 636 1002
760 636 864
769 636 799
611 636 640
646 636 456
769 104 398
760 104 106
458 769 5
211 760 1130
105 760 1268
458 760 88
215 760 1
463 646 1198
483 646 1131
432 646 1024
458 646 884
211 646 727
215 646 400
463 626 1198
483 626 1131
432 626 1024
458 626 884
211 626 727
105 626 167
463 611 1198
483 611 1131
432 611 1024
458 611 884
211 611 645
375 105 104
308 105 319
333 458 919
112 458 814
68 458 675
264 458 657
139 458 630
375 458 423
308 458 328
139 483 913
333 483 842
68 483 142
112 483 256
264 483 5
333 432 919
375 432 698
68 432 675
264 432 657
139 432 630
308 432 328
112 432 311
308 215 1232
112 215 525
375 215 487
264 215 471
415 215 161
308 211 1232
112 211 525
264 211 463
68 211 372
139 211 365
333 211 344
375 211 296
375 463 1298
333 463 919
264 463 657
139 463 630
415 463 395
68 463 363
408 333 1010
214 333 850
411 333 428
364 333 428
411 308 1119
364 308 800
407 308 737
214 308 471
408 308 403
214 112 697
364 112 492
407 68 610
364 68 719
214 68 1
364 139 951
411 139 902
408 139 744
214 139 436
214 264 846
411 264 715
364 264 428
407 375 1282
436 375 478
398 375 473
408 415 1131
436 415 785
398 415 785
407 415 539
214 415 328
411 415 190
264 364 959
391 364 801
298 364 443
267 364 280
267 214 1073
264 214 1073
208 214 877
391 214 730
391 411 769
208 411 562
267 411 391
298 411 391
208 407 1297
298 407 676
267 407 410
391 407 270
208 408 1002
298 408 869
267 408 410
391 408 322
208 398 467
391 398 321
298 436 910
208 436 619
267 436 410
214 208 1181
342 208 886
340 208 352
379 391 354
379 264 354
379 267 354
379 298 551
343 298 291
101 343 978
134 342 1299
101 349 1283
134 349 783
134 214 1230
200 214 1119
134 340 723
134 379 1231
