133
727 400 917
24 400 490
509 400 834
795 400 954
759 400 1183
727 408 952
24 408 583
509 408 332
795 408 637
759 408 652
727 464 740
24 464 473
795 464 411
759 464 1041
727 475 1039
24 475 808
509 475 583
795 475 637
759 475 889
727 520 655
24 520 783
509 520 123
795 520 954
759 520 1183
727 625 830
24 625 816
509 625 583
795 625 954
759 625 1027
727 644 845
24 644 468
509 644 228
795 644 525
759 644 930
727 737 784
24 737 233
509 737 617
795 737 954
759 737 1177
727 740 952
24 740 783
509 740 158
795 740 954
759 740 1183
60 727 1068
758 727 1252
669 727 57
60 24 1274
758 24 1295
669 24 15
60 509 1229
752 509 1058
669 509 665
758 509 584
60 795 391
758 795 821
60 759 603
752 759 439
758 759 91
229 669 1226
463 669 750
378 669 750
32 669 196
378 758 188
229 758 95
229 752 127
378 752 17
229 60 374
378 60 158
169 32 1037
104 32 2
455 229 1005
107 229 862
169 229 862
403 229 768
104 229 189
107 378 1020
455 378 1005
169 378 935
403 378 602
104 378 412
414 463 1295
403 463 241
455 463 188
259 169 694
412 169 540
11 169 540
416 169 469
436 169 323
398 169 295
259 455 1063
11 107 1296
416 403 1176
412 403 1140
398 403 869
259 403 692
436 403 606
436 414 1017
398 414 996
416 414 823
259 414 692
412 414 576
259 104 129
208 11 3
140 259 792
208 259 340
233 416 959
140 416 670
208 416 410
298 416 213
140 436 1088
208 436 1088
233 436 959
298 436 823
255 436 816
267 436 252
255 398 1070
208 398 813
140 398 813
233 398 529
140 412 1157
255 412 1070
298 412 823
233 412 337
267 412 252
214 208 1147
214 255 514
368 233 692
368 298 692
368 267 611
152 368 781
152 214 1300
76 214 1071
