210
463 454 517
209 454 752
409 454 533
779 454 752
9 454 957
463 465 468
209 465 924
779 465 848
9 465 939
463 524 607
209 524 353
409 524 780
779 524 596
9 524 685
463 542 517
209 542 852
409 542 780
779 542 899
9 542 702
463 585 338
209 585 393
409 585 780
779 585 768
9 585 791
463 595 300
209 595 474
409 595 717
779 595 645
9 595 731
463 706 386
209 706 675
409 706 489
779 706 426
9 706 905
463 714 517
209 714 852
409 714 533
779 714 918
9 714 894
463 742 563
209 742 852
409 742 535
779 742 918
9 742 763
209 334 22
779 334 658
9 334 439
209 972 1221
9 972 830
15 463 905
729 463 851
796 463 777
412 463 547
524 463 540
135 463 353
524 209 450
729 209 1136
412 209 748
15 209 1
524 409 864
15 409 593
729 409 479
135 409 479
796 409 449
412 409 181
796 779 809
412 779 896
729 779 201
524 9 457
412 9 928
729 9 60
135 9 1
31 15 1213
496 15 606
185 15 12
31 135 1184
496 135 870
185 135 232
496 412 895
31 412 662
185 412 581
150 412 548
220 412 423
483 412 200
483 796 310
31 796 972
185 796 83
496 524 998
150 524 947
185 524 581
31 524 497
220 524 354
483 524 314
150 729 635
412 220 619
20 220 614
375 220 521
87 220 481
64 220 424
121 220 274
20 496 1261
412 483 351
87 31 760
64 31 1278
20 31 838
121 31 7
64 185 637
20 185 614
375 185 521
87 185 481
412 185 346
412 150 817
64 150 688
121 150 258
416 375 655
436 375 655
398 375 634
114 375 553
226 375 375
408 375 308
112 87 1195
226 87 225
114 64 1190
112 64 1063
408 64 5
114 20 376
408 20 222
226 20 24
112 20 2
436 412 919
398 412 919
408 412 855
416 412 361
226 412 260
398 415 796
436 415 796
408 415 780
416 415 742
226 415 359
112 415 157
114 121 10
408 121 9
112 121 2
417 226 1215
402 226 461
407 226 249
267 114 39
407 114 12
424 114 29
324 408 658
402 408 648
424 408 444
267 408 398
324 398 669
424 398 566
402 398 507
417 398 436
407 398 191
324 436 715
267 436 398
402 436 280
424 436 280
417 436 240
324 416 715
417 416 399
424 416 399
402 416 343
324 112 35
368 402 1077
342 402 585
330 402 566
379 402 563
343 402 454
349 402 371
379 424 945
342 424 627
330 424 348
368 424 348
349 424 237
368 417 1080
330 417 1080
379 417 919
342 417 585
349 417 237
343 417 229
330 407 1080
368 407 1080
379 407 919
342 407 585
343 407 361
349 407 237
368 267 655
379 267 517
342 324 671
379 324 517
349 324 454
134 342 1296
69 342 1008
101 342 464
69 343 1100
101 343 937
69 330 1124
101 330 923
134 330 866
101 349 1278
69 349 1041
134 349 866
134 368 1296
101 368 960
134 379 1226
