122
295 552 930
596 552 310
778 552 802
752 552 305
740 552 1001
295 772 847
596 772 849
778 772 93
752 772 568
740 772 568
295 784 847
596 784 683
778 784 1054
752 784 507
740 784 507
295 806 933
596 806 849
752 806 807
740 806 1123
295 845 847
596 845 887
778 845 547
752 845 807
740 845 746
295 865 847
596 865 829
778 865 1088
752 865 322
740 865 518
295 876 847
596 876 849
778 876 547
752 876 354
740 876 138
778 905 992
740 905 861
801 295 1207
796 295 1192
751 295 1123
543 295 128
801 596 1135
796 596 976
751 596 809
543 596 667
751 778 1007
796 778 787
543 778 429
543 752 893
751 752 1
543 740 782
751 740 1100
439 543 1113
254 543 511
54 543 339
456 543 339
370 543 336
3 543 162
439 796 1003
370 796 1092
244 796 24
244 801 977
54 801 976
439 751 1139
370 751 343
87 439 1106
312 439 1104
94 439 405
375 456 770
87 456 382
94 456 369
94 54 1127
87 370 1220
94 370 1167
312 370 1011
375 244 989
87 244 717
94 244 717
312 244 583
375 3 283
312 3 141
87 254 1035
312 254 776
94 254 444
375 254 216
175 312 803
311 312 668
250 94 1040
170 94 1184
175 94 22
311 87 61
402 375 1136
311 375 860
298 175 729
208 175 408
140 175 269
266 175 236
208 250 591
266 250 310
298 170 1214
208 170 922
266 170 420
140 402 1299
208 402 1296
298 402 1000
266 402 429
140 311 979
208 311 979
138 140 340
326 208 385
395 208 383
374 208 383
138 208 312
395 298 1178
374 298 722
374 266 1293
326 266 929
395 266 420
68 138 1217
101 377 1077
101 395 863
101 374 1090
101 326 1298
