190
271 458 384
505 458 616
539 458 787
726 458 1253
271 465 930
505 465 894
539 465 817
726 465 996
271 495 472
505 495 472
539 495 1063
726 495 1180
271 513 598
505 513 585
539 513 789
726 513 896
271 621 930
505 621 893
539 621 787
726 621 1247
271 771 888
505 771 520
539 771 531
726 771 1191
271 773 888
505 773 709
539 773 705
726 773 739
271 778 888
505 778 566
539 778 781
726 778 1185
271 838 888
505 838 511
539 838 531
726 838 739
271 879 714
505 879 511
539 879 401
726 879 728
271 972 64
539 972 53
774 271 1111
597 271 1013
698 271 645
732 271 449
613 271 449
774 505 1032
597 505 1013
613 505 669
698 505 645
732 505 305
597 539 1013
774 539 909
698 539 645
732 539 577
613 539 126
597 726 634
774 726 28
409 732 590
153 732 24
208 597 1023
153 597 727
409 597 380
370 597 365
396 597 345
153 698 1230
409 698 994
370 698 618
208 698 539
396 698 345
409 774 253
208 774 585
396 774 7
409 613 965
153 613 727
370 613 618
208 613 368
396 613 158
420 396 1018
292 396 886
361 396 788
143 396 580
87 396 350
390 396 255
361 153 1145
420 153 957
292 153 886
143 153 730
87 153 654
390 153 255
361 208 1145
420 208 1018
292 208 886
143 208 730
87 208 559
390 208 255
87 370 1042
361 370 680
292 370 554
420 370 554
143 370 398
361 409 1007
87 409 644
420 409 599
390 409 184
143 409 175
385 420 1110
209 420 693
297 420 357
366 420 310
209 87 80
366 361 1031
408 361 392
385 361 387
276 361 288
175 361 226
175 292 1240
408 292 1240
385 292 1226
276 292 1084
209 292 1033
297 292 789
366 292 396
385 143 1094
209 143 1033
297 143 789
175 143 450
366 143 396
408 143 352
276 143 352
385 390 1110
366 390 813
297 390 767
209 390 693
408 390 596
276 390 432
175 390 288
255 366 915
233 366 915
303 366 676
310 366 514
298 366 478
255 175 1123
233 175 1057
310 175 1020
303 175 653
298 175 651
255 276 1123
233 276 1057
303 276 822
298 276 615
310 276 514
298 408 819
310 408 564
233 408 334
255 408 228
255 385 1048
303 385 661
233 385 649
298 385 256
310 385 246
303 209 515
298 209 487
233 209 367
255 209 337
310 209 329
303 297 676
298 297 388
233 297 356
255 297 244
389 255 243
379 233 590
312 233 560
186 233 560
138 233 356
312 303 312
186 303 308
379 310 490
389 310 301
186 310 270
379 298 590
389 298 569
312 298 519
68 138 1166
133 389 1084
133 379 1084
133 312 767
123 186 996
68 186 843
