261
788 237 798
812 237 930
75 237 433
788 406 307
273 406 307
812 406 941
510 406 307
453 406 442
75 406 563
788 476 394
273 476 394
812 476 824
510 476 490
453 476 665
75 476 598
788 502 760
273 502 317
812 502 941
510 502 883
453 502 455
75 502 458
788 522 611
273 522 233
812 522 941
510 522 275
453 522 428
75 522 534
788 634 650
273 634 331
812 634 941
510 634 344
453 634 435
75 634 534
788 673 726
273 673 428
812 673 941
510 673 275
453 673 441
75 673 441
788 674 723
273 674 317
812 674 976
510 674 552
453 674 455
75 674 237
788 690 723
273 690 322
812 690 941
510 690 470
453 690 241
75 690 458
788 695 378
812 695 941
510 695 362
453 695 442
75 695 563
788 746 746
812 746 902
510 746 268
453 746 479
75 746 563
788 754 561
273 754 374
812 754 941
510 754 362
453 754 455
75 754 659
788 757 248
273 757 374
812 757 941
510 757 403
453 757 193
75 757 659
788 788 628
273 788 595
812 788 193
510 788 706
453 788 700
75 788 715
788 820 628
273 820 149
812 820 595
510 820 706
453 820 700
75 820 715
788 842 438
812 842 705
510 842 259
453 842 761
75 842 767
453 950 392
75 950 1012
796 788 575
610 788 853
703 788 329
651 788 2
651 273 910
796 273 831
703 273 799
636 273 734
610 273 168
796 812 770
636 812 263
651 510 951
610 510 889
636 510 709
796 510 539
703 510 302
796 453 899
610 453 690
636 453 604
651 453 597
703 453 574
796 75 1041
610 75 6
1 610 1124
455 610 857
413 610 573
142 610 553
297 610 483
1 636 1124
297 636 929
413 636 880
469 636 724
455 636 549
142 636 364
142 796 945
1 796 344
413 796 66
455 796 1
1 651 1124
413 651 1052
455 651 574
142 651 553
297 651 483
469 651 429
1 703 1124
413 703 1052
469 703 649
455 703 574
297 703 483
142 703 403
87 1 464
337 1 421
413 1 53
415 455 1082
413 455 961
402 455 877
412 455 660
337 455 220
412 469 405
337 469 805
413 469 108
402 469 3
413 413 961
402 413 877
87 413 799
412 413 660
337 413 220
402 297 612
413 297 612
412 297 461
87 297 372
337 142 1048
402 142 983
412 142 971
87 142 632
415 142 348
413 142 299
17 337 989
433 337 651
309 337 628
222 337 576
408 337 361
208 337 295
180 337 286
433 87 88
408 413 1159
309 413 420
208 413 410
433 413 381
222 413 202
433 402 1222
408 402 852
309 402 501
208 402 422
180 402 388
17 402 191
222 402 184
408 412 919
17 412 478
433 412 426
208 412 421
180 412 286
222 412 283
408 415 1159
208 415 421
309 415 420
222 415 333
433 415 304
180 415 286
344 208 936
168 208 682
423 208 420
208 208 413
208 408 906
423 408 422
266 408 350
208 433 1300
344 433 885
423 433 422
266 433 217
344 222 880
208 222 747
423 222 428
168 222 367
266 222 264
423 17 978
168 17 1288
344 309 629
423 309 569
168 309 286
266 309 261
208 180 928
423 180 642
344 180 541
168 180 541
214 208 1129
388 208 850
367 208 801
324 208 539
340 208 347
374 208 347
388 423 1187
340 423 1160
324 423 1128
374 423 391
367 423 260
374 266 1268
214 266 562
367 266 469
367 344 1123
374 344 760
214 344 562
388 344 313
340 168 1092
388 168 1131
367 168 869
324 168 1052
101 374 938
95 374 806
133 374 771
95 324 1256
133 324 911
101 324 488
101 214 685
95 388 1256
101 388 973
133 340 1300
133 367 1300
95 367 1256
