250
677 388 434
763 388 965
308 388 531
405 388 293
432 388 701
595 388 718
677 398 185
763 398 703
308 398 672
405 398 470
432 398 279
595 398 703
677 432 379
763 432 493
308 432 672
405 432 238
432 432 275
595 432 701
677 493 464
763 493 925
308 493 363
405 493 554
432 493 234
595 493 596
677 513 380
763 513 262
308 513 397
405 513 315
432 513 421
595 513 455
677 602 185
763 602 890
308 602 534
432 602 404
595 602 718
677 629 379
763 629 453
308 629 624
405 629 321
432 629 259
595 629 518
677 652 221
763 652 141
308 652 658
405 652 461
432 652 151
595 652 805
677 661 379
763 661 385
308 661 547
405 661 321
432 661 456
595 661 805
677 784 645
308 784 408
405 784 692
432 784 377
595 784 769
677 816 645
763 816 492
308 816 364
405 816 539
432 816 366
595 816 769
677 839 645
763 839 294
308 839 434
405 839 495
432 839 431
595 839 769
677 871 645
763 871 492
405 871 502
595 871 769
677 877 645
763 877 335
405 877 662
432 877 377
595 877 769
763 1013 12
595 1013 308
432 120 20
627 677 1038
804 677 944
756 677 501
613 677 454
591 677 426
756 763 150
627 763 155
804 308 1119
627 308 955
613 308 723
756 308 306
278 308 278
591 308 262
278 405 1164
804 405 1126
627 405 955
756 405 938
613 405 723
591 405 172
613 432 678
756 432 678
804 432 650
278 432 435
627 432 307
591 432 172
804 595 852
627 595 687
278 595 670
613 595 454
756 595 264
419 756 933
406 756 18
401 591 931
406 591 758
366 591 572
364 591 567
507 591 427
169 591 427
419 591 223
366 278 690
507 278 577
364 278 427
419 278 311
406 627 934
419 627 582
401 627 493
507 627 276
169 627 224
364 627 107
406 613 934
364 613 601
169 613 224
419 613 169
419 804 370
169 804 397
401 804 355
143 419 1162
447 419 724
412 419 560
129 419 520
78 419 459
434 419 402
174 419 274
174 366 1082
447 366 978
412 366 896
143 366 410
78 366 299
143 507 39
78 507 1
143 406 1162
447 406 1046
129 406 520
78 406 459
412 406 432
174 406 274
129 169 683
434 169 682
174 169 679
78 169 547
143 169 500
447 169 428
143 401 1162
447 401 584
78 401 520
129 401 520
412 401 490
174 401 296
174 364 1082
412 364 1040
434 364 682
447 364 520
78 364 273
237 447 1270
373 447 1112
209 447 764
209 78 251
408 78 43
408 434 1283
373 434 1112
209 434 764
297 434 590
237 434 308
297 129 1037
175 129 740
408 129 597
373 129 594
209 129 287
237 129 259
237 174 1048
209 174 976
297 174 958
175 174 814
408 174 597
373 174 390
237 143 1048
209 143 976
297 143 958
373 143 390
408 143 334
373 412 841
209 412 778
408 412 746
237 412 721
175 412 243
264 175 907
303 175 723
298 175 615
202 175 492
208 175 154
208 408 830
298 408 786
303 209 590
298 209 390
303 373 1208
264 373 490
298 373 335
303 297 653
264 297 438
298 297 335
202 297 271
208 237 597
202 237 537
264 237 453
298 237 390
303 237 224
389 202 814
408 208 1098
408 303 789
389 303 284
389 264 1210
346 264 1118
408 264 291
389 298 638
408 298 600
382 298 600
341 298 258
101 346 1283
133 346 1043
133 389 1043
101 382 903
96 341 1260
101 377 761
133 403 1043
96 403 625
101 408 1294
133 408 806
96 408 625
