291
609 222 727
824 222 1181
702 222 95
609 392 970
824 392 234
357 392 127
581 392 1097
4 392 614
617 392 127
678 392 1022
609 429 888
824 429 201
581 429 888
4 429 614
617 429 298
678 429 299
702 429 267
609 565 284
824 565 1086
357 565 413
581 565 271
4 565 350
617 565 307
678 565 392
702 565 415
609 572 970
824 572 1086
357 572 254
581 572 1151
4 572 614
678 572 463
702 572 286
609 630 668
824 630 1086
357 630 254
581 630 534
4 630 682
617 630 328
678 630 924
702 630 182
609 832 776
824 832 194
357 832 313
581 832 194
4 832 656
617 832 257
678 832 194
702 832 744
609 851 622
824 851 517
357 851 524
581 851 517
4 851 141
617 851 574
678 851 507
702 851 438
609 853 272
824 853 166
357 853 524
581 853 182
617 853 272
678 853 192
702 853 438
609 859 592
824 859 229
357 859 313
581 859 820
4 859 546
617 859 574
678 859 229
702 859 784
609 872 307
357 872 285
581 872 864
4 872 656
617 872 653
702 872 744
609 882 343
824 882 166
357 882 465
581 882 183
4 882 715
702 882 726
609 885 308
357 885 524
581 885 810
4 885 546
617 885 328
609 894 433
824 894 166
357 894 185
581 894 383
4 894 431
617 894 292
702 894 438
702 313 339
643 609 1096
611 609 705
626 609 609
730 609 491
680 609 335
769 609 271
781 609 204
626 824 563
643 824 359
680 357 899
781 357 556
769 357 554
611 357 521
730 357 521
643 357 519
678 357 326
626 357 221
643 581 1235
611 581 705
680 581 678
626 581 371
769 581 271
730 581 251
781 581 167
626 4 342
769 4 1030
678 4 391
781 4 16
643 4 53
680 4 2
643 617 1033
611 617 705
730 617 491
626 617 388
680 617 308
769 617 199
643 678 1208
611 678 705
626 678 603
730 678 491
680 678 341
781 678 217
678 678 201
678 702 1137
643 702 1085
680 702 958
611 702 705
626 702 383
769 702 271
730 702 251
781 702 162
280 643 1199
287 643 1122
93 643 829
38 643 795
483 643 442
402 643 376
38 730 1189
69 730 76
402 769 1044
59 769 564
483 626 1202
38 626 965
59 626 965
402 626 965
38 678 795
483 678 714
402 678 376
93 678 337
59 678 300
280 678 189
402 781 218
59 781 1271
287 781 129
483 781 12
93 781 1
59 680 300
483 680 236
280 680 236
69 680 189
483 611 1202
280 611 1199
59 611 116
38 611 114
402 611 114
375 280 1261
333 280 728
129 280 566
139 280 288
48 38 863
55 38 605
50 38 144
139 38 32
139 483 869
333 483 817
375 287 1012
48 287 723
333 287 502
139 287 460
50 287 349
48 93 201
139 93 56
48 69 1298
129 69 40
55 402 1234
375 402 784
50 402 698
129 402 629
50 59 1114
129 59 173
333 59 4
55 59 5
408 333 1168
355 333 721
307 333 369
88 333 268
364 333 235
408 50 26
364 50 6
441 50 1
307 129 906
364 129 554
441 129 416
407 129 396
442 129 396
408 129 291
364 139 888
441 139 798
408 139 796
355 139 687
355 48 242
88 48 1229
441 48 7
407 375 1296
442 375 1257
355 375 582
441 375 425
364 375 285
364 55 174
407 55 1
408 55 10
408 415 1203
355 415 1013
407 415 523
307 415 200
264 364 1009
391 364 683
208 364 399
391 88 82
208 407 1297
416 407 574
360 407 546
416 441 976
208 441 957
391 441 664
360 441 536
208 408 1203
416 408 976
391 408 245
208 442 1290
416 442 976
360 442 545
416 307 1021
264 307 1009
208 307 699
391 307 680
168 307 393
360 307 259
208 355 1151
264 355 918
416 355 769
391 355 618
214 208 1214
154 208 854
326 208 388
340 208 332
326 360 1092
154 360 699
214 360 699
340 360 529
154 391 1041
214 416 1234
154 416 569
326 416 510
348 264 1044
154 264 363
340 168 1110
101 382 1198
152 214 1300
101 214 599
101 326 1298
101 340 782
152 348 1224
101 348 1169
152 154 1300
