265
685 416 669
657 416 795
667 416 799
22 416 369
57 416 596
260 416 129
545 416 687
685 504 669
665 504 249
657 504 237
667 504 799
22 504 369
57 504 635
260 504 394
545 504 430
685 507 641
665 507 318
657 507 795
667 507 414
22 507 149
57 507 240
260 507 190
685 573 192
657 573 660
667 573 480
22 573 558
57 573 596
260 573 386
545 573 687
685 771 340
657 771 725
667 771 695
22 771 265
57 771 769
545 771 730
685 782 362
665 782 274
657 782 122
667 782 399
22 782 951
545 782 730
685 790 362
665 790 318
657 790 725
667 790 531
22 790 989
260 790 293
545 790 794
685 830 877
665 830 312
657 830 725
667 830 531
22 830 103
545 830 730
685 833 362
665 833 328
657 833 725
667 833 485
22 833 1024
545 833 932
685 869 362
665 869 317
667 869 531
22 869 672
260 869 306
545 869 584
685 883 340
665 883 274
657 883 322
22 883 426
57 883 505
545 883 670
665 223 112
22 223 6
57 223 26
545 223 218
665 608 249
657 608 184
667 608 583
22 608 707
57 608 596
260 608 394
545 608 687
665 808 253
657 808 725
667 808 531
22 808 469
545 808 670
665 903 286
57 903 474
545 903 796
665 961 367
657 961 664
22 961 470
57 961 328
545 961 858
657 884 322
667 884 531
22 884 672
260 884 525
545 884 932
801 685 930
762 685 609
798 685 565
656 685 534
796 685 212
801 665 512
762 665 512
798 665 512
725 665 156
656 665 144
762 657 685
798 657 565
801 657 516
656 657 370
725 657 370
796 657 272
656 667 635
796 667 463
725 667 252
801 667 179
798 667 167
656 22 696
725 22 1123
762 22 9
796 22 108
762 57 144
725 260 1102
798 260 863
656 260 816
797 260 504
762 260 489
796 260 426
801 260 403
762 545 976
797 545 829
656 545 590
798 545 567
725 545 567
801 545 305
796 545 245
234 656 1119
1 656 574
56 656 541
69 656 456
463 656 418
54 798 1049
56 798 700
234 798 129
69 798 20
56 797 420
69 797 1282
54 797 15
69 725 270
54 801 1197
56 796 793
1 796 134
234 762 912
54 762 350
69 762 7
77 1 193
87 1 216
413 1 18
402 32 20
76 32 1
402 54 368
76 54 69
413 109 2
48 234 652
402 234 580
87 234 359
413 234 279
413 69 23
48 69 1291
76 69 1248
87 69 10
87 56 820
76 56 10
375 463 1298
77 463 981
415 463 547
413 463 348
402 463 187
407 77 36
251 87 354
407 87 132
408 413 1148
436 413 1092
398 413 1071
416 413 726
251 413 292
385 413 277
407 413 133
88 48 1248
385 48 8
407 375 1257
416 375 779
436 375 596
398 375 368
385 375 330
88 375 299
416 402 787
385 402 486
407 402 363
408 402 351
251 402 292
408 415 931
407 415 925
385 415 909
416 415 517
436 415 485
398 415 485
251 415 292
88 76 1243
168 88 4
208 407 1300
206 407 937
298 407 789
362 407 666
208 408 1094
362 408 1086
206 408 1086
298 408 936
298 251 432
168 251 301
208 385 1236
206 385 959
298 385 374
362 385 226
206 398 1278
362 398 1106
208 398 638
206 436 1154
298 436 1007
208 436 815
206 416 1278
362 416 1106
208 416 401
298 416 374
388 208 1027
342 208 1027
340 208 367
330 208 367
343 298 315
340 362 334
342 168 582
388 168 1175
340 168 1183
330 168 632
342 206 1224
388 206 1205
69 343 1075
101 343 1038
69 330 1124
101 330 931
134 330 867
134 342 1299
69 342 985
101 349 1284
69 349 985
134 349 867
134 340 711
134 388 1124
101 388 845
69 388 616
