158
174 94 565
634 94 324
655 94 735
658 94 362
174 477 847
634 477 869
568 477 933
655 477 1060
658 477 119
174 558 971
634 558 291
568 558 860
655 558 846
658 558 364
174 655 847
634 655 338
568 655 933
655 655 783
658 655 338
174 758 222
634 758 758
568 758 354
655 758 887
658 758 758
174 782 564
634 782 351
568 782 437
655 782 934
658 782 272
174 830 345
634 830 952
568 830 628
655 830 934
658 830 430
174 910 956
634 910 279
568 910 43
655 910 599
174 945 189
568 945 18
655 945 812
658 945 57
568 334 60
655 334 708
568 896 957
663 174 1089
730 174 1238
801 634 926
663 634 926
680 634 766
730 634 591
651 634 365
801 568 1113
663 568 911
730 568 863
680 568 478
651 568 393
801 655 1155
663 655 1155
651 655 799
680 655 644
730 655 320
801 658 1261
663 658 804
651 658 799
680 658 764
730 658 714
181 730 453
244 730 1055
41 730 90
424 730 2
244 801 1277
424 801 152
41 651 1169
223 651 1119
181 651 450
244 651 387
424 651 128
181 680 1252
244 680 1068
424 680 467
244 663 1291
181 663 1252
223 663 1119
424 663 294
415 181 847
192 181 794
367 181 588
78 181 320
94 181 272
367 424 1239
415 424 1009
78 424 337
94 244 850
367 244 588
78 244 320
192 244 270
192 41 279
78 41 2
192 223 968
367 223 616
415 223 366
217 78 217
175 192 1200
208 192 1058
192 192 532
263 192 523
263 129 878
192 129 842
175 129 749
217 129 366
175 94 7
208 94 1
263 367 736
208 367 656
192 367 532
217 367 391
208 415 761
192 415 758
263 415 377
289 208 1246
298 208 903
416 208 670
406 208 252
416 266 1246
406 217 1205
416 217 1199
208 217 902
298 217 804
289 217 800
289 175 1208
416 175 888
298 175 879
208 175 284
416 192 983
298 192 675
289 263 896
416 263 888
298 263 695
208 263 392
408 208 1270
374 208 521
326 208 505
374 416 1034
326 416 353
374 406 1034
344 298 1119
374 298 867
326 298 482
408 298 482
344 289 1195
408 289 1188
326 289 970
101 408 1298
96 408 987
101 344 1300
101 374 1257
101 326 1300
