244
601 157 1
777 157 3
223 157 1170
601 422 273
633 422 266
128 422 454
777 422 634
223 422 415
202 422 211
601 552 327
633 552 447
128 552 454
777 552 592
223 552 486
202 552 334
601 597 176
633 597 448
128 597 756
777 597 431
223 597 756
202 597 217
601 603 259
633 603 380
128 603 494
777 603 646
223 603 219
202 603 494
601 640 206
633 640 448
128 640 746
777 640 661
223 640 746
202 640 495
601 766 341
633 766 380
128 766 620
777 766 750
223 766 340
601 785 549
633 785 172
128 785 764
777 785 184
223 785 558
202 785 380
601 821 147
633 821 172
128 821 219
777 821 147
223 821 1076
202 821 721
601 826 198
633 826 547
128 826 672
777 826 743
223 826 713
202 826 636
601 828 287
633 828 258
128 828 174
777 828 704
223 828 722
202 828 149
601 849 149
633 849 466
128 849 407
777 849 704
223 849 978
202 849 536
601 1012 1
223 1012 1162
202 1012 255
601 1013 296
633 1013 257
128 1013 643
777 1013 189
202 1013 98
633 846 258
128 846 180
777 846 704
223 846 973
202 846 721
633 860 693
777 860 704
223 860 900
202 860 721
633 970 85
128 970 284
223 970 557
202 970 921
715 601 1034
557 601 645
611 601 566
656 601 482
646 601 425
656 633 763
715 633 464
646 633 425
611 633 342
557 633 167
715 128 65
516 777 1182
557 777 268
611 777 29
715 777 174
557 223 412
516 223 1200
646 223 74
715 223 317
557 202 989
715 202 345
656 202 93
458 656 416
483 656 404
463 656 313
525 656 194
432 656 191
458 715 491
432 715 913
525 715 670
32 516 1162
109 516 714
432 516 288
525 516 288
483 516 141
458 516 122
463 557 913
32 557 791
109 557 670
432 557 461
432 646 1122
463 646 1087
483 646 894
458 646 777
109 646 356
432 611 1127
463 611 1087
483 611 894
458 611 777
525 611 221
105 32 1010
241 32 872
234 32 12
333 458 643
234 458 636
264 458 557
375 458 376
375 432 823
333 432 643
264 432 557
234 432 364
415 432 203
333 483 571
234 483 63
264 483 11
105 109 1109
241 109 17
333 525 113
234 525 15
375 463 1297
333 463 643
264 463 557
415 463 434
234 463 349
405 333 941
408 333 783
411 333 394
364 333 321
407 375 1271
436 375 738
398 375 528
405 375 292
408 375 286
405 234 664
408 234 664
436 234 464
398 234 433
364 234 321
407 241 350
411 241 270
408 241 220
411 264 500
405 264 366
364 264 321
407 105 1
405 105 4
408 415 964
436 415 705
398 415 705
407 415 615
405 415 328
364 415 181
391 364 618
424 364 561
273 364 487
298 364 375
208 364 362
208 411 682
391 411 610
273 411 566
298 411 566
267 411 380
424 411 380
273 407 1300
208 407 1296
298 407 769
424 407 380
267 407 380
391 407 231
273 405 1020
298 405 769
208 405 682
391 405 610
424 405 598
267 405 380
208 408 984
273 408 927
298 408 769
424 408 382
267 408 380
424 398 548
273 398 546
208 398 503
391 398 251
273 436 1131
208 436 797
298 436 769
267 436 380
424 436 232
214 208 1148
355 424 672
368 424 371
214 273 1148
355 273 304
368 298 884
355 298 304
368 267 636
69 355 1284
101 355 1082
101 336 1271
69 336 1258
101 368 963
152 368 803
152 214 1300
101 214 534
