160
605 400 228
0 400 408
795 400 1119
762 400 105
759 400 1217
605 455 348
0 455 426
795 455 924
762 455 568
759 455 924
605 464 559
0 464 655
795 464 764
762 464 844
759 464 889
605 562 333
0 562 164
795 562 1119
762 562 333
759 562 1217
605 644 459
0 644 655
795 644 693
762 644 844
759 644 681
605 696 559
0 696 403
795 696 800
762 696 679
759 696 728
605 740 465
0 740 844
795 740 1119
762 740 568
759 740 1217
605 747 380
0 747 164
795 747 1119
759 747 1217
605 789 582
0 789 346
795 789 945
762 789 346
759 789 774
605 878 739
0 878 628
795 878 945
762 878 614
759 878 793
821 605 616
717 605 433
698 605 432
752 605 390
754 605 355
754 0 609
698 0 934
717 795 409
754 795 215
821 795 102
698 795 1
698 762 626
752 759 521
698 759 430
754 759 34
229 754 179
431 754 27
431 698 1013
378 698 928
486 821 344
378 821 232
431 821 50
229 821 10
229 752 37
378 752 3
431 752 11
229 717 355
431 717 158
378 717 1
403 229 804
413 229 800
409 229 435
409 486 356
415 431 963
413 431 916
409 431 779
403 431 590
414 431 171
403 378 689
409 378 260
413 378 170
414 463 1299
390 463 892
415 463 614
409 463 569
413 463 366
403 463 202
416 403 1209
412 403 1145
398 403 963
436 403 565
408 403 410
416 409 1209
412 409 1145
408 409 1082
436 409 650
398 409 307
412 413 1178
398 413 1178
416 413 1161
436 413 1106
408 413 1037
416 390 1209
412 390 1145
398 390 606
408 390 410
436 390 130
398 414 1119
436 414 1106
416 414 812
412 414 676
408 414 410
398 415 1119
436 415 1106
412 415 964
416 415 964
408 415 773
140 408 1125
374 408 969
208 408 966
392 408 402
267 408 312
374 416 1088
140 416 709
208 416 471
392 416 461
140 436 952
208 436 952
374 436 865
392 436 331
267 436 312
374 398 1183
140 398 709
208 398 531
392 398 402
374 412 1201
140 412 1129
392 412 330
267 412 312
208 412 216
238 140 1095
214 208 952
368 374 847
214 392 952
368 267 670
152 368 894
152 214 1300
200 214 1076
76 214 579
152 238 1300
200 238 1076
