209
665 408 301
800 408 1027
509 408 260
762 408 513
721 408 743
546 408 247
665 464 439
800 464 217
762 464 947
721 464 743
546 464 357
665 570 336
800 570 934
509 570 272
762 570 413
721 570 743
546 570 247
665 583 273
800 583 731
762 583 528
721 583 743
665 683 523
800 683 1102
509 683 433
762 683 528
721 683 633
546 683 307
665 696 446
800 696 991
509 696 243
762 696 404
721 696 446
546 696 821
665 713 428
800 713 949
509 713 186
762 713 947
721 713 617
665 740 301
800 740 723
509 740 167
762 740 651
721 740 1117
546 740 247
665 748 330
800 748 921
509 748 167
762 748 619
721 748 869
546 748 155
665 777 626
800 777 684
509 777 654
762 777 289
721 777 1124
546 777 865
665 784 653
800 784 684
509 784 702
721 784 637
546 784 910
665 838 653
800 838 684
509 838 776
762 838 665
721 838 262
546 838 910
665 887 362
800 887 697
509 887 731
762 887 665
721 887 823
546 887 865
823 665 1021
752 665 795
758 665 692
669 665 592
785 665 173
752 800 1010
758 800 3
706 509 1105
752 509 925
785 509 768
823 509 578
758 509 353
669 509 343
669 762 826
785 762 28
706 762 26
823 762 2
758 721 729
752 721 722
785 721 320
823 721 1
758 546 868
785 546 706
823 546 608
669 546 343
706 546 303
752 546 212
229 823 41
278 823 2
229 669 1180
428 669 1020
378 669 803
463 669 803
278 669 776
229 758 37
278 758 443
378 758 103
229 752 16
378 752 2
378 785 990
278 785 7
229 706 359
278 706 153
428 706 161
378 706 68
186 229 1059
455 229 1022
375 229 373
186 278 1068
455 278 590
415 428 788
414 428 782
390 428 304
375 428 225
186 378 1068
455 378 1022
375 378 167
375 463 1296
414 463 1296
390 463 1111
415 463 327
259 455 1097
408 455 3
402 375 1066
398 375 680
416 375 655
436 375 655
259 186 967
402 390 1252
416 390 1188
259 390 648
398 390 429
408 390 315
402 414 1054
398 414 1042
436 414 1040
416 414 798
259 414 648
408 414 315
398 415 1033
436 415 1033
402 415 929
416 415 894
259 415 648
408 415 463
208 402 1297
362 402 933
267 402 249
324 402 195
208 408 1017
362 408 933
324 408 492
424 408 425
267 408 249
362 259 937
424 259 526
324 259 508
208 259 351
362 398 933
208 398 659
424 398 592
324 398 471
208 436 1034
324 436 478
424 436 268
267 436 249
362 416 933
424 416 545
324 416 478
208 416 289
342 208 884
388 208 884
330 208 390
340 208 390
379 424 997
342 424 669
388 424 665
330 424 360
368 424 360
340 424 323
368 362 845
330 362 417
340 362 417
368 267 655
379 267 478
342 324 712
388 324 712
379 324 478
134 330 864
134 342 1298
152 342 1067
134 368 1298
152 368 763
134 388 1202
134 340 1027
134 379 1202
