386
601 392 282
137 392 1078
668 392 321
182 392 716
783 392 1078
701 392 370
318 392 276
545 392 196
104 392 564
601 409 161
137 409 908
668 409 296
182 409 716
783 409 908
701 409 392
318 409 371
545 409 205
104 409 336
601 451 548
137 451 528
668 451 358
182 451 495
783 451 495
701 451 185
318 451 399
545 451 196
104 451 318
601 452 411
137 452 644
668 452 551
182 452 308
783 452 431
701 452 392
318 452 499
545 452 160
104 452 318
601 487 411
137 487 844
668 487 296
182 487 716
783 487 844
701 487 475
545 487 294
601 488 411
137 488 1067
668 488 474
182 488 260
783 488 577
701 488 230
318 488 257
545 488 297
104 488 279
601 525 411
137 525 823
668 525 296
182 525 393
783 525 639
701 525 387
318 525 244
545 525 193
601 548 245
137 548 1094
668 548 296
182 548 557
783 548 557
701 548 165
318 548 268
545 548 256
104 548 212
601 630 196
137 630 1179
668 630 296
783 630 226
701 630 217
545 630 284
104 630 226
601 671 253
137 671 943
668 671 523
182 671 716
783 671 943
701 671 198
318 671 173
545 671 160
104 671 336
601 685 411
137 685 730
668 685 342
182 685 716
783 685 730
318 685 279
545 685 367
104 685 523
601 695 175
137 695 957
668 695 296
182 695 716
783 695 957
701 695 535
318 695 340
545 695 297
601 747 544
137 747 685
182 747 355
783 747 639
701 747 462
545 747 195
104 747 1052
601 773 555
137 773 717
668 773 282
182 773 147
783 773 121
701 773 416
318 773 419
545 773 379
104 773 654
601 778 455
137 778 535
182 778 233
701 778 161
318 778 172
545 778 193
601 791 266
137 791 497
668 791 175
182 791 224
783 791 163
701 791 775
318 791 409
545 791 379
104 791 661
601 809 266
137 809 717
668 809 282
182 809 136
783 809 278
701 809 679
545 809 379
104 809 750
601 826 158
137 826 717
668 826 156
182 826 255
701 826 756
318 826 218
545 826 379
104 826 427
137 172 8
668 172 1
318 172 83
104 172 39
137 295 1258
137 860 717
668 860 156
182 860 255
783 860 213
701 860 821
318 860 409
545 860 379
104 860 311
137 909 1218
182 909 344
783 909 513
545 909 287
626 601 926
691 601 697
611 601 687
769 601 536
646 601 441
686 601 343
686 137 1046
769 137 1194
691 137 14
626 137 1
769 668 952
691 668 697
611 668 687
646 668 460
626 668 277
686 668 242
769 182 1243
611 182 96
646 182 261
626 182 30
686 182 1
769 783 1251
686 783 212
646 783 11
686 701 959
626 701 684
611 701 587
691 701 534
646 701 449
769 701 374
769 318 1013
646 318 476
686 318 471
691 318 458
611 318 356
626 318 185
769 545 1190
686 545 471
611 545 273
646 545 240
691 545 240
626 545 126
769 104 663
686 104 733
691 104 27
66 769 1261
52 769 59
458 769 2
94 691 926
186 691 785
411 691 743
134 691 720
483 691 717
66 691 429
458 691 391
463 691 368
463 686 1293
94 686 926
134 686 696
458 686 656
52 686 640
66 686 502
483 686 229
463 646 1188
483 646 1027
94 646 926
186 646 785
411 646 743
458 646 708
66 646 429
463 626 1188
483 626 1027
134 626 720
458 626 708
66 626 502
411 626 479
186 626 168
94 626 117
463 611 1188
483 611 1027
134 611 787
458 611 708
411 611 177
66 611 175
186 611 168
50 66 1289
333 458 752
375 458 702
368 458 686
139 458 605
50 458 572
413 458 335
50 94 1171
333 483 669
139 483 828
413 483 60
413 411 931
333 411 752
368 411 686
50 411 641
139 411 540
333 186 835
139 186 828
368 186 447
50 186 361
413 186 342
415 186 254
50 52 622
375 52 1
333 134 835
139 134 828
368 134 447
50 134 337
413 134 246
375 463 1296
333 463 752
139 463 605
50 463 572
415 463 351
413 463 335
408 333 1085
439 333 593
52 333 514
232 333 469
411 333 276
175 333 275
441 333 203
411 368 673
52 368 335
408 368 291
232 368 291
175 368 275
411 50 193
175 50 345
52 50 1269
408 50 64
441 50 2
408 413 1128
436 413 1110
439 413 420
232 413 394
441 413 265
175 413 238
52 413 189
408 139 762
441 139 752
411 139 673
232 139 469
52 139 325
175 139 275
52 375 1047
436 375 538
441 375 528
439 375 326
232 375 310
408 415 965
436 415 864
232 415 731
52 415 598
441 415 265
439 415 158
233 411 786
208 411 691
391 411 535
267 411 275
233 175 1130
264 175 1023
208 175 458
267 175 356
360 175 257
233 441 1037
391 441 535
208 441 533
360 441 392
264 232 802
360 232 740
391 232 555
233 232 288
208 408 947
233 408 489
267 408 275
391 408 258
233 436 1037
208 436 745
267 436 275
233 52 501
264 52 72
391 52 47
360 52 2
233 439 1037
208 439 351
267 439 275
360 439 232
214 208 1137
374 208 336
326 208 268
326 360 830
389 391 825
359 233 491
343 233 491
336 233 491
389 264 1162
359 264 338
389 267 844
326 267 437
359 267 338
69 359 1282
101 359 1272
134 359 1194
101 343 1017
69 343 983
69 389 1021
134 336 1293
101 336 1272
69 336 1239
69 355 1282
101 355 1081
101 374 905
69 374 725
134 214 1182
101 326 1293
