197
814 392 822
665 392 391
0 392 212
805 392 710
762 392 906
721 392 987
814 420 897
665 420 190
805 420 121
762 420 1211
721 420 942
814 464 543
665 464 543
0 464 583
805 464 992
762 464 1025
721 464 179
814 480 995
665 480 584
805 480 400
762 480 950
721 480 556
814 525 995
665 525 584
0 525 490
805 525 528
762 525 756
721 525 556
814 562 677
665 562 491
0 562 168
805 562 852
762 562 471
721 562 677
814 591 897
665 591 448
0 591 126
805 591 433
762 591 1199
721 591 505
814 625 995
665 625 584
0 625 212
805 625 440
762 625 756
721 625 556
814 631 479
665 631 479
0 631 212
805 631 528
762 631 1025
721 631 478
814 667 995
665 667 584
0 667 583
805 667 999
762 667 999
721 667 278
814 712 822
665 712 440
0 712 583
805 712 909
762 712 909
721 712 1136
814 748 894
665 748 178
0 748 108
805 748 680
762 748 906
721 748 1136
814 763 866
665 763 584
0 763 583
805 763 1106
762 763 1187
721 763 287
665 238 559
0 238 120
805 238 1008
762 238 186
721 238 805
823 814 723
220 814 240
823 665 1013
821 665 299
698 665 243
604 665 186
541 0 1059
698 0 763
823 0 500
541 805 232
821 805 598
698 762 374
823 762 1
220 721 464
821 721 1253
604 721 45
229 541 856
378 541 844
384 541 457
378 698 694
384 698 493
229 823 59
229 604 1156
384 604 493
378 604 229
378 821 171
229 821 18
384 220 36
229 220 63
455 229 958
236 229 818
375 229 574
236 384 818
455 384 703
375 384 526
455 378 958
236 378 818
375 378 206
408 455 10
416 236 485
439 236 384
398 236 384
436 236 384
402 375 1182
398 375 642
436 375 611
416 375 611
439 375 574
402 390 1210
416 390 1203
408 390 310
398 390 232
402 414 1101
439 414 1092
398 414 1052
436 414 1025
416 414 790
408 414 310
398 415 1052
436 415 1025
402 415 979
416 415 837
408 415 656
439 415 163
140 402 1300
208 402 1295
206 402 1234
265 402 938
267 402 388
140 408 1217
208 408 1154
206 408 978
265 408 938
424 408 551
267 408 388
206 398 1251
265 398 938
140 398 900
424 398 640
208 398 514
267 398 166
206 416 1251
265 416 938
140 416 900
424 416 640
208 416 296
206 436 988
208 436 891
140 436 891
424 436 494
267 436 388
140 439 1164
206 439 1084
265 439 737
208 439 680
267 439 388
214 208 1046
388 208 777
340 208 404
238 140 1197
379 424 972
388 424 598
340 424 269
379 265 634
214 265 517
379 267 437
388 206 980
379 206 634
76 152 1284
152 214 1300
134 214 1145
76 214 541
134 388 1126
134 340 912
134 379 1126
152 238 1300
