109
770 452 1042
769 452 1042
581 452 714
770 456 1114
769 456 1106
581 456 333
770 473 1106
769 473 1106
581 473 618
770 490 1164
769 490 1164
581 490 1133
770 533 1221
769 533 1256
581 533 1193
770 560 1221
769 560 1243
581 560 952
770 578 1172
769 578 1172
581 578 566
770 583 1221
769 583 1256
581 583 1161
770 852 873
581 852 1062
770 881 873
769 881 574
581 881 1044
801 770 1141
627 770 24
738 770 470
801 769 867
627 769 9
643 581 1284
627 581 1212
738 581 1142
801 581 575
414 643 1002
445 643 948
157 643 707
414 627 959
279 627 892
157 627 380
445 627 169
445 738 353
157 801 487
445 801 479
279 801 171
242 157 1277
373 157 836
469 157 564
375 157 321
242 279 1260
373 279 836
375 279 558
469 279 271
375 445 946
373 445 747
469 445 505
242 445 374
375 414 1202
373 414 706
242 414 610
263 469 776
297 469 9
408 373 1258
175 373 1254
263 373 741
465 373 458
465 375 1104
297 375 608
263 375 522
263 242 1271
465 242 1158
297 242 704
175 242 252
411 175 1073
289 175 953
229 175 948
310 175 905
310 408 473
229 408 470
289 263 934
310 263 479
229 263 438
411 263 384
411 465 444
411 297 1162
289 297 1004
355 229 729
326 229 421
408 310 351
377 310 285
377 411 778
366 411 507
355 411 507
326 411 391
408 289 1155
326 289 637
366 289 474
101 377 797
69 377 727
69 355 1283
101 355 943
101 366 1086
69 366 1083
101 326 1290
101 408 1290
