231
657 144 21
722 144 1028
104 144 894
657 378 63
152 378 460
657 449 753
722 449 889
736 449 731
152 449 118
203 449 691
104 449 889
657 475 338
722 475 1120
736 475 731
152 475 253
203 475 691
104 475 999
657 552 753
722 552 922
736 552 570
152 552 283
203 552 691
104 552 1013
657 599 369
722 599 1123
736 599 731
152 599 228
203 599 478
104 599 364
657 624 327
722 624 1003
736 624 731
152 624 113
203 624 687
104 624 687
657 697 260
722 697 1077
736 697 731
203 697 478
104 697 264
657 702 433
722 702 922
736 702 630
152 702 133
203 702 691
104 702 1015
657 729 112
722 729 1040
736 729 731
152 729 228
203 729 691
104 729 927
657 747 352
722 747 922
736 747 702
152 747 507
203 747 691
104 747 1098
657 765 293
722 765 922
736 765 323
152 765 238
203 765 691
104 765 1064
657 794 466
722 794 338
736 794 560
152 794 111
203 794 503
104 794 476
657 880 198
722 880 657
736 880 730
152 880 810
203 880 463
104 880 826
722 365 788
736 365 7
152 365 469
104 365 16
722 584 918
736 584 731
152 584 228
203 584 478
104 584 228
722 767 965
736 767 731
152 767 576
203 767 691
104 767 827
760 657 803
686 657 595
581 657 283
719 657 273
827 657 245
732 657 216
719 722 641
760 736 687
719 736 497
732 736 782
719 152 916
827 152 466
760 152 210
686 152 7
732 152 8
719 203 1063
827 203 545
760 203 727
719 104 748
686 104 580
760 104 25
732 104 93
94 719 677
208 719 1009
1 719 816
94 732 713
208 760 471
396 760 128
94 760 37
35 760 26
94 581 1023
463 581 986
35 581 959
355 581 610
1 581 602
396 581 186
94 827 957
208 827 387
355 827 50
463 686 1221
94 686 1023
35 686 258
208 686 254
396 686 207
7 396 745
420 396 559
375 396 393
390 396 332
415 396 267
420 94 94
7 94 1
7 1 21
7 208 745
420 208 559
390 208 299
7 355 745
420 355 559
307 35 213
375 463 1232
390 463 865
415 463 385
420 463 125
307 463 114
385 420 1006
416 420 764
279 420 521
250 420 204
170 420 187
279 7 217
250 7 231
170 7 8
175 307 1034
170 307 854
250 307 753
416 375 488
385 375 398
416 390 1072
385 390 946
279 390 521
208 390 427
250 390 364
175 390 145
416 415 816
385 415 584
208 415 535
279 415 304
250 415 167
298 208 703
233 208 555
255 208 555
208 208 527
362 208 218
233 175 949
255 175 949
298 175 751
266 175 418
208 175 302
362 175 218
362 250 1041
255 250 442
298 250 366
266 250 225
298 170 1108
233 170 826
208 170 357
266 170 280
362 170 223
208 385 1206
255 385 1008
233 385 708
298 385 371
362 385 201
298 279 703
362 279 309
208 279 228
266 279 201
255 279 201
233 416 1033
362 416 820
208 416 566
298 416 371
255 416 215
214 208 1049
214 255 539
389 255 411
389 298 506
392 298 204
214 266 416
214 362 497
134 392 893
150 392 893
150 361 1093
134 361 1049
123 361 570
134 389 694
150 389 694
134 214 985
84 214 742
123 214 441
150 358 1093
134 358 1049
