140
24 400 620
727 400 817
665 400 540
509 400 792
759 400 1126
24 408 725
727 408 977
665 408 381
509 408 316
759 408 549
24 455 892
727 455 1010
665 455 383
509 455 190
759 455 702
24 464 585
727 464 720
665 464 540
759 464 923
24 475 903
727 475 1035
665 475 594
509 475 680
759 475 768
24 520 892
727 520 569
665 520 373
509 520 158
759 520 1132
24 625 937
727 625 760
665 625 495
509 625 680
759 625 939
24 644 585
727 644 787
665 644 540
509 644 247
759 644 765
24 737 307
727 737 720
665 737 628
509 737 628
759 737 1110
24 740 892
727 740 1010
665 740 355
509 740 190
759 740 1132
60 24 1283
758 24 1300
669 24 21
60 727 1129
758 727 1291
823 727 298
669 727 71
758 665 1066
823 665 1028
60 665 856
669 665 400
60 509 1255
823 509 830
669 509 655
758 509 630
60 759 693
758 759 153
229 669 1201
278 669 747
378 669 737
229 823 218
283 823 9
278 823 1
278 758 310
229 758 83
378 758 150
283 758 1
278 60 25
229 60 347
378 60 153
455 229 967
107 229 882
403 229 762
328 229 440
107 278 1086
455 278 699
403 278 658
328 278 313
107 283 1067
455 283 967
403 283 569
328 283 440
414 283 223
107 378 1086
455 378 967
403 378 569
328 378 303
259 455 1067
11 107 1299
416 403 1198
259 403 708
402 403 581
436 403 581
259 328 638
11 328 274
402 375 1187
436 375 621
416 375 621
11 375 581
402 414 1063
436 414 1005
416 414 818
259 414 708
305 11 762
208 11 3
140 259 836
305 259 348
208 259 313
140 402 1300
208 402 1292
206 402 1135
298 402 797
208 436 1148
140 436 1148
206 436 1024
298 436 797
305 436 285
206 416 1213
140 416 744
305 416 381
208 416 381
298 416 200
238 140 1138
214 208 1115
152 305 744
214 305 493
152 214 1300
76 214 1117
76 152 1299
152 238 1300
76 238 692
