273
601 14 6
631 14 4
601 347 41
701 347 3
229 347 625
601 421 442
830 421 442
701 421 280
799 421 987
631 421 323
617 421 603
229 421 668
601 448 309
830 448 592
701 448 151
799 448 634
631 448 378
617 448 936
229 448 971
601 544 182
830 544 385
701 544 332
799 544 1110
631 544 171
617 544 895
229 544 247
601 561 466
830 561 303
701 561 160
799 561 1106
631 561 203
617 561 619
229 561 466
601 568 285
830 568 385
799 568 1138
617 568 811
229 568 405
601 570 570
830 570 592
701 570 332
799 570 837
631 570 256
617 570 986
229 570 275
601 595 312
830 595 592
701 595 361
799 595 884
631 595 620
617 595 936
229 595 275
601 601 379
830 601 435
701 601 160
799 601 728
631 601 327
617 601 728
229 601 327
601 628 223
830 628 385
701 628 408
799 628 1076
631 628 503
617 628 697
229 628 247
601 693 528
830 693 528
701 693 241
799 693 1106
617 693 664
229 693 970
601 740 264
830 740 385
701 740 584
799 740 1078
631 740 487
617 740 697
229 740 405
601 811 297
830 811 529
701 811 558
799 811 394
631 811 606
617 811 645
229 811 805
601 895 291
830 895 334
701 895 338
799 895 666
631 895 484
617 895 432
229 895 436
830 177 735
631 177 198
830 543 385
701 543 332
799 543 1138
617 543 697
229 543 945
830 571 385
701 571 332
799 571 1178
617 571 895
229 571 540
830 800 703
701 800 527
799 800 394
631 800 399
617 800 703
229 800 463
701 58 128
617 58 578
229 58 7
691 601 1168
626 601 1145
779 601 1035
611 601 924
646 601 548
691 830 936
646 830 669
779 830 17
626 830 23
779 701 1104
691 701 952
611 701 739
626 701 721
646 701 533
691 799 23
611 799 17
626 799 1
691 631 1168
779 631 1104
626 631 721
646 631 338
691 617 948
611 617 820
779 617 752
626 617 721
646 617 338
691 229 1068
34 691 1074
381 691 1017
411 691 927
212 691 852
483 691 837
463 691 543
463 646 1245
483 646 1240
411 646 940
212 646 852
34 646 241
69 646 120
463 626 1245
483 626 1240
411 626 788
34 626 365
463 611 1245
483 611 1240
34 611 365
411 611 305
212 611 151
381 611 97
483 779 1129
212 779 23
172 483 539
325 483 473
139 483 959
333 483 697
413 483 112
300 483 309
325 411 1114
413 411 1096
172 411 935
333 411 885
139 411 640
300 411 557
172 34 1005
413 34 562
325 34 5
413 69 67
300 69 165
325 69 8
413 212 840
325 212 228
172 212 228
333 212 228
172 381 834
413 381 479
325 381 372
333 463 885
139 463 640
300 463 557
413 463 452
408 300 1155
307 300 843
364 300 799
355 300 603
441 300 510
408 333 1155
355 333 747
307 333 503
364 333 464
441 333 317
408 413 1189
436 413 1152
398 413 1124
355 413 388
441 413 312
307 413 226
364 139 1036
441 139 998
408 139 939
355 139 603
307 139 301
441 172 967
364 172 757
307 172 679
355 172 421
307 325 886
441 325 758
364 325 757
408 325 694
355 325 603
264 364 867
391 364 736
383 364 461
391 441 712
360 441 514
383 441 514
208 441 482
264 307 867
391 307 673
383 307 573
208 307 478
360 307 467
267 307 426
208 408 989
267 408 349
391 408 283
360 408 250
383 408 250
360 398 498
383 398 498
208 398 451
391 398 250
208 436 631
267 436 349
360 436 303
383 436 303
264 355 867
208 355 812
391 355 657
267 355 462
383 355 461
374 208 470
346 360 338
389 391 919
346 391 315
389 383 641
374 383 616
389 264 1219
346 264 1138
346 267 898
389 267 898
101 346 1288
133 346 1034
134 346 1034
133 389 981
101 382 1120
101 377 720
101 355 1021
101 374 940
