194
601 29 1
665 29 1
335 29 137
636 29 4
630 29 484
601 118 426
517 118 309
665 118 187
335 118 3
601 270 786
665 270 190
636 270 25
601 439 462
517 439 174
665 439 327
335 439 176
825 439 318
636 439 314
630 439 468
601 498 893
517 498 677
665 498 244
335 498 444
825 498 923
636 498 345
630 498 443
601 523 495
517 523 677
665 523 256
335 523 677
825 523 876
636 523 162
630 523 443
601 615 259
517 615 475
665 615 256
335 615 677
825 615 801
636 615 210
630 615 296
601 646 412
517 646 677
665 646 406
335 646 677
825 646 811
636 646 391
630 646 443
601 706 594
517 706 677
665 706 231
335 706 677
825 706 892
636 706 306
630 706 443
601 757 556
517 757 677
665 757 364
825 757 854
636 757 253
630 757 443
601 776 730
517 776 475
665 776 329
335 776 185
825 776 247
636 776 763
630 776 337
601 933 475
517 933 146
825 933 22
630 933 19
601 951 752
335 951 309
636 951 665
630 951 1
335 351 31
715 601 1168
626 601 1071
794 601 980
611 601 622
715 517 937
611 517 685
794 517 627
715 665 733
626 665 733
794 665 733
611 665 535
794 335 809
715 335 807
626 335 534
611 335 463
626 825 180
715 636 1159
626 636 1071
794 636 980
611 636 496
715 630 1116
626 630 1071
794 630 980
611 630 462
490 794 229
458 794 1070
432 794 1034
490 715 576
458 715 837
432 715 968
432 626 1115
458 626 1072
483 626 1051
490 626 1024
432 611 1115
458 611 1072
483 611 1051
490 611 742
139 458 1044
333 458 1016
264 458 980
234 458 944
139 432 1044
333 432 1016
264 432 980
234 432 678
139 483 1239
333 483 985
234 483 163
264 483 34
139 490 183
405 333 1227
493 333 876
411 333 708
364 333 656
405 234 1004
493 234 876
364 234 656
411 234 358
411 139 1052
364 139 1044
405 139 470
493 139 372
391 139 215
411 264 919
493 264 855
405 264 756
364 264 656
391 264 215
391 411 898
298 411 574
368 411 444
267 411 433
201 411 389
208 411 350
391 364 934
201 364 477
298 364 431
368 364 428
391 391 898
201 391 462
208 391 462
368 391 444
391 405 898
298 405 859
368 405 444
267 405 433
208 405 312
201 405 311
368 493 805
201 493 780
336 368 864
379 368 605
367 368 393
349 368 343
348 368 292
367 208 712
367 391 725
367 201 770
379 298 567
343 298 265
355 298 229
348 267 997
379 267 339
69 343 1088
101 343 1032
69 355 1299
101 355 1146
134 336 1297
101 336 1290
69 336 1281
69 367 682
101 349 1290
69 349 1017
134 349 836
101 348 1213
69 348 1124
134 379 1246
