293
605 115 133
798 115 1
701 115 5
605 313 46
601 313 22
665 313 530
776 313 791
605 413 244
601 413 337
665 413 224
776 413 241
798 413 198
668 413 224
794 413 601
701 413 256
605 420 538
601 420 477
665 420 147
776 420 190
798 420 629
668 420 224
794 420 480
701 420 231
605 480 265
601 480 450
665 480 270
776 480 450
798 480 575
668 480 371
794 480 148
701 480 218
605 521 541
601 521 337
776 521 287
798 521 448
668 521 464
794 521 601
701 521 282
605 547 207
601 547 474
665 547 192
776 547 455
668 547 371
794 547 161
701 547 338
605 695 265
601 695 349
665 695 270
798 695 629
668 695 319
794 695 182
701 695 231
605 713 541
601 713 368
665 713 160
776 713 421
798 713 343
668 713 173
794 713 601
701 713 404
605 739 207
601 739 337
776 739 267
668 739 290
794 739 601
701 739 179
605 777 273
601 777 554
665 777 365
776 777 322
798 777 309
668 777 275
794 777 359
701 777 423
605 825 448
601 825 554
665 825 250
776 825 250
794 825 230
701 825 270
605 826 273
601 826 195
665 826 162
668 826 138
794 826 465
701 826 424
605 842 273
665 842 478
776 842 322
798 842 434
668 842 138
794 842 359
701 842 424
605 864 170
601 864 447
665 864 365
776 864 322
798 864 250
701 864 139
605 889 273
601 889 333
665 889 365
776 889 322
798 889 278
668 889 138
794 889 359
701 889 423
601 638 337
665 638 352
776 638 466
798 638 613
668 638 200
794 638 601
701 638 598
776 34 315
794 34 79
701 34 371
798 194 584
668 194 501
794 194 1038
738 605 636
691 605 540
626 605 446
611 605 446
718 605 446
646 605 376
779 605 151
626 601 808
718 601 692
738 601 657
691 601 630
779 601 604
611 601 533
646 601 366
718 665 692
738 665 657
691 665 630
611 665 533
626 665 229
646 665 223
611 776 53
646 776 103
779 798 507
718 798 404
738 798 666
626 798 281
691 798 26
611 798 3
718 668 689
738 668 657
691 668 630
611 668 533
779 668 509
646 668 328
626 668 155
718 794 295
779 794 181
691 794 182
779 701 766
691 701 596
718 701 596
738 701 596
626 701 539
611 701 500
646 701 376
186 718 696
463 718 97
186 738 2
54 691 714
186 691 648
483 691 600
1 691 349
463 691 348
414 691 348
463 646 1122
483 646 988
54 646 714
186 646 648
414 646 501
463 626 1122
483 626 988
414 626 369
186 626 182
54 626 133
463 611 1122
483 611 988
414 611 369
186 611 182
63 611 178
483 779 739
186 779 217
412 54 37
76 54 173
76 63 1170
412 483 348
333 483 524
139 483 681
333 186 773
139 186 666
76 186 587
412 186 392
415 186 250
76 69 1128
375 52 3
375 414 1079
415 414 840
412 414 608
139 414 438
333 414 310
375 463 1192
333 463 626
412 463 509
139 463 438
415 463 412
408 333 1020
439 333 546
355 333 499
175 333 255
436 333 240
416 333 240
398 333 240
408 139 687
441 139 638
355 139 413
175 139 255
436 375 609
416 375 609
398 375 547
441 375 467
355 375 434
439 375 368
355 76 358
398 412 1019
436 412 1019
408 412 874
355 412 709
441 412 238
416 412 156
175 412 149
408 415 1000
398 415 782
436 415 782
416 415 723
355 415 667
441 415 214
264 175 986
374 175 666
298 175 608
208 175 454
267 175 366
374 441 1123
208 441 577
391 441 445
374 408 929
208 408 889
298 408 801
267 408 239
374 398 1123
208 398 474
374 436 907
298 436 801
208 436 649
267 436 239
374 416 1044
208 416 289
298 416 265
374 355 1099
208 355 731
264 355 650
391 355 428
267 355 366
374 439 1097
298 439 801
208 439 396
267 439 239
214 208 1024
374 208 395
389 391 793
214 374 287
374 298 1007
389 298 512
343 298 165
389 264 1100
389 267 886
101 343 925
101 389 593
101 382 1089
101 349 1177
101 336 1177
152 374 975
101 374 811
152 214 1194
200 214 996
