299
698 407 340
638 407 719
787 407 340
425 407 340
710 407 1040
477 407 277
698 677 340
638 677 719
787 677 583
425 677 452
710 677 791
477 677 399
698 782 880
638 782 479
425 782 343
710 782 156
477 782 356
637 782 444
698 806 334
638 806 188
787 806 182
425 806 417
710 806 156
477 806 128
637 806 548
698 813 584
638 813 544
787 813 444
425 813 164
710 813 358
477 813 528
637 813 492
698 819 293
638 819 638
787 819 464
425 819 507
710 819 328
477 819 356
637 819 464
698 840 546
638 840 544
787 840 444
425 840 507
477 840 356
637 840 175
698 844 646
638 844 512
787 844 133
425 844 357
710 844 156
477 844 311
637 844 215
698 846 303
638 846 485
787 846 534
425 846 122
477 846 356
637 846 568
698 853 546
638 853 544
787 853 534
425 853 122
477 853 311
637 853 568
698 865 340
638 865 479
787 865 391
425 865 335
710 865 498
477 865 507
637 865 384
698 866 657
638 866 448
787 866 252
425 866 495
710 866 156
477 866 356
637 866 713
698 870 351
638 870 544
787 870 444
425 870 305
477 870 122
637 870 647
698 879 618
638 879 479
787 879 252
425 879 571
477 879 356
637 879 175
698 887 663
638 887 544
787 887 444
425 887 305
710 887 381
477 887 356
637 887 190
602 698 814
740 698 641
695 698 588
645 698 567
621 698 559
668 698 518
640 698 460
796 698 349
621 638 656
602 638 443
668 638 371
740 638 341
695 638 298
796 638 298
645 638 221
602 787 100
645 787 4
740 787 17
740 425 998
695 425 641
796 425 560
645 425 487
640 425 479
621 425 259
602 425 163
640 710 627
621 710 594
695 710 399
602 710 41
645 710 30
740 477 746
640 477 532
645 477 487
796 477 342
695 477 298
621 477 259
668 477 221
668 637 832
602 637 814
645 637 567
621 637 537
740 637 341
796 637 311
640 637 198
456 640 1004
414 640 858
416 640 836
457 640 576
414 668 1123
227 668 944
457 668 881
416 668 652
456 668 214
456 621 1004
414 621 888
416 621 836
457 621 687
456 740 374
414 740 148
457 740 51
463 645 1281
457 645 1193
227 645 944
414 645 635
456 645 394
416 645 115
457 796 85
414 796 34
227 796 64
456 695 1254
416 695 1144
414 695 1136
457 695 1070
227 695 348
463 695 296
456 602 1218
414 602 1136
457 602 881
463 602 803
416 602 306
227 602 216
387 416 1044
394 416 1009
375 416 736
87 416 665
387 456 1044
394 456 1009
375 456 736
412 456 548
375 457 1264
387 457 1044
394 457 1009
87 457 665
412 457 526
415 457 126
387 227 974
368 227 971
394 227 935
412 227 904
87 227 329
375 414 1231
87 414 665
412 414 548
415 414 460
368 414 148
375 463 1298
415 463 681
412 463 461
394 463 291
387 463 245
223 368 273
223 87 10
436 375 854
416 375 787
398 375 637
385 375 411
408 375 261
223 375 188
416 394 882
408 394 828
385 394 635
436 394 628
398 394 548
193 394 145
436 387 1115
398 387 980
416 387 873
408 387 828
385 387 635
385 412 1123
398 412 816
436 412 816
408 412 798
223 412 370
416 412 274
408 415 1023
385 415 706
416 415 597
436 415 480
398 415 480
298 408 1020
208 408 728
424 408 486
208 385 1247
424 385 423
298 385 366
168 193 980
426 193 730
407 193 730
424 193 730
208 193 173
424 398 615
208 398 508
407 398 283
298 436 1020
208 436 557
424 436 211
424 416 365
298 416 284
208 416 284
426 416 242
168 223 612
298 223 604
426 223 520
407 223 482
208 223 385
424 223 374
388 208 979
340 208 391
379 407 1048
359 407 583
340 407 453
349 407 369
388 407 369
385 426 1036
359 426 924
388 426 825
379 426 510
349 426 220
379 298 771
385 298 558
379 424 1068
385 424 977
388 424 509
340 424 280
349 424 243
340 168 1195
388 168 1205
69 359 1299
101 359 1292
134 359 1228
101 349 1292
69 349 994
134 349 783
134 340 752
134 388 1134
101 388 1034
69 388 697
69 385 1140
101 385 809
134 379 1228
101 379 664
