279
137 160 1
802 160 1125
297 160 70
27 160 3
137 428 774
802 428 756
231 428 259
182 428 846
297 428 259
607 428 239
27 428 574
137 527 747
802 527 854
231 527 1026
182 527 289
297 527 509
607 527 607
27 527 509
137 587 774
802 587 756
231 587 907
182 587 846
297 587 263
607 587 526
27 587 196
137 767 747
802 767 854
231 767 756
182 767 289
297 767 303
607 767 607
27 767 424
137 778 520
802 778 622
231 778 560
182 778 330
297 778 615
607 778 520
27 778 343
137 794 431
802 794 600
231 794 949
182 794 376
297 794 570
607 794 363
137 826 431
802 826 983
182 826 285
297 826 592
607 826 158
27 826 140
137 838 196
802 838 622
231 838 916
182 838 376
607 838 816
27 838 343
137 842 431
802 842 990
182 842 149
297 842 592
607 842 595
137 848 608
802 848 600
231 848 949
182 848 376
297 848 159
607 848 684
27 848 140
137 852 431
802 852 600
231 852 949
182 852 376
297 852 592
607 852 692
137 854 431
802 854 318
231 854 201
182 854 285
297 854 592
607 854 554
27 854 343
137 860 542
802 860 243
182 860 149
297 860 592
607 860 542
802 232 1058
182 232 206
27 232 663
802 802 843
231 802 949
182 802 376
297 802 349
607 802 123
802 900 280
182 900 374
297 900 9
27 900 389
607 924 195
27 924 460
805 137 978
686 137 1069
640 137 45
686 802 725
810 802 875
640 802 599
588 802 81
810 231 862
605 231 226
805 231 61
588 231 1
805 182 173
605 182 22
686 182 1
605 297 563
805 297 535
588 297 501
686 297 356
640 297 356
810 297 185
686 607 848
588 607 701
810 607 554
605 607 422
805 607 272
640 607 187
810 27 166
805 27 196
522 810 203
330 810 11
455 810 40
212 640 741
155 640 698
455 640 479
100 640 433
330 640 324
339 588 860
155 588 698
330 588 563
100 588 433
522 588 163
292 805 901
155 805 582
330 805 12
463 686 1268
212 686 741
155 686 698
455 686 479
100 686 433
330 686 324
339 605 860
155 605 698
330 605 563
100 605 433
522 605 277
455 605 274
212 605 192
413 339 1029
422 339 642
402 339 496
375 339 461
39 339 440
39 455 944
422 455 928
402 455 852
413 455 719
412 455 687
375 455 384
412 100 203
413 100 1
413 330 994
402 330 934
422 330 707
412 330 589
39 330 261
375 330 225
413 292 1029
402 292 496
412 292 493
39 292 472
422 292 317
39 212 1020
413 212 912
422 212 458
375 212 431
402 212 302
412 522 1090
422 522 43
413 155 1029
402 155 496
375 155 477
39 155 174
375 463 1295
413 463 686
402 463 350
39 463 319
412 463 319
433 422 1189
416 422 831
226 422 335
241 422 199
241 412 751
433 412 454
416 412 287
226 412 192
193 412 189
416 413 881
433 413 576
193 413 212
226 413 119
416 375 645
241 375 398
226 375 213
226 39 510
100 39 37
433 402 1189
416 402 784
241 402 343
193 402 212
168 100 288
424 100 10
208 100 1
417 226 1278
208 226 306
168 226 300
402 226 277
208 433 1300
402 433 848
424 433 537
417 433 330
437 193 1109
168 193 1103
417 193 570
424 193 568
208 193 168
402 193 95
424 416 461
402 416 461
208 416 461
417 416 306
437 416 261
168 416 186
417 241 1271
437 241 1109
168 241 1103
402 241 200
208 241 200
342 402 731
343 402 641
340 402 641
379 402 561
349 402 510
342 208 1078
340 208 430
379 424 1048
342 424 495
349 424 315
340 424 315
342 437 1070
340 437 1070
349 437 777
343 437 765
379 417 1049
342 417 731
340 417 556
349 417 422
343 417 329
342 168 702
340 168 1134
69 343 1073
146 343 963
150 342 1066
69 342 936
69 349 936
146 340 1254
150 340 889
150 379 1264
146 379 703
