231
283 393 559
388 393 278
665 393 482
0 393 184
762 393 756
223 393 486
721 393 756
283 464 369
388 464 220
665 464 368
0 464 482
762 464 916
223 464 357
721 464 426
283 478 688
388 478 469
665 478 215
0 478 762
762 478 711
223 478 572
721 478 624
283 525 559
388 525 286
665 525 502
0 525 235
762 525 711
223 525 520
721 525 624
283 625 559
388 625 359
665 625 502
0 625 146
762 625 711
223 625 486
721 625 624
283 631 692
388 631 279
665 631 300
0 631 213
762 631 525
223 631 572
721 631 647
283 639 559
388 639 279
665 639 237
762 639 566
223 639 486
721 639 444
283 657 452
388 657 279
665 657 497
762 657 711
223 657 452
721 657 624
283 658 559
388 658 278
665 658 177
0 658 234
762 658 711
223 658 486
721 658 624
283 662 559
388 662 278
665 662 272
0 662 213
762 662 606
223 662 486
721 662 606
283 667 393
388 667 475
665 667 502
0 667 762
762 667 750
223 667 263
283 683 559
388 683 279
665 683 266
0 683 146
762 683 711
223 683 486
721 683 624
283 720 692
388 720 182
665 720 272
0 720 482
762 720 1122
223 720 572
721 720 216
283 748 559
388 748 278
665 748 385
0 748 342
762 748 859
223 748 486
721 748 980
388 839 381
665 839 819
0 839 564
762 839 564
721 839 1128
719 283 941
823 283 505
821 283 393
738 283 371
625 283 190
821 388 1170
719 388 609
738 388 403
625 388 213
823 665 923
719 665 554
821 665 441
738 665 426
625 665 99
719 0 727
823 0 540
625 762 70
823 762 2
821 223 1291
823 223 83
821 721 1269
719 721 6
229 719 1020
87 719 533
462 823 1205
87 823 43
229 823 21
170 821 616
378 821 60
87 821 325
229 821 7
229 625 673
170 625 664
378 625 490
462 625 362
87 625 340
463 625 225
87 738 245
229 738 26
375 229 758
186 229 658
186 170 978
375 170 742
375 87 207
186 87 19
186 378 1069
375 462 923
390 462 641
316 462 518
414 462 423
186 462 225
414 463 1300
375 463 1300
390 463 1121
415 463 432
316 463 284
402 316 860
297 316 824
416 316 566
398 316 566
436 316 374
297 186 877
402 375 1227
297 375 732
398 375 566
436 375 406
416 375 393
402 415 1106
416 415 1030
398 415 969
436 415 966
297 415 892
416 390 1209
402 390 1199
297 390 892
398 390 216
402 414 1134
398 414 969
436 414 966
416 414 789
297 414 585
140 402 1300
208 402 1300
206 402 1145
267 402 262
255 402 233
233 402 175
208 436 1161
140 436 1161
233 436 894
206 436 894
255 436 735
267 436 262
206 398 1229
140 398 1056
255 398 1055
208 398 810
233 398 416
206 416 1229
233 416 1074
140 416 1056
208 416 333
208 297 547
267 297 509
233 297 363
238 140 1151
168 140 109
168 208 1239
214 208 874
154 208 649
324 208 408
152 255 595
214 255 380
152 233 520
214 233 312
168 233 312
154 267 500
154 206 500
324 206 408
152 168 1300
200 168 965
76 152 1263
152 214 1300
200 214 965
76 214 666
152 324 1094
152 154 1300
76 154 1058
200 154 965
152 238 1300
200 238 965
