226
609 430 255
677 430 254
763 430 803
688 430 661
411 430 525
376 430 676
609 493 624
677 493 215
763 493 1216
688 493 663
411 493 206
376 493 696
609 692 624
677 692 365
763 692 1141
688 692 663
411 692 525
376 692 365
609 731 453
677 731 504
763 731 466
688 731 407
411 731 315
376 731 466
609 735 453
677 735 693
763 735 803
688 735 479
411 735 150
376 735 674
609 756 624
677 756 100
651 756 162
763 756 1196
688 756 568
411 756 417
376 756 674
609 789 557
677 789 743
651 789 718
763 789 850
688 789 221
411 789 329
376 789 366
609 791 555
677 791 566
763 791 164
688 791 234
411 791 455
376 791 630
609 826 557
677 826 360
651 826 233
763 826 946
688 826 594
411 826 731
376 826 429
609 842 299
677 842 374
651 842 141
763 842 946
688 842 744
411 842 731
376 842 133
609 867 203
677 867 566
651 867 685
763 867 946
688 867 234
411 867 183
376 867 133
609 884 557
677 884 562
763 884 920
688 884 363
411 884 329
376 884 429
609 895 557
677 895 743
651 895 406
763 895 665
688 895 577
411 895 476
376 895 366
677 799 360
651 799 379
763 799 946
688 799 298
411 799 731
376 799 150
779 609 963
771 609 930
611 609 784
774 609 377
600 609 122
771 677 1237
779 677 877
774 677 377
600 677 263
611 677 142
771 651 1263
779 651 877
774 651 377
779 763 545
771 763 1283
611 763 144
774 763 7
771 688 1263
779 688 963
611 688 554
774 688 502
600 688 263
774 411 1105
779 411 862
771 411 622
611 411 359
600 411 314
774 376 885
611 376 668
771 376 601
600 376 476
779 376 327
507 771 1275
322 771 769
397 771 334
117 771 7
483 600 1015
397 600 968
322 600 930
117 600 437
507 600 235
397 774 1037
507 774 564
322 774 120
483 774 6
483 611 1015
507 611 734
117 611 437
322 611 334
483 779 915
397 779 49
309 507 536
300 483 360
333 483 898
413 483 61
325 483 465
39 397 794
76 397 287
309 397 205
39 322 1214
300 322 896
309 322 441
76 322 366
333 322 298
39 117 1056
76 117 655
309 117 626
325 117 315
333 117 315
297 309 1060
290 309 1060
175 309 502
408 309 443
408 300 1267
290 300 1026
297 300 1026
355 300 808
307 300 731
175 300 277
297 333 1197
408 333 1152
290 333 1123
355 333 808
307 333 433
175 333 277
408 413 1189
297 413 1042
355 413 432
175 413 365
307 413 345
175 39 615
290 39 173
307 39 3
355 76 752
307 325 889
408 325 828
355 325 808
175 325 291
310 175 1036
264 175 924
374 175 816
298 175 561
202 175 441
264 307 812
310 307 591
202 307 549
374 408 924
298 408 701
310 408 601
202 408 217
374 290 991
310 290 605
202 290 549
264 290 413
264 297 524
202 297 331
310 297 247
298 297 224
374 355 1119
264 355 795
310 355 591
202 355 549
152 202 585
154 202 392
152 374 669
349 310 281
152 310 252
154 264 423
382 298 312
154 298 312
388 298 279
76 152 1258
101 382 859
101 388 657
101 349 1267
200 154 954
