410
137 388 367
665 388 252
64 388 423
769 388 518
318 388 147
50 388 680
612 388 401
658 388 407
233 388 401
137 453 457
665 453 255
64 453 784
769 453 186
318 453 353
50 453 186
612 453 513
658 453 289
233 453 696
104 453 457
137 468 337
665 468 382
64 468 386
769 468 184
318 468 363
50 468 785
612 468 363
658 468 337
233 468 1038
104 468 204
137 514 225
665 514 242
64 514 561
769 514 468
318 514 303
50 514 612
612 514 329
658 514 242
233 514 612
104 514 501
137 591 194
665 591 281
64 591 277
769 591 189
318 591 353
50 591 525
612 591 164
658 591 414
233 591 203
104 591 364
137 669 319
665 669 353
769 669 232
318 669 184
612 669 348
658 669 476
104 669 337
137 693 209
665 693 197
64 693 386
769 693 252
318 693 108
50 693 785
612 693 513
658 693 278
233 693 872
104 693 271
137 720 885
665 720 294
64 720 279
769 720 513
318 720 353
50 720 320
612 720 236
658 720 475
233 720 294
104 720 279
137 769 129
665 769 895
64 769 451
769 769 239
50 769 252
612 769 321
658 769 239
233 769 344
104 769 756
137 788 637
665 788 261
64 788 628
769 788 764
318 788 487
612 788 280
658 788 133
233 788 228
104 788 461
137 808 314
665 808 750
64 808 472
769 808 193
50 808 175
612 808 293
658 808 346
233 808 346
104 808 814
137 814 529
665 814 596
64 814 461
769 814 529
50 814 488
612 814 338
658 814 548
233 814 344
104 814 461
137 819 129
665 819 288
64 819 472
769 819 235
318 819 243
50 819 148
612 819 388
658 819 382
233 819 577
104 819 461
137 826 314
665 826 311
64 826 574
769 826 501
318 826 383
50 826 198
612 826 446
658 826 610
233 826 398
104 826 429
137 866 118
665 866 261
64 866 722
769 866 565
318 866 383
50 866 175
612 866 338
658 866 523
233 866 228
104 866 814
137 881 630
665 881 725
64 881 605
769 881 630
50 881 148
612 881 158
658 881 297
104 881 185
137 882 298
665 882 630
64 882 483
769 882 501
318 882 383
50 882 252
612 882 321
658 882 323
233 882 344
104 882 603
137 884 298
64 884 722
769 884 99
318 884 438
50 884 98
612 884 127
658 884 127
233 884 282
104 884 127
137 939 163
769 939 410
318 939 44
233 939 5
665 231 301
769 231 264
612 231 209
233 231 385
104 231 115
665 687 289
64 687 394
318 687 475
50 687 554
612 687 513
658 687 906
233 687 553
104 687 352
665 736 580
64 736 635
769 736 225
318 736 251
612 736 513
658 736 225
233 736 553
104 736 169
665 784 725
64 784 628
769 784 490
318 784 383
612 784 352
658 784 313
665 801 314
64 801 314
318 801 487
50 801 175
612 801 338
658 801 699
233 801 135
104 801 814
665 846 309
64 846 628
769 846 490
318 846 383
50 846 288
612 846 388
233 846 228
104 846 429
665 880 364
64 880 451
769 880 556
318 880 438
50 880 252
612 880 353
658 880 323
233 880 228
104 880 461
233 14 522
686 137 978
746 137 707
746 665 1109
643 665 955
686 665 855
781 665 561
801 665 372
724 665 214
680 64 834
724 64 1176
781 64 1194
746 769 89
680 769 50
724 769 443
801 769 302
781 318 1214
724 318 774
801 318 738
686 318 360
746 318 360
680 318 286
643 318 157
746 50 1103
781 50 852
724 50 1052
643 50 2
724 612 1221
801 612 1127
680 612 837
746 612 753
643 612 752
686 612 496
781 612 298
746 658 1191
801 658 1134
781 658 943
724 658 520
680 658 520
686 658 398
643 658 256
686 233 237
746 104 951
680 104 424
686 104 559
781 104 255
463 643 1160
284 643 1113
52 643 738
41 643 676
105 643 646
5 643 226
138 724 202
284 724 1140
41 724 1115
68 801 603
5 801 1194
463 686 1296
284 686 906
52 686 675
105 686 646
68 686 555
138 781 948
52 781 1009
5 781 199
68 781 10
284 680 986
138 680 687
52 680 664
284 746 1135
5 746 1290
375 105 185
62 105 307
62 41 1017
375 41 167
469 41 45
415 41 2
375 284 1277
296 284 982
469 284 820
94 284 795
415 284 741
77 284 346
241 284 287
62 284 193
62 68 1120
375 52 3
94 5 170
77 5 4
375 138 1007
296 138 817
241 138 430
62 138 429
469 138 412
94 138 355
77 138 287
375 463 1298
77 463 845
415 463 582
94 463 193
263 469 528
402 469 3
311 62 350
442 62 1
407 375 1281
442 375 1255
52 375 903
402 375 827
311 375 555
263 375 443
402 77 214
407 77 56
442 77 99
175 94 5
52 241 1058
311 241 327
407 241 292
263 241 269
52 296 903
407 296 767
311 296 555
442 296 326
263 296 246
402 415 677
52 415 597
407 415 595
263 415 454
442 415 272
208 442 1297
298 442 898
429 442 579
208 407 1300
298 407 660
429 407 426
411 175 988
298 175 604
208 175 592
429 175 230
428 351 647
411 351 647
208 351 430
429 351 321
298 351 233
208 402 1300
298 402 915
208 311 1002
429 311 782
397 311 774
429 263 729
298 263 429
411 263 372
428 263 247
429 52 5
397 52 7
326 208 435
374 208 389
341 397 1137
382 397 965
366 397 711
374 298 885
326 298 298
341 428 1137
382 428 965
366 428 711
374 428 695
326 428 435
341 429 1072
382 429 907
374 429 838
366 429 711
326 429 435
341 411 1127
382 411 965
366 411 600
374 411 418
326 411 418
101 382 1121
96 382 722
101 366 1146
133 366 746
101 374 1004
101 326 1296
133 326 562
96 341 1057
101 341 867
