166
387 89 319
632 89 125
295 89 372
730 89 7
387 207 359
730 207 454
785 207 104
387 475 626
632 475 354
295 475 716
730 475 958
93 475 630
785 475 1095
387 590 248
632 590 291
295 590 716
730 590 1014
93 590 622
785 590 1069
387 604 377
632 604 314
295 604 716
730 604 776
93 604 622
785 604 550
387 656 626
632 656 354
295 656 600
730 656 733
93 656 630
785 656 996
387 684 187
632 684 314
295 684 716
730 684 1053
93 684 622
785 684 406
387 780 341
632 780 428
295 780 342
93 780 409
785 780 150
387 795 274
632 795 428
295 795 342
730 795 715
93 795 409
785 795 387
387 812 385
632 812 398
295 812 732
730 812 297
93 812 850
785 812 354
387 845 385
632 845 226
295 845 848
730 845 282
93 845 354
785 845 378
387 861 385
632 861 457
295 861 848
730 861 715
93 861 409
785 861 354
387 865 385
632 865 398
295 865 848
730 865 715
93 865 837
785 865 235
387 883 267
632 883 428
295 883 342
730 883 715
93 883 409
785 883 284
295 1001 135
785 387 823
732 387 757
747 387 711
796 387 193
732 632 810
796 632 752
785 632 487
732 295 901
796 295 665
785 295 657
747 295 333
796 730 910
747 730 590
732 93 1033
785 93 253
747 93 434
747 785 357
732 785 1
254 732 337
35 747 1144
370 796 985
49 785 760
254 785 60
94 54 1108
78 54 50
78 49 1176
94 370 1107
78 370 685
329 370 685
307 370 231
329 35 598
307 35 220
78 254 817
94 254 389
100 78 791
217 78 134
250 94 883
170 94 1108
170 307 910
250 307 910
217 307 791
346 307 719
100 307 477
100 329 917
250 329 483
170 329 483
217 329 414
362 100 21
298 100 1
298 217 739
208 217 570
358 217 565
298 170 1160
208 170 570
358 170 154
362 250 1090
358 250 621
208 250 439
219 346 505
358 346 497
298 346 497
363 208 600
374 208 460
389 208 445
346 358 714
389 358 714
363 358 487
349 358 388
389 219 475
346 219 373
374 298 666
389 298 618
363 298 302
343 298 297
346 298 297
374 362 516
389 362 340
346 362 311
133 363 1158
101 343 845
101 349 1147
133 349 1052
101 346 1147
133 346 843
133 389 843
101 374 794
133 374 596
