129
814 416 867
25 416 884
721 416 1013
57 416 1122
814 437 1004
25 437 412
721 437 692
57 437 1098
814 464 1086
25 464 991
721 464 143
57 464 949
814 562 907
25 562 884
721 562 1130
57 562 1032
814 683 612
25 683 866
721 683 866
57 683 866
814 713 907
25 713 991
721 713 923
57 713 923
814 737 714
25 737 991
721 737 1130
57 737 1032
814 851 290
25 851 1203
721 851 1204
57 851 1071
814 887 309
25 887 1006
721 887 604
57 887 604
712 814 179
821 25 1291
495 25 579
822 25 217
821 721 1294
822 721 1238
712 721 11
719 721 13
821 57 1222
719 57 501
495 57 1057
712 57 48
278 719 379
229 719 959
133 719 580
224 719 2
378 712 206
378 821 225
229 821 1
224 822 733
133 822 916
278 495 943
378 495 929
229 495 722
224 495 354
133 495 254
353 133 980
353 229 980
375 229 662
353 278 741
353 378 826
353 224 980
375 224 334
402 353 579
398 353 579
436 353 579
402 375 1179
398 375 675
436 375 529
416 375 529
412 375 377
402 390 1228
416 390 1227
412 390 1207
398 390 340
402 414 1075
398 414 1030
436 414 1015
416 414 866
412 414 355
140 402 1299
208 402 1299
206 402 1199
218 402 785
255 402 291
233 402 128
206 398 1242
255 398 1118
140 398 978
208 398 817
233 398 399
208 436 1125
140 436 1125
206 436 1028
233 436 997
255 436 879
218 436 785
206 416 1242
233 416 997
140 416 978
218 416 264
208 416 264
140 412 1241
255 412 1118
218 412 785
233 412 312
206 412 250
238 140 1197
168 140 79
168 208 1191
214 208 1048
342 208 802
348 255 422
214 255 396
168 233 316
214 233 316
342 206 978
152 168 1299
152 342 1089
152 214 1299
84 214 787
152 348 1292
152 238 1299
