124
134 101 1091
197 101 988
162 101 189
134 223 1103
197 223 471
613 223 603
134 483 1118
197 483 1101
613 483 480
162 483 707
134 563 513
197 563 354
613 563 354
162 563 801
134 564 803
197 564 909
613 564 493
162 564 491
134 613 1103
197 613 1101
613 613 506
162 613 572
134 727 703
197 727 909
613 727 620
162 727 620
134 813 426
197 813 590
613 813 230
162 813 273
134 853 374
197 853 795
613 853 388
162 853 103
162 918 6
708 134 1027
138 134 1131
605 134 117
138 197 48
640 197 179
138 613 1087
640 613 1060
708 613 923
605 613 485
138 162 151
708 162 1114
605 162 838
640 162 1
522 138 1023
270 138 941
450 138 63
450 640 978
255 640 528
439 640 226
522 640 131
270 640 131
270 708 1124
439 708 309
522 708 3
270 605 956
522 605 766
450 605 684
255 605 313
329 255 836
422 255 229
39 439 996
329 439 652
181 439 620
422 439 598
39 450 996
422 450 655
329 450 652
329 522 774
422 522 40
181 270 647
422 270 515
39 270 399
329 270 399
226 422 733
241 422 642
438 422 370
226 181 1018
193 181 902
241 181 381
226 39 795
193 329 1036
226 329 1018
241 329 587
438 329 552
417 226 1191
426 226 731
407 226 624
402 226 483
417 438 1143
407 438 718
426 438 579
402 438 372
407 193 855
417 193 789
426 193 765
402 193 80
417 241 1158
426 241 612
407 241 612
402 241 222
379 402 980
343 402 710
340 402 710
349 402 519
379 417 1151
340 417 850
349 417 614
343 417 587
379 407 1151
340 407 850
349 407 614
343 407 590
379 426 986
343 426 721
349 426 497
95 343 837
95 349 755
150 379 1182
150 340 1000
