227
449 218 481
450 218 404
318 218 151
551 218 31
220 218 859
431 218 162
449 231 338
449 298 145
551 298 1111
449 453 524
450 453 174
318 453 934
551 453 636
220 453 385
431 453 165
449 502 524
450 502 314
318 502 462
551 502 847
220 502 261
431 502 489
449 533 159
450 533 227
318 533 739
551 533 845
220 533 288
431 533 1024
449 578 524
450 578 157
318 578 708
551 578 847
220 578 149
431 578 165
449 589 439
450 589 233
318 589 804
551 589 581
220 589 216
431 589 418
449 625 524
450 625 505
318 625 636
551 625 847
220 625 505
431 625 315
449 662 195
318 662 524
551 662 347
220 662 449
431 662 298
449 821 522
450 821 523
318 821 983
551 821 319
220 821 234
431 821 518
449 833 241
450 833 342
318 833 873
551 833 588
220 833 160
431 833 654
449 859 671
450 859 213
318 859 983
551 859 319
220 859 375
431 859 914
449 878 486
450 878 545
318 878 983
551 878 602
220 878 486
431 878 501
449 889 584
450 889 444
318 889 983
551 889 516
220 889 584
431 889 444
450 171 329
318 171 972
431 171 888
450 465 236
318 465 658
551 465 311
220 465 385
431 465 1024
450 513 330
318 513 348
551 513 277
220 513 330
431 513 1024
781 449 1288
283 449 1068
516 449 885
376 449 885
556 449 714
781 450 1204
516 450 1166
376 450 998
283 450 852
556 450 624
781 318 1282
516 318 1131
376 318 998
283 318 821
556 318 714
781 551 1174
283 551 1068
376 551 648
556 551 563
516 551 328
556 220 918
781 220 1271
376 220 82
781 431 1231
516 431 1177
376 431 1108
283 431 1068
556 431 714
116 283 1237
138 283 895
113 283 803
3 283 450
52 283 402
32 283 370
463 283 209
116 376 1210
463 376 925
138 376 895
113 376 803
52 376 471
32 376 408
3 376 167
116 781 650
138 781 1106
52 781 1079
116 556 1259
138 556 895
32 556 831
113 556 803
3 556 339
52 556 331
116 516 1245
32 516 1013
138 516 895
3 516 817
113 516 803
52 516 255
55 32 449
9 32 3
375 3 622
147 3 78
375 113 1277
9 113 1144
55 113 720
189 113 490
9 116 1144
375 116 1055
189 116 597
147 116 244
9 52 1293
375 52 8
9 138 1144
375 138 1055
375 463 1300
55 463 230
9 463 206
402 375 1133
52 375 1046
285 375 941
263 375 941
351 375 202
52 189 974
285 189 858
263 189 775
351 189 460
52 147 1046
285 147 760
351 147 466
263 147 382
52 9 1240
351 9 3
285 55 571
127 285 1118
204 285 1037
397 285 1019
140 285 956
360 285 260
208 285 190
204 351 1043
127 351 896
140 351 457
360 351 457
208 351 298
140 402 1300
208 402 1299
360 402 723
127 263 896
360 263 221
204 263 218
397 263 176
127 52 1105
397 52 9
238 140 1191
195 127 1295
214 208 1208
326 208 392
214 360 842
326 360 693
372 360 512
214 204 848
326 204 838
377 204 450
372 204 208
195 204 187
214 397 1109
377 397 785
372 397 347
152 372 1289
152 377 1048
152 214 1300
185 214 488
185 326 727
152 195 876
152 238 1300
