255
538 126 64
797 126 877
411 126 150
538 146 769
797 146 20
40 146 9
308 146 192
726 146 357
296 146 1155
538 502 345
797 502 661
411 502 553
40 502 808
308 502 360
726 502 466
296 502 233
538 513 851
797 513 667
411 513 653
40 513 203
308 513 165
726 513 1071
296 513 572
538 606 393
797 606 435
411 606 653
40 606 437
308 606 197
726 606 1071
296 606 444
538 621 696
797 621 332
411 621 653
40 621 462
308 621 360
726 621 1071
296 621 444
538 651 851
797 651 145
411 651 653
40 651 354
308 651 334
726 651 1063
296 651 572
538 729 393
797 729 667
411 729 653
40 729 437
308 729 337
726 729 901
296 729 444
538 731 851
797 731 249
411 731 653
40 731 665
308 731 360
726 731 1071
296 731 572
538 738 378
797 738 638
411 738 653
40 738 437
308 738 232
726 738 1071
296 738 444
538 784 214
797 784 958
411 784 841
40 784 996
308 784 219
296 784 575
538 832 444
797 832 958
411 832 880
40 832 996
308 832 219
726 832 315
296 832 575
538 846 361
797 846 958
411 846 962
40 846 344
308 846 103
296 846 575
538 865 643
797 865 958
411 865 553
40 865 197
308 865 714
726 865 174
296 865 575
538 879 830
797 879 523
40 879 205
308 879 197
296 879 590
538 1002 39
797 1002 879
411 1002 259
40 1002 117
296 1002 111
797 877 958
411 877 597
726 877 315
296 877 575
796 538 814
732 538 722
779 538 720
797 538 576
626 538 472
627 538 301
611 538 158
797 797 73
732 797 458
796 797 65
627 797 17
626 797 1
797 411 1162
732 411 1033
779 411 720
626 411 398
796 411 392
627 411 248
611 411 248
732 40 702
626 40 80
796 40 2
732 308 838
797 308 838
779 308 720
611 308 637
627 308 637
796 308 408
626 308 252
797 726 125
611 726 453
796 726 832
627 726 32
797 296 891
779 296 720
732 296 530
626 296 472
627 296 262
796 296 176
502 732 1025
483 732 134
69 732 100
56 797 597
69 797 1282
463 627 1215
1 627 940
483 627 584
56 627 444
502 627 235
483 796 479
56 796 877
153 796 21
502 796 1178
1 796 137
463 626 1133
483 626 1127
56 626 393
153 626 281
502 626 244
463 611 1133
483 611 1127
56 611 393
483 779 968
69 779 1
333 153 421
76 153 372
300 153 372
412 483 331
300 483 328
333 483 620
412 502 200
333 502 54
300 69 106
76 69 1237
76 56 28
412 56 1
375 463 1298
333 463 496
412 463 496
300 463 496
415 463 425
408 300 1225
355 300 531
307 300 503
408 333 1124
355 333 581
307 333 540
88 333 477
355 375 517
398 375 458
436 375 412
88 375 306
385 375 287
436 412 1030
398 412 1030
385 412 966
408 412 932
355 412 873
307 412 210
408 415 1137
355 415 870
436 415 746
398 415 746
385 415 638
307 415 210
88 76 1169
355 76 416
391 88 54
264 307 919
208 307 715
391 307 580
202 307 553
267 307 410
208 408 1056
298 408 848
267 408 290
208 385 1206
298 385 228
208 398 538
298 436 848
208 436 782
267 436 290
208 355 933
264 355 742
391 355 580
202 355 440
267 355 427
389 202 923
214 202 843
214 208 1175
408 208 1122
389 391 923
408 391 755
389 298 662
379 298 605
408 298 311
382 298 311
389 264 1210
379 264 386
389 267 910
408 267 505
379 267 386
101 343 970
133 389 781
101 382 1105
152 214 1300
84 214 745
101 408 1296
133 408 1066
133 379 781
