152
421 386 201
655 386 956
140 386 1244
702 386 363
612 386 657
421 510 230
655 510 931
140 510 1043
702 510 364
421 624 230
655 624 880
140 624 1147
702 624 364
612 624 176
421 655 295
655 655 956
140 655 1219
702 655 129
421 758 527
655 758 535
140 758 754
702 758 432
612 758 315
421 782 618
655 782 922
140 782 495
702 782 512
612 782 403
421 849 287
655 849 879
140 849 815
702 849 152
421 892 618
655 892 1137
140 892 996
702 892 880
612 892 403
140 13 269
140 32 20
612 32 238
702 938 153
663 421 1113
589 421 798
651 421 461
801 421 330
680 421 322
663 655 1276
801 655 1205
589 655 876
651 655 735
680 655 572
663 140 637
801 140 472
589 702 989
680 702 881
651 702 830
663 702 771
801 702 107
663 612 1292
801 612 1205
680 612 1082
589 612 974
651 612 830
223 589 966
310 589 792
305 589 738
244 589 542
1 589 336
244 801 1249
223 651 966
1 651 919
310 651 792
287 651 261
305 651 244
244 651 150
1 680 919
244 680 905
305 680 738
310 680 589
287 680 227
244 663 1276
223 663 966
1 663 919
310 663 792
305 663 155
83 1 896
94 1 1069
275 1 24
415 305 299
94 244 1069
83 244 812
275 244 264
83 287 291
275 287 264
192 223 522
415 223 299
83 310 425
192 310 327
474 275 1119
335 275 807
274 275 714
208 275 523
192 275 338
175 192 1213
208 192 1032
335 192 535
192 192 438
474 192 410
274 192 206
274 83 529
175 83 283
335 83 86
335 94 334
175 94 2
192 415 677
208 415 531
274 415 422
474 415 293
289 335 1219
208 335 805
416 335 579
298 335 207
208 274 805
298 274 533
416 274 179
289 208 1256
298 208 889
416 208 415
289 175 1244
298 175 854
416 175 852
208 175 314
416 192 886
298 192 533
416 474 925
208 474 337
408 208 1271
374 208 494
326 208 447
374 416 987
326 416 367
344 298 1125
374 298 795
408 298 712
326 298 712
408 289 1209
344 289 1166
326 289 846
133 344 1096
133 374 907
133 326 824
96 408 1064
