192
575 275 792
655 275 33
575 494 380
634 494 469
581 494 444
758 494 982
607 494 315
655 494 525
575 704 522
634 704 825
581 704 254
758 704 745
607 704 546
655 704 546
575 792 310
634 792 1020
581 792 181
758 792 112
607 792 340
655 792 753
575 851 594
634 851 641
581 851 1081
758 851 594
607 851 902
655 851 786
575 853 137
634 853 899
581 853 181
758 853 112
607 853 502
655 853 1029
575 862 310
634 862 1020
581 862 714
758 862 169
607 862 502
655 862 714
575 893 167
634 893 1020
581 893 444
758 893 880
607 893 902
655 893 444
575 895 137
634 895 596
581 895 147
758 895 811
607 895 520
655 895 386
634 789 596
581 789 194
758 789 880
607 789 707
758 222 953
607 82 19
655 82 496
730 575 1238
776 575 836
589 575 829
680 575 472
651 575 337
643 575 189
776 634 1009
730 634 870
680 634 868
589 634 602
643 634 530
651 634 406
643 581 1088
680 581 981
776 581 874
651 581 630
730 581 618
776 758 1119
651 758 199
643 607 1088
776 607 1074
730 607 993
680 607 612
651 607 529
589 607 341
680 655 814
643 655 718
589 655 648
730 655 611
651 655 529
776 655 375
443 776 1128
424 776 1123
374 776 444
93 643 867
424 643 828
41 643 745
374 643 333
443 643 263
374 730 524
469 730 987
41 730 59
469 589 1139
424 589 821
41 651 992
469 651 326
424 651 204
93 651 165
469 680 1139
424 680 563
443 680 446
374 680 333
477 424 1176
415 424 1060
412 424 742
422 424 469
477 374 1093
412 374 941
176 374 521
477 443 1026
422 443 867
176 443 357
412 469 503
477 469 903
422 469 1123
412 41 247
415 41 1
477 93 905
176 93 86
433 422 1292
208 422 697
222 422 457
307 129 1011
217 129 457
193 129 391
193 477 178
208 477 578
222 477 289
217 477 418
433 412 901
208 412 628
217 412 340
307 412 237
208 415 717
433 415 690
222 415 457
307 415 237
217 176 942
193 176 344
433 176 341
307 176 191
289 208 1066
264 208 597
298 208 597
416 208 569
208 208 256
416 307 1096
208 307 1011
264 307 969
289 307 423
208 217 1179
416 217 1087
264 217 1071
289 217 952
298 217 355
208 433 1300
416 433 1231
289 433 273
289 193 952
416 193 683
264 193 677
298 193 402
208 193 369
208 222 1011
264 222 969
298 222 355
408 208 1223
214 208 1171
214 416 1179
379 416 861
379 298 610
408 298 441
348 264 1063
379 264 449
359 264 373
408 289 1142
214 289 788
379 289 514
101 359 1300
101 214 642
101 408 1299
96 408 869
101 379 1132
101 348 1208
96 348 1110
