231
710 420 1020
27 420 803
196 420 785
222 420 695
58 420 1004
156 420 988
710 427 954
27 427 803
196 427 785
222 427 652
58 427 954
156 427 988
710 456 653
27 456 803
196 456 785
222 456 652
58 456 653
156 456 988
710 519 562
27 519 808
196 519 785
222 519 845
58 519 567
156 519 988
710 525 1020
27 525 461
196 525 570
222 525 652
58 525 1004
156 525 862
710 599 1020
27 599 529
196 599 570
222 599 652
58 599 1004
156 599 974
710 637 1020
27 637 803
196 637 785
222 637 652
58 637 1004
156 637 988
710 641 385
27 641 350
196 641 159
222 641 385
58 641 429
156 641 149
710 693 562
27 693 803
196 693 785
222 693 715
58 693 555
156 693 988
710 714 1020
27 714 803
196 714 785
222 714 652
58 714 1004
156 714 988
710 803 344
27 803 141
196 803 899
222 803 793
58 803 498
156 803 812
710 824 690
27 824 296
196 824 382
222 824 383
58 824 540
156 824 766
710 842 546
196 842 899
222 842 793
58 842 871
156 842 865
710 855 275
196 855 431
222 855 793
58 855 457
156 855 865
27 1021 751
156 1021 680
760 710 545
736 710 20
717 27 1120
747 27 38
358 27 2
827 196 685
717 196 903
358 222 1131
760 222 1008
827 222 875
736 222 297
747 222 169
760 58 1096
358 58 350
358 156 399
736 156 1
15 747 221
491 747 26
105 760 1280
211 760 1182
215 760 8
402 827 392
215 827 43
402 717 73
211 717 1282
491 717 322
215 717 93
15 717 38
491 736 1059
15 736 614
215 736 2
211 358 1216
463 358 693
215 358 686
15 358 586
105 358 429
491 358 374
402 358 138
32 358 137
308 105 395
375 105 122
241 32 741
308 15 70
241 15 264
413 402 898
39 402 759
375 402 750
308 402 480
412 402 282
241 491 1020
412 491 233
308 491 468
308 215 1224
375 215 435
241 215 227
413 215 195
412 215 177
308 211 1224
413 211 878
241 211 717
375 211 288
412 211 142
375 463 1296
415 463 524
413 463 455
412 463 394
39 463 324
407 308 718
311 308 582
100 308 477
433 308 476
17 308 337
193 308 278
408 308 270
408 413 1084
433 413 278
377 413 262
193 413 230
407 413 191
100 241 896
193 241 590
17 241 284
311 241 262
407 241 196
407 375 1273
311 375 582
17 375 524
408 375 182
17 39 1289
100 39 16
408 412 906
407 412 425
17 412 332
433 412 296
407 415 897
408 415 863
433 415 278
168 100 384
208 407 1295
298 407 715
437 407 243
436 407 243
208 311 1089
168 311 753
208 408 989
298 408 870
208 433 1299
168 17 1294
437 17 224
436 17 455
298 17 5
168 193 1128
436 193 1123
437 193 1083
208 193 205
168 377 1274
437 377 353
388 208 1019
330 208 456
340 208 456
330 437 1096
388 437 1096
340 437 1074
349 437 703
343 437 644
388 436 1174
330 436 1157
349 436 703
340 436 571
343 436 409
343 298 423
330 298 274
340 298 274
330 168 566
340 168 1147
388 168 1155
69 343 1045
101 343 942
69 330 1120
101 330 1025
134 330 727
101 349 1274
69 349 875
134 349 727
134 388 1150
101 388 862
134 340 776
