182
166 11 191
93 11 183
785 11 21
729 11 6
166 473 263
93 473 1179
785 473 663
153 473 203
781 473 412
729 473 469
166 684 803
93 684 1135
785 684 179
153 684 325
781 684 611
729 684 606
166 813 863
93 813 1138
785 813 599
153 813 282
781 813 730
729 813 543
166 865 863
93 865 1071
785 865 196
153 865 566
781 865 730
166 868 805
93 868 1182
785 868 343
153 868 701
781 868 730
729 868 529
166 883 449
93 883 752
785 883 268
781 883 362
729 883 506
166 885 738
93 885 1197
785 885 294
153 885 498
781 885 730
729 885 529
166 889 353
93 889 1122
153 889 660
781 889 730
729 889 399
93 777 1157
785 777 196
153 777 233
781 777 730
729 777 529
93 810 1118
785 810 242
153 810 746
781 810 730
729 810 529
93 836 1197
785 836 268
153 836 217
781 836 730
93 861 916
785 861 204
729 861 717
785 207 69
153 207 706
781 207 950
732 166 1003
743 166 1
747 166 42
732 93 1232
776 93 1256
743 93 1238
747 93 119
785 93 85
801 93 1
801 785 212
747 785 150
743 785 4
732 785 4
743 153 95
776 153 733
801 153 355
732 781 970
785 781 985
743 729 954
776 729 1167
732 729 967
260 732 206
156 732 3
35 747 1285
156 776 39
223 776 27
260 743 1212
35 743 89
260 801 1
49 785 863
156 785 302
94 156 1009
78 156 793
87 156 654
412 156 395
78 49 1298
87 49 96
87 260 981
78 260 574
94 260 466
412 260 379
415 260 298
329 35 710
87 35 6
87 223 707
412 223 666
78 223 574
94 223 546
415 223 298
169 78 298
217 78 167
100 78 754
438 78 83
438 87 662
250 94 1001
170 94 1234
250 412 423
169 412 368
100 329 918
170 329 583
250 329 583
217 329 421
169 329 275
169 415 848
168 100 207
362 100 29
298 438 531
208 438 479
358 438 433
362 250 1195
168 250 933
358 250 747
208 250 419
266 250 199
298 170 1279
168 170 933
208 170 643
266 170 360
358 170 216
266 169 772
168 169 634
208 169 415
298 217 708
358 217 708
208 217 643
266 217 390
363 208 605
340 208 527
374 208 527
379 358 695
340 358 649
363 358 439
349 358 411
374 298 772
379 298 771
340 298 357
343 298 344
363 298 254
374 266 1281
340 266 288
374 362 668
340 362 668
340 168 1146
133 363 1284
96 363 693
101 343 985
101 374 976
133 374 733
133 340 1300
101 349 1281
133 349 1165
133 379 1000
101 379 771
