295
657 434 419
80 434 369
722 434 448
787 434 286
149 434 145
22 434 552
607 434 441
781 434 902
657 481 650
80 481 375
722 481 434
787 481 609
149 481 144
22 481 161
607 481 310
781 481 754
657 530 230
80 530 200
722 530 651
787 530 579
149 530 307
22 530 532
607 530 441
781 530 488
657 720 528
80 720 361
722 720 505
787 720 727
149 720 163
22 720 272
607 720 441
781 720 902
657 773 497
80 773 631
722 773 307
787 773 319
149 773 338
22 773 621
607 773 621
781 773 127
657 779 246
80 779 388
722 779 255
787 779 263
149 779 345
607 779 513
781 779 635
657 787 350
80 787 417
722 787 479
149 787 418
22 787 358
607 787 598
781 787 774
657 794 520
722 794 436
787 794 549
149 794 418
22 794 625
607 794 708
781 794 259
657 825 455
80 825 631
722 825 479
787 825 507
149 825 418
22 825 520
607 825 486
781 825 624
657 826 368
722 826 255
787 826 549
149 826 338
22 826 537
607 826 216
781 826 461
657 857 305
80 857 152
722 857 306
787 857 675
149 857 345
22 857 495
607 857 804
781 857 966
657 866 525
80 866 300
722 866 479
787 866 377
149 866 418
22 866 216
607 866 598
781 866 486
657 882 243
80 882 489
722 882 255
787 882 363
149 882 193
22 882 299
607 882 182
781 882 966
657 967 7
787 967 79
607 967 306
781 967 76
80 776 126
722 776 255
787 776 549
149 776 193
22 776 625
607 776 796
781 776 736
80 778 346
722 778 150
787 778 549
149 778 303
22 778 358
607 778 324
781 778 728
80 799 373
722 799 307
787 799 549
149 799 338
22 799 168
607 799 168
781 799 434
80 829 565
722 829 307
787 829 549
149 829 274
22 829 306
607 829 274
80 854 565
722 854 306
787 854 442
149 854 193
22 854 545
607 854 523
781 854 736
42 657 438
686 657 426
581 657 390
785 657 355
796 657 233
658 657 133
658 80 96
42 80 14
796 722 172
827 787 325
42 787 587
605 787 54
796 149 5
42 149 1
581 149 1
605 22 24
785 22 39
796 22 141
581 22 5
581 607 898
686 607 426
796 607 364
605 607 319
42 607 289
785 607 270
827 607 251
658 607 234
827 781 241
785 781 815
686 781 113
35 581 1196
414 581 1019
463 581 866
54 581 650
1 581 561
313 581 504
355 581 324
414 658 1019
35 658 635
355 658 211
463 658 165
414 796 49
1 796 193
49 796 3
313 785 520
49 785 793
313 827 785
355 827 9
463 686 1287
414 686 906
54 686 473
313 686 450
35 686 394
49 686 316
35 605 1159
1 605 561
313 605 504
54 605 473
463 605 403
355 605 324
414 605 323
355 42 1
94 54 976
412 54 27
78 54 9
94 1 619
94 355 625
78 355 522
78 49 1225
307 35 186
307 313 937
78 313 619
94 313 611
412 313 399
375 414 1199
415 414 1138
39 414 665
412 414 552
375 463 1292
415 463 475
412 463 213
39 463 212
94 463 187
100 78 889
408 78 34
385 78 4
250 94 796
175 94 32
377 94 9
408 94 1
175 307 1078
408 307 1078
377 307 1068
250 307 871
100 307 641
17 307 298
17 375 603
385 375 473
17 39 1289
175 39 462
100 39 59
385 39 51
385 412 1113
408 412 966
17 412 335
250 412 226
175 412 221
385 415 960
408 415 808
362 100 14
168 100 344
233 175 1124
298 175 870
168 175 547
362 175 233
208 175 222
362 408 1015
298 408 898
208 408 715
233 408 282
208 385 1269
233 385 819
298 385 457
362 385 217
362 250 1124
168 250 890
233 250 303
208 250 285
298 250 236
168 17 1297
298 17 19
168 377 1266
362 377 448
233 377 447
388 208 947
363 208 682
340 208 466
340 233 892
379 233 795
388 233 378
343 233 331
349 233 331
379 298 795
343 298 360
340 298 299
363 298 268
340 168 1129
388 168 1113
340 362 631
133 363 1277
95 363 1154
95 343 830
133 349 1225
95 349 851
95 388 1235
133 340 1298
133 379 846
