131
677 457 113
763 457 1091
726 457 813
331 457 916
677 513 523
763 513 333
726 513 284
331 513 1006
677 566 427
763 566 875
726 566 813
331 566 916
677 601 301
763 601 1212
726 601 807
331 601 849
677 705 600
763 705 1069
726 705 813
331 705 916
677 761 600
763 761 1266
726 761 945
331 761 896
677 778 947
763 778 719
726 778 446
331 778 534
677 816 947
763 816 365
726 816 898
331 816 621
677 844 947
763 844 164
726 844 822
331 844 738
677 854 186
763 854 719
726 854 254
331 854 628
763 590 1054
726 590 940
331 590 731
627 677 1184
771 677 944
709 677 935
589 677 683
678 677 192
709 763 759
771 763 1257
627 763 193
709 726 1063
627 726 53
589 331 1007
709 331 719
678 331 328
627 331 275
771 331 219
385 709 146
256 709 112
317 709 2
304 771 953
507 771 1284
385 771 25
385 627 1013
507 627 649
304 627 101
91 589 1030
304 589 913
507 589 877
256 589 805
385 678 1013
256 678 805
507 678 355
304 678 286
296 304 821
143 304 557
174 304 357
2 317 1286
271 317 990
143 317 695
271 507 9
143 507 14
2 91 1299
271 91 320
143 91 315
271 256 1009
143 256 990
174 256 960
2 256 690
2 385 1114
143 385 1090
271 385 984
296 385 818
408 2 600
175 271 1062
408 271 642
297 174 1106
175 174 870
408 174 687
276 174 345
297 296 1068
297 143 897
175 143 410
408 143 279
276 143 279
233 175 1116
202 175 487
339 175 351
233 276 1116
339 276 989
202 276 694
339 408 725
233 408 324
339 297 989
202 297 429
233 297 397
161 202 454
296 202 454
154 202 293
296 233 469
161 233 469
154 339 1095
161 339 1094
296 339 846
70 296 884
70 161 884
123 161 815
162 161 815
70 154 869
123 154 670
