301
317 427 240
601 427 343
420 427 337
161 427 563
326 427 200
35 427 623
95 427 497
22 427 620
710 427 672
317 451 292
601 451 388
420 451 212
161 451 429
326 451 455
35 451 623
95 451 614
22 451 367
710 451 672
317 452 394
601 452 343
420 452 337
161 452 429
326 452 455
35 452 623
95 452 535
22 452 535
710 452 672
317 464 263
601 464 276
420 464 274
161 464 429
326 464 412
35 464 623
95 464 497
22 464 367
710 464 624
317 480 554
601 480 256
420 480 289
161 480 583
35 480 623
95 480 497
22 480 430
710 480 672
317 502 372
601 502 259
420 502 337
161 502 429
326 502 276
35 502 623
95 502 497
22 502 430
710 502 672
317 682 394
601 682 256
420 682 337
161 682 530
326 682 323
35 682 647
95 682 497
22 682 367
710 682 672
317 778 402
601 778 351
161 778 253
326 778 273
35 778 453
95 778 724
22 778 412
710 778 578
317 809 797
601 809 235
161 809 753
326 809 753
35 809 390
95 809 510
22 809 552
710 809 125
317 816 797
601 816 351
326 816 681
95 816 799
22 816 552
317 826 797
601 826 180
161 826 253
326 826 681
35 826 720
95 826 510
22 826 552
317 842 797
601 842 148
161 842 309
326 842 681
35 842 523
95 842 510
22 842 552
710 842 213
317 854 797
601 854 419
161 854 161
326 854 681
35 854 260
95 854 510
22 854 552
601 871 331
161 871 641
326 871 824
35 871 720
22 871 187
321 317 1047
827 317 738
750 317 431
760 317 343
638 317 265
719 317 192
611 317 179
827 601 653
611 601 473
638 601 421
760 601 417
321 601 380
750 601 295
760 420 634
750 420 632
827 420 580
638 420 580
719 420 438
611 420 337
321 420 206
750 161 1226
321 161 212
611 161 36
321 326 1118
750 326 976
827 326 738
719 326 565
638 326 564
760 326 139
750 35 910
321 35 542
760 35 416
719 35 154
750 95 720
760 95 209
827 95 473
321 95 12
638 95 2
750 22 1225
638 22 382
760 22 437
827 22 2
760 710 596
321 710 28
827 710 3
1 719 1020
208 719 992
158 719 1
158 750 782
208 750 516
205 750 987
208 760 274
91 760 845
211 760 629
158 760 25
205 760 10
91 827 594
158 827 917
208 827 160
205 638 532
483 638 481
463 638 444
1 638 441
208 638 423
158 638 316
211 638 279
91 638 187
463 611 1198
483 611 892
211 611 221
91 611 126
91 321 1087
1 321 698
211 321 455
205 321 383
158 321 378
208 321 365
483 321 320
2 205 930
94 205 654
7 205 451
94 1 685
2 1 321
7 1 5
2 91 1299
94 91 95
333 483 443
94 483 79
7 208 989
94 208 693
420 208 602
2 208 582
94 158 780
7 158 451
420 158 425
375 158 339
415 158 339
2 211 1266
420 211 457
94 211 360
7 211 319
333 211 253
375 463 1300
333 463 522
415 463 395
220 463 381
7 463 325
94 463 320
408 333 1111
209 333 708
175 333 468
232 333 370
436 420 1091
398 420 1076
232 420 1063
416 420 771
209 420 564
175 94 20
377 94 6
408 2 473
232 2 629
209 7 1098
232 7 163
436 375 562
416 375 562
398 375 487
232 375 303
408 375 275
408 415 1035
416 415 856
436 415 793
398 415 793
232 415 643
377 220 1047
209 220 859
398 220 577
232 220 512
175 220 352
408 220 206
233 175 1125
264 175 1067
298 175 761
266 175 407
267 175 361
208 175 354
208 408 858
298 408 837
233 408 394
266 408 381
267 408 248
266 232 986
264 232 910
298 232 624
233 232 266
266 209 574
298 209 556
233 209 315
233 436 1050
298 436 971
208 436 764
266 436 381
267 436 248
208 398 661
233 398 546
266 398 381
233 416 1050
208 416 333
298 416 325
266 377 1067
233 377 325
312 208 675
374 208 411
312 233 553
343 233 206
389 267 865
389 264 1206
374 298 1072
389 298 572
312 298 553
382 298 268
374 266 1178
312 266 540
101 343 978
133 389 866
101 382 1182
101 349 1282
133 349 1143
101 355 1087
101 374 891
184 312 1297
133 312 1039
