301
402 86 294
787 86 952
402 113 69
698 113 28
787 113 646
402 289 33
601 289 264
633 289 18
787 289 1168
402 787 734
601 787 137
698 787 527
633 787 424
641 787 320
787 787 204
485 787 442
637 787 278
402 788 734
601 788 457
698 788 149
633 788 251
641 788 561
485 788 454
637 788 750
402 803 734
601 803 179
698 803 392
633 803 771
641 803 524
787 803 210
485 803 420
637 803 716
402 806 734
601 806 167
698 806 467
633 806 376
787 806 119
485 806 442
637 806 516
402 823 734
601 823 457
698 823 398
633 823 400
641 823 561
787 823 110
485 823 454
637 823 408
402 853 297
601 853 283
698 853 451
633 853 771
641 853 524
787 853 364
485 853 154
637 853 653
402 859 734
601 859 283
698 859 451
633 859 251
641 859 436
787 859 107
485 859 420
637 859 388
402 873 281
601 873 255
698 873 390
633 873 251
641 873 436
787 873 308
485 873 420
637 873 264
402 878 281
601 878 465
698 878 875
633 878 383
641 878 561
787 878 286
485 878 454
637 878 360
402 889 281
601 889 457
698 889 493
633 889 251
641 889 561
787 889 236
485 889 454
637 889 432
601 866 457
698 866 598
633 866 469
641 866 561
787 866 239
485 866 469
637 866 594
656 402 929
718 402 771
660 402 361
695 402 278
71 402 220
646 402 218
703 402 207
718 601 1062
646 601 580
656 601 294
695 601 276
703 601 276
71 601 187
656 698 922
703 698 898
718 698 716
660 698 564
646 698 463
695 698 399
71 698 397
71 633 1011
656 633 989
695 633 978
718 633 716
660 633 681
703 633 392
646 633 290
718 641 1062
656 641 922
703 641 459
646 641 377
660 641 297
718 787 54
646 787 24
703 485 938
656 485 758
718 485 245
71 485 213
695 485 149
646 485 149
71 637 1041
718 637 933
656 637 922
703 637 747
660 637 681
646 637 377
695 637 209
416 660 459
525 660 273
432 660 221
41 660 203
227 656 1063
41 656 916
416 656 459
463 656 305
483 656 277
69 656 162
525 656 149
525 71 1284
432 71 10
227 718 1281
525 718 162
432 718 132
463 718 7
227 646 1063
432 646 1052
463 646 1009
41 646 916
483 646 799
69 646 137
416 695 1003
525 695 966
227 695 658
432 695 625
483 695 183
463 695 160
41 703 809
227 703 651
416 703 459
483 703 277
432 703 207
525 703 207
387 416 979
394 416 971
402 416 810
375 416 748
139 416 135
139 432 763
375 432 748
333 432 418
415 432 200
139 483 1182
333 483 366
402 483 1
139 525 119
333 525 47
375 41 158
415 41 12
402 41 23
368 69 127
387 227 939
394 227 932
368 227 752
402 227 591
139 227 471
375 463 1298
139 463 703
415 463 520
333 463 418
408 333 766
411 333 333
364 333 240
433 333 227
447 368 657
411 368 549
442 368 462
407 368 462
433 368 209
447 139 657
364 139 645
411 139 549
433 139 485
408 139 268
407 375 1279
442 375 1244
447 375 1165
436 375 758
433 402 1252
447 402 1117
442 402 930
408 402 384
407 402 321
408 415 1010
407 415 694
436 415 499
433 415 327
442 415 221
436 387 1077
408 387 608
442 387 598
447 387 598
433 387 598
407 387 321
447 394 954
433 394 954
442 394 930
408 394 608
436 394 562
407 394 321
208 447 1299
206 447 1061
298 447 747
391 447 487
344 447 217
208 364 526
391 364 515
298 364 441
168 364 419
344 364 300
206 411 911
208 411 839
344 411 677
391 411 487
298 411 455
208 407 1299
206 407 875
298 407 693
391 407 231
208 442 1295
206 442 931
298 442 912
344 442 199
208 408 1115
206 408 1066
298 408 907
208 433 1300
206 433 911
344 433 677
391 433 401
206 436 1131
298 436 912
208 436 790
344 436 677
214 208 1203
388 208 954
330 208 306
330 391 352
355 298 398
330 168 558
388 168 1179
336 344 1014
214 344 699
355 344 540
388 344 303
388 206 1165
69 330 1241
101 330 1039
134 330 784
134 336 1299
101 336 1297
69 336 1280
69 355 1297
101 355 1161
134 214 1233
101 214 694
134 388 1022
101 388 982
