135
150 1 1228
284 1 195
482 1 58
150 78 986
284 78 1123
482 78 790
771 78 1224
150 241 999
482 241 413
771 241 1206
150 297 1097
771 297 1128
150 590 480
284 590 936
482 590 1126
771 590 1151
150 741 411
284 741 979
482 741 497
771 741 1109
150 769 528
284 769 880
482 769 580
771 769 227
150 785 528
284 785 629
482 785 869
771 785 430
150 967 1216
284 913 261
284 987 420
799 150 1296
739 150 252
640 150 9
739 284 1246
799 284 1091
805 284 1018
776 284 503
640 284 267
799 482 1091
805 482 1018
640 482 996
776 482 956
739 482 233
799 771 1265
805 771 1050
419 776 1051
45 776 1213
457 776 193
456 776 1
45 640 1272
70 640 817
457 640 734
456 640 623
419 640 239
457 799 744
419 799 8
45 799 10
456 799 8
45 805 1268
457 805 34
419 805 87
456 739 1087
70 739 1268
282 456 993
261 456 993
375 456 907
39 456 877
282 419 1170
261 419 1072
29 419 637
375 419 296
39 419 296
375 457 1273
282 457 1170
261 457 1072
29 457 873
375 45 222
29 45 50
282 70 705
39 70 1273
29 70 1296
261 70 16
250 261 572
170 261 473
377 261 473
193 261 295
226 261 185
193 282 679
250 282 572
170 282 456
226 282 246
253 375 408
226 39 670
253 29 1260
226 29 992
426 226 596
407 226 359
168 250 1073
437 250 607
424 250 563
407 250 242
426 250 242
168 170 1073
424 170 641
426 170 286
407 170 218
437 170 198
168 193 1157
437 193 1154
407 193 734
426 193 659
424 193 521
424 253 1219
426 253 915
407 253 848
437 253 680
168 377 1289
437 377 419
426 377 354
424 377 246
340 437 990
359 437 987
379 407 1187
340 407 636
359 407 513
359 426 1091
379 426 761
379 424 1182
340 168 1205
134 359 1148
134 379 1148
133 379 793
133 340 1300
134 340 880
