219
584 768 874
339 768 609
596 768 794
710 768 160
477 768 146
508 768 804
719 768 354
584 801 275
339 801 409
596 801 794
710 801 661
477 801 540
508 801 200
719 801 399
584 803 510
339 803 510
596 803 794
710 803 160
477 803 346
508 803 226
719 803 354
584 842 736
339 842 160
596 842 548
710 842 121
477 842 385
508 842 804
719 842 186
584 843 972
339 843 609
596 843 422
710 843 150
477 843 580
508 843 422
719 843 399
584 846 341
339 846 138
596 846 687
477 846 280
508 846 216
719 846 186
584 866 736
339 866 409
596 866 794
710 866 160
477 866 146
508 866 804
719 866 399
584 873 465
339 873 465
596 873 687
710 873 523
477 873 223
508 873 132
719 873 354
584 888 736
339 888 409
596 888 781
710 888 160
477 888 385
508 888 804
584 892 275
339 892 409
596 892 794
710 892 160
477 892 256
719 892 186
508 924 48
71 584 1249
695 584 775
605 584 572
656 584 265
640 584 125
656 339 856
640 339 524
71 339 479
605 339 356
695 339 216
71 596 1253
695 596 999
656 596 932
640 596 707
605 596 443
656 710 665
695 710 459
640 710 631
71 710 266
656 477 856
640 477 524
605 477 417
71 477 337
695 477 314
71 508 902
695 508 546
605 508 455
640 508 332
656 508 281
71 719 740
605 719 266
79 656 1054
416 656 651
525 656 627
257 656 360
457 656 208
79 640 1092
416 640 860
525 640 718
457 640 527
54 640 401
257 640 213
525 71 1299
79 71 553
257 71 36
416 695 1137
525 695 1106
79 695 1092
457 695 1071
257 695 360
47 695 357
525 605 1284
416 605 1137
457 605 1071
54 605 401
47 605 357
257 605 233
79 605 119
422 416 1001
39 416 946
375 416 880
428 416 674
412 54 55
375 457 1257
428 457 674
77 457 624
412 457 546
422 525 985
39 525 1252
412 525 625
39 79 1284
77 47 1298
412 47 21
77 257 1090
412 257 671
428 257 379
375 257 282
422 257 252
226 422 332
100 77 5
408 428 1016
193 428 657
17 428 381
226 428 320
377 428 243
436 375 755
17 375 385
88 375 280
408 375 232
17 39 1294
226 39 497
100 39 12
408 412 1016
436 412 511
17 412 381
226 412 332
408 415 736
436 415 439
226 415 332
168 100 448
208 226 253
168 88 48
402 408 870
208 408 855
437 17 313
168 17 1298
436 17 599
437 193 1222
168 193 1206
436 193 1205
208 193 177
208 436 774
402 436 220
168 377 1284
437 377 438
342 402 804
340 402 685
330 402 567
388 402 491
349 402 491
388 208 1142
342 208 1142
330 208 457
340 208 457
330 436 1199
388 436 1141
340 436 756
349 436 716
342 436 305
330 437 1137
388 437 1137
342 437 1101
340 437 1101
349 437 716
342 168 653
340 168 1229
388 168 1240
330 168 698
69 330 1200
101 330 1015
134 330 841
134 342 1299
69 342 1022
101 342 542
101 349 1291
69 349 1022
134 349 841
134 340 901
134 388 1183
101 388 899
69 388 711
