224
399 782 1045
665 782 274
578 782 857
669 782 316
400 782 166
658 782 198
399 790 871
665 790 507
578 790 451
669 790 181
400 790 397
658 790 350
399 816 1045
665 816 439
578 816 857
669 816 527
400 816 568
658 816 700
399 832 1082
665 832 617
578 832 725
669 832 303
400 832 205
658 832 361
399 839 1045
665 839 727
578 839 224
669 839 397
400 839 205
658 839 353
399 844 860
665 844 586
578 844 725
669 844 316
400 844 132
658 844 608
399 857 938
665 857 274
578 857 857
669 857 243
400 857 250
658 857 332
399 865 1082
665 865 467
578 865 725
669 865 527
400 865 827
658 865 277
399 877 1082
665 877 196
578 877 857
669 877 181
400 877 397
399 895 1045
665 895 274
578 895 247
669 895 335
400 895 335
658 895 598
399 967 478
665 967 132
578 967 277
669 967 313
665 987 6
669 987 32
400 987 104
801 399 1077
668 399 887
79 399 746
824 399 510
730 399 323
801 665 892
668 665 838
730 665 413
801 578 1281
668 578 907
730 578 609
824 578 324
79 578 217
801 669 1138
79 669 947
668 669 764
824 669 329
730 669 210
801 400 1294
824 400 1157
668 400 887
730 400 812
79 400 442
801 658 1292
79 658 1144
668 658 907
730 658 609
824 658 324
244 668 1296
54 668 933
457 668 933
364 668 886
456 668 199
244 730 1193
364 730 81
54 730 5
244 79 522
364 79 1284
457 801 294
244 801 1281
54 801 1030
244 824 1150
457 824 1167
364 824 863
456 824 11
394 456 1099
387 456 1087
375 456 783
220 456 239
94 456 175
94 54 1222
220 54 551
78 54 9
387 244 729
394 244 729
94 244 729
375 244 667
220 244 436
78 244 301
375 457 1272
394 457 1099
387 457 1087
78 457 167
220 457 136
394 364 1286
387 364 1271
94 364 900
78 364 211
375 364 171
375 463 1289
220 463 516
415 463 507
94 463 276
223 78 31
385 78 1
250 94 964
170 94 1205
313 94 267
175 94 6
407 375 1291
385 375 369
250 375 316
170 375 316
313 375 316
170 394 399
385 394 394
407 394 384
250 394 286
385 415 656
407 415 656
385 220 1215
170 220 1087
313 220 1071
250 220 1042
175 220 252
407 220 194
223 220 188
170 387 640
385 387 394
407 387 384
223 387 162
175 387 128
432 313 1008
298 313 807
208 313 530
208 407 1287
298 407 768
362 407 737
266 407 327
298 170 1264
432 170 1008
208 170 708
266 170 293
208 385 1242
298 385 453
432 385 316
266 385 316
362 385 312
362 250 1127
432 250 1008
208 250 497
298 250 423
266 250 228
298 175 870
208 175 417
266 175 366
362 175 267
362 223 708
208 223 613
298 223 558
266 223 416
214 208 1123
374 208 422
395 208 422
395 298 1220
374 298 936
355 298 342
341 432 1065
355 432 1053
336 432 910
214 432 513
374 266 1265
214 266 550
355 266 416
395 266 373
214 362 765
374 362 335
395 362 335
69 341 1168
101 341 881
69 355 1286
101 355 1114
101 336 1293
69 336 1250
133 336 1190
101 395 754
101 374 970
101 214 758
