287
435 426 333
523 426 337
63 426 183
128 426 382
521 426 199
412 426 905
612 426 500
435 473 583
523 473 590
63 473 590
128 473 382
521 473 264
412 473 922
613 473 508
612 473 338
435 474 168
523 474 506
63 474 360
128 474 382
521 474 458
412 474 834
613 474 483
612 474 242
435 514 249
523 514 502
63 514 447
128 514 382
521 514 264
412 514 815
613 514 485
612 514 287
435 541 333
523 541 452
63 541 767
128 541 485
521 541 452
412 541 699
613 541 206
612 541 132
435 585 333
523 585 344
63 585 607
128 585 485
521 585 344
412 585 841
613 585 281
612 585 152
435 594 333
523 594 358
63 594 222
128 594 272
521 594 184
412 594 429
613 594 483
612 594 242
435 595 431
523 595 390
63 595 231
128 595 382
521 595 217
412 595 883
613 595 539
612 595 283
435 781 237
63 781 548
128 781 354
521 781 554
412 781 999
612 781 436
435 826 360
523 826 416
63 826 190
128 826 366
521 826 477
412 826 999
613 826 416
612 826 436
435 831 237
523 831 176
63 831 511
128 831 354
521 831 507
412 831 908
613 831 136
435 875 237
63 875 548
128 875 176
521 875 477
412 875 908
613 875 220
612 875 436
435 883 237
63 883 346
128 883 366
521 883 334
412 883 999
613 883 220
612 883 436
435 887 169
128 887 258
521 887 540
412 887 908
613 887 544
612 887 341
63 848 190
128 848 354
521 848 477
412 848 908
613 848 153
612 848 419
785 435 966
736 435 966
810 435 765
781 435 668
605 435 626
576 435 577
640 435 513
736 523 914
785 523 869
605 523 728
781 523 705
810 523 570
640 523 560
736 63 429
640 63 367
576 63 63
605 63 374
785 63 11
781 63 1
781 128 522
605 521 883
810 521 762
785 521 637
781 521 591
576 521 408
640 521 387
736 521 283
736 412 885
785 412 869
810 412 762
605 412 728
781 412 503
640 412 328
576 412 198
640 613 1075
576 613 1002
736 613 974
810 613 468
605 613 306
785 613 208
736 612 974
576 612 637
810 612 499
605 612 377
640 612 355
781 612 309
785 612 282
522 810 456
49 810 85
52 810 13
491 810 13
93 640 997
52 640 639
491 640 290
93 576 997
52 576 639
35 576 410
485 576 374
522 576 374
491 785 391
93 785 1266
485 785 93
522 785 907
49 785 581
35 736 746
491 736 1033
93 736 218
52 736 216
485 736 43
522 736 3
52 781 1131
93 781 3
491 781 1
35 605 991
93 605 838
52 605 639
522 605 514
485 605 457
491 605 153
241 32 759
329 32 60
422 485 159
412 485 164
78 485 60
78 49 1186
422 49 7
329 93 104
39 93 1
329 35 871
422 35 152
375 35 2
329 491 283
241 491 933
412 491 306
422 491 297
329 522 410
412 522 1015
422 522 14
78 522 24
39 52 15
375 52 2
433 422 1195
226 422 350
241 422 343
100 78 924
433 78 349
351 78 545
100 241 963
193 241 735
226 241 719
17 241 245
17 375 629
241 375 587
351 375 237
226 39 561
17 39 1287
351 39 34
100 39 38
241 412 946
433 412 442
17 412 317
226 412 271
226 329 993
100 329 963
193 329 735
433 329 622
241 329 587
17 329 440
50 100 959
168 100 235
426 226 380
407 226 322
402 226 226
208 226 226
50 351 465
208 351 304
208 433 1296
402 433 835
50 433 218
168 17 1294
168 193 1184
50 193 1110
407 193 672
426 193 510
208 193 199
168 241 1184
50 241 932
426 241 188
407 241 188
379 402 585
340 402 551
343 402 551
349 402 477
330 402 456
330 208 343
340 208 343
379 50 1268
349 50 19
330 426 677
379 426 585
343 426 461
349 426 270
330 407 1191
379 407 1084
340 407 577
343 407 461
349 407 382
330 168 654
340 168 1169
69 330 1170
101 330 1071
69 343 954
101 343 933
101 349 1288
69 349 844
134 340 903
134 379 1074
