334
731 399 1119
578 399 488
680 399 442
105 399 1078
637 399 552
612 399 214
731 432 886
578 432 488
680 432 680
105 432 886
637 432 620
612 432 316
658 432 519
731 517 1119
578 517 488
680 517 680
105 517 1078
637 517 184
612 517 118
658 517 393
731 650 1119
578 650 488
680 650 633
105 650 1078
637 650 444
612 650 214
658 650 268
731 661 1119
578 661 488
680 661 656
105 661 1078
637 661 672
658 661 519
731 681 1119
578 681 559
680 681 757
105 681 1078
637 681 740
612 681 125
658 681 228
731 682 1119
578 682 488
680 682 442
105 682 1078
637 682 375
612 682 175
658 682 375
731 731 1119
578 731 515
680 731 680
105 731 1078
637 731 184
612 731 221
658 731 305
731 752 1119
578 752 488
680 752 680
105 752 1078
637 752 474
612 752 394
658 752 483
731 777 435
578 777 435
680 777 227
105 777 664
612 777 484
658 777 472
731 816 569
578 816 638
680 816 383
105 816 583
612 816 484
658 816 504
731 819 569
578 819 638
680 819 227
637 819 698
612 819 438
658 819 293
731 832 576
578 832 585
680 832 572
105 832 856
637 832 821
612 832 314
658 832 381
731 859 576
578 859 585
680 859 227
105 859 894
637 859 426
612 859 314
658 859 372
731 861 576
578 861 585
680 861 816
105 861 918
637 861 332
612 861 332
658 861 332
578 945 395
680 945 10
637 945 46
612 945 288
658 945 131
617 731 101
724 731 417
613 731 445
668 731 26
801 578 993
724 578 879
680 578 724
668 578 698
781 578 476
617 578 350
79 578 193
79 680 908
781 680 766
680 680 617
724 680 617
668 680 511
613 680 463
801 680 284
617 680 224
79 105 178
613 105 150
680 105 117
79 637 723
668 637 698
781 637 680
801 637 675
613 637 463
680 637 423
724 637 384
801 612 1071
724 612 1056
680 612 724
668 612 357
781 612 308
617 612 221
79 612 193
801 658 1130
79 658 1013
781 658 766
668 658 698
613 658 463
680 658 423
724 658 384
617 658 191
41 668 1098
244 668 1067
503 668 914
457 668 696
364 668 683
134 668 619
41 724 1196
503 724 133
138 724 250
364 79 1210
244 79 119
134 79 46
41 79 20
244 801 979
457 801 256
138 781 719
503 781 416
134 781 65
457 680 941
134 680 745
244 680 637
138 680 391
364 680 185
463 613 1101
244 613 1067
41 613 941
457 613 696
364 613 683
134 613 619
503 613 318
457 617 941
364 617 683
244 617 678
134 617 619
463 617 600
503 617 523
138 617 391
307 244 881
375 244 649
241 244 608
77 244 590
94 244 587
412 244 543
361 244 392
368 244 392
375 457 1256
361 457 793
77 457 493
307 457 411
412 457 346
415 457 213
368 503 405
412 503 227
77 503 174
241 503 5
94 503 10
415 41 22
375 41 148
307 41 21
412 41 96
307 364 881
412 364 806
94 364 707
241 364 608
368 364 388
361 364 309
77 364 199
375 364 177
307 134 873
241 134 608
333 134 576
368 134 562
412 134 311
361 134 308
94 134 199
375 138 997
77 138 456
412 138 446
241 138 433
94 138 360
361 138 334
368 138 296
307 138 284
333 138 264
375 463 1294
77 463 886
415 463 561
333 463 389
412 463 371
94 463 159
408 333 874
175 333 288
192 333 199
407 368 482
408 368 259
175 368 259
407 77 67
250 94 802
170 94 1017
175 94 7
192 241 295
170 241 202
407 241 202
408 307 1153
175 307 1145
250 307 901
170 307 865
192 307 465
407 307 284
436 307 274
407 375 1293
436 375 566
407 361 692
192 361 426
436 361 273
170 361 273
250 361 273
408 415 868
436 415 671
407 415 580
208 415 512
192 415 508
436 412 847
408 412 821
192 412 508
407 412 442
208 412 390
250 412 308
298 208 711
267 208 702
428 208 495
208 208 495
298 192 530
428 192 316
298 175 792
267 175 505
208 175 464
208 407 1277
298 407 760
362 407 666
424 407 404
267 407 323
298 170 1253
428 170 1082
424 170 533
208 170 502
362 408 989
208 408 976
298 408 965
424 408 499
267 408 323
362 250 1133
428 250 1082
208 250 283
298 250 247
298 436 994
208 436 824
267 436 323
408 208 1101
341 424 1118
379 424 987
382 424 976
355 424 517
379 298 650
355 298 248
341 428 1118
382 428 976
355 428 975
336 428 955
379 428 312
408 267 549
379 267 424
101 382 1199
69 382 1013
96 382 759
69 341 1243
96 341 1160
101 341 985
69 355 1293
101 355 1142
101 336 1296
69 336 1274
101 408 1298
96 408 759
101 379 741
