124
24 408 715
170 408 974
57 408 1088
461 408 308
24 423 1147
170 423 974
57 423 1227
461 423 216
24 545 999
170 545 974
57 545 1227
461 545 249
24 570 528
170 570 514
57 570 588
461 570 174
24 603 929
170 603 974
57 603 1227
461 603 496
24 726 1146
170 726 974
57 726 1227
461 726 503
60 24 1296
758 24 1300
669 24 6
60 170 1269
758 170 1240
136 57 1239
758 57 103
60 57 107
758 461 1107
60 461 1107
136 461 932
669 461 670
229 669 1272
121 669 906
32 669 569
292 669 268
32 136 107
292 136 1061
229 136 1285
121 136 1257
121 758 543
229 758 76
292 758 5
229 60 468
292 60 300
121 60 914
241 32 596
353 32 609
187 32 234
455 229 1115
107 229 805
353 229 752
104 229 466
375 229 234
241 229 234
187 229 209
455 121 1074
107 121 1042
353 121 941
104 121 429
241 121 410
107 292 1284
104 292 688
241 292 512
353 292 507
187 292 434
455 292 304
259 455 1110
139 187 1292
489 187 1036
436 187 529
416 187 529
402 187 431
11 187 317
489 107 735
139 107 1293
11 107 1300
402 353 826
11 353 582
436 353 555
489 353 402
259 353 307
139 353 277
139 241 841
489 241 749
259 241 390
11 241 296
402 375 1092
416 375 661
436 375 596
139 375 554
11 375 465
402 104 1161
489 104 1181
139 104 1297
259 104 78
305 489 542
324 489 28
305 11 919
208 11 1
324 11 1
168 259 693
324 259 522
305 259 438
208 259 315
208 402 1298
324 402 232
305 139 465
324 139 61
324 416 601
208 416 401
305 416 401
208 436 1084
324 436 601
305 436 336
342 208 993
342 305 511
342 324 755
342 168 593
152 342 1094
