215
437 51 765
39 51 444
437 422 822
39 422 822
633 422 518
276 422 595
684 422 170
345 422 326
437 473 724
39 473 791
633 473 518
276 473 644
684 473 371
345 473 326
437 546 717
39 546 611
633 546 518
276 546 556
684 546 173
345 546 326
437 557 358
39 557 582
633 557 485
276 557 485
684 557 372
345 557 411
437 597 668
39 597 155
633 597 372
276 597 556
684 597 147
345 597 404
437 609 724
39 609 594
633 609 486
276 609 556
684 609 594
345 609 326
437 619 295
39 619 155
633 619 518
276 619 694
684 619 306
345 619 107
437 662 831
39 662 854
633 662 518
276 662 664
684 662 134
345 662 459
437 674 724
39 674 361
633 674 591
276 674 582
684 674 361
345 674 326
437 724 831
39 724 854
633 724 253
276 724 556
684 724 351
345 724 326
437 793 785
39 793 117
633 793 487
276 793 108
684 793 134
345 793 363
437 824 508
39 824 117
633 824 419
276 824 106
684 824 268
437 846 566
39 846 224
633 846 392
684 846 303
345 846 349
437 866 508
39 866 206
633 866 309
684 866 619
345 866 186
437 904 25
633 904 535
39 823 224
633 823 392
684 823 186
345 823 384
388 437 895
703 437 758
715 437 607
611 437 314
646 437 214
715 39 523
388 39 1007
611 39 445
646 39 13
715 633 498
646 633 498
611 633 498
703 633 417
388 276 895
715 276 607
703 276 542
611 276 314
646 276 176
715 684 846
646 684 673
703 684 640
388 684 640
611 684 560
388 345 830
703 345 766
715 345 607
611 345 607
646 345 607
227 703 558
483 703 511
497 703 502
432 703 443
432 715 816
227 715 258
432 388 545
483 388 507
497 388 354
463 388 294
227 388 268
432 646 927
483 646 922
227 646 901
463 646 843
497 646 382
432 611 927
483 611 922
463 611 843
497 611 726
227 611 517
139 432 734
333 432 674
264 432 501
415 432 150
139 483 936
333 483 635
264 483 13
402 497 611
368 497 2
402 227 706
139 227 564
368 227 539
264 227 317
139 463 734
333 463 674
264 463 501
415 463 400
411 368 687
405 368 437
408 368 189
405 333 985
408 333 760
411 333 360
364 333 292
364 139 692
411 139 687
408 139 358
405 139 306
411 264 519
405 264 517
364 264 292
408 264 209
408 402 585
405 402 582
411 402 89
408 415 957
436 415 502
398 415 502
405 415 426
208 364 269
267 364 245
374 411 783
267 411 438
208 411 392
374 405 635
267 405 438
208 405 392
374 408 918
208 408 736
267 408 438
430 408 269
374 398 966
208 398 521
430 398 269
267 398 236
374 436 807
208 436 564
267 436 438
430 436 226
214 208 859
374 208 243
355 430 982
368 430 920
336 430 881
214 430 860
374 430 646
368 374 704
214 374 381
368 267 492
69 355 1028
101 355 963
101 336 1024
69 336 1014
101 368 896
69 374 748
101 374 738
101 214 511
