200
87 100 1235
601 100 6
712 100 797
87 189 1175
601 189 773
39 189 125
712 189 3
87 299 105
601 299 218
39 299 249
87 311 1145
39 311 932
87 368 3
601 368 3
39 368 791
87 395 713
601 395 461
39 395 322
712 395 650
630 395 239
87 413 1026
601 413 461
39 413 322
712 413 996
630 413 214
87 523 901
601 523 450
39 523 345
712 523 901
630 523 460
87 644 1087
601 644 461
39 644 322
712 644 996
630 644 214
87 651 713
601 651 461
39 651 1022
712 651 1022
630 651 256
87 713 959
601 713 461
39 713 500
712 713 959
630 713 126
87 766 1101
601 766 461
39 766 256
712 766 996
87 826 780
601 826 252
39 826 501
712 826 648
601 107 783
39 107 515
712 107 68
601 910 292
39 910 812
630 910 72
39 51 999
712 51 952
39 141 12
712 141 788
772 87 1167
501 87 1051
816 87 942
715 601 1122
611 601 704
501 39 1206
715 39 740
611 39 337
772 39 3
501 712 548
715 712 874
715 630 1100
772 630 982
816 630 982
611 630 426
501 630 391
232 816 768
163 816 986
483 816 192
232 501 871
163 501 779
483 501 590
432 501 314
458 501 229
432 715 951
458 715 656
163 715 34
232 772 1180
483 772 230
432 611 1139
483 611 1092
458 611 976
232 611 381
112 458 1036
333 458 997
225 458 958
264 458 839
234 458 805
40 163 991
264 163 550
333 163 510
225 163 497
234 163 449
234 483 150
112 483 488
333 483 956
40 483 104
264 483 26
333 432 997
225 432 958
264 432 839
112 432 586
234 432 586
40 232 991
333 232 818
264 232 550
234 232 449
225 232 355
112 232 191
405 333 1135
493 333 813
408 333 722
411 333 656
364 333 489
429 333 407
436 40 62
411 40 424
408 40 314
405 234 1020
493 234 813
408 234 547
364 234 489
429 234 407
436 234 403
411 234 228
364 112 613
493 112 351
429 264 856
493 264 789
411 264 775
405 264 602
364 264 489
493 225 618
364 225 489
405 225 484
408 225 484
411 225 411
429 225 407
391 411 856
368 411 451
208 411 443
267 411 438
201 411 358
391 364 885
201 364 405
368 364 403
267 364 281
208 364 278
391 405 856
368 405 451
208 405 443
267 405 438
201 405 251
391 429 856
208 429 687
368 429 451
267 429 438
201 429 423
208 408 1039
267 408 438
201 408 423
208 436 701
267 436 438
391 436 216
368 436 216
201 436 189
201 493 783
368 493 800
208 493 1
352 368 438
214 368 374
349 368 338
348 368 284
214 208 1235
352 391 829
214 201 564
352 201 540
348 267 920
352 267 438
101 343 968
101 355 1120
152 214 1299
200 214 1015
101 352 1130
101 349 1287
152 348 1293
101 348 1144
