173
731 9 1246
680 9 554
731 177 1176
64 177 963
731 560 1284
680 560 1061
64 560 831
612 560 144
731 617 1231
680 617 787
64 617 995
612 617 266
731 650 1280
680 650 926
64 650 812
612 650 506
731 752 1266
680 752 680
64 752 337
612 752 761
731 762 1284
680 762 680
64 762 638
612 762 113
731 772 1083
680 772 413
64 772 1143
612 772 991
731 784 866
680 784 245
64 784 1143
612 784 982
731 801 368
680 801 974
64 801 901
612 801 942
731 832 866
680 832 506
64 832 1143
612 832 845
724 731 812
617 731 79
613 731 445
668 731 1
680 680 1074
724 680 1074
781 680 793
617 680 664
613 680 529
668 680 396
801 680 181
724 64 1172
680 64 1129
781 64 1167
668 64 37
617 64 1
724 612 1257
680 612 1159
801 612 1151
781 612 356
617 612 255
668 612 235
41 668 1251
244 668 1233
503 668 1108
457 668 697
364 668 662
41 724 1238
138 724 358
503 724 34
310 724 4
244 801 1186
457 801 186
457 680 869
244 680 803
138 680 783
310 680 573
503 781 310
138 781 1149
244 613 1198
41 613 1155
457 613 697
364 613 665
503 613 446
310 613 121
310 617 913
457 617 869
138 617 783
503 617 454
364 617 426
244 617 426
307 244 1147
241 244 847
94 244 736
375 244 490
367 244 370
375 457 1234
307 457 695
415 457 263
367 503 30
94 503 10
241 503 1
375 41 71
307 41 30
415 41 9
307 364 1147
94 364 895
241 364 847
367 364 337
375 364 175
307 310 866
241 310 847
367 310 341
375 138 931
241 138 575
367 138 499
94 138 499
307 138 463
250 94 820
170 94 1055
175 94 6
114 241 1274
192 241 243
175 307 1180
250 307 814
170 307 814
114 307 368
192 307 368
114 375 653
192 375 469
351 375 272
170 367 635
250 367 609
351 367 594
192 367 499
175 367 415
192 415 813
298 192 454
198 192 350
428 192 315
298 175 732
267 175 445
208 175 344
198 175 238
198 114 1170
267 114 17
198 351 1150
298 351 398
428 351 392
208 351 189
298 170 1256
428 170 1014
208 170 672
198 170 539
428 250 1014
198 250 735
208 250 435
298 250 256
408 208 1212
408 298 364
408 267 909
403 267 391
403 428 1229
341 428 1175
382 428 1063
408 198 380
101 382 1226
96 382 1037
96 403 1037
101 408 1300
96 408 1037
96 341 1216
101 341 1012
