257
424 33 945
777 33 86
168 33 802
27 33 37
424 52 102
777 52 2
27 52 1038
424 419 739
250 419 1099
777 419 894
168 419 229
27 419 237
555 419 414
156 419 945
424 428 357
250 428 1099
777 428 503
168 428 222
27 428 287
555 428 152
156 428 945
424 430 357
250 430 1099
777 430 687
168 430 775
27 430 538
555 430 509
156 430 945
424 505 428
250 505 1099
777 505 267
168 505 763
27 505 162
555 505 509
156 505 945
424 521 357
250 521 1099
777 521 894
168 521 257
27 521 438
555 521 167
156 521 945
424 525 357
250 525 1075
777 525 248
168 525 480
27 525 428
555 525 152
156 525 945
424 629 357
250 629 1099
168 629 835
27 629 140
555 629 509
156 629 945
424 630 357
250 630 1031
777 630 468
168 630 839
27 630 166
555 630 434
156 630 945
424 657 431
250 657 1099
777 657 725
168 657 839
27 657 384
555 657 384
156 657 945
424 698 357
250 698 1099
777 698 201
168 698 727
27 698 201
555 698 152
156 698 945
424 748 357
250 748 1099
777 748 739
168 748 396
27 748 391
156 748 945
424 808 523
250 808 636
168 808 155
27 808 181
555 808 209
156 808 523
424 866 209
250 866 636
777 866 113
168 866 863
27 866 181
555 866 288
156 866 123
250 904 107
27 904 186
555 904 151
813 424 1075
631 424 745
71 424 560
611 424 496
358 424 436
475 424 414
611 250 374
813 250 1095
475 250 783
358 250 554
475 777 1122
358 777 961
611 777 54
71 777 1
358 168 1063
71 168 890
631 168 262
475 168 764
813 168 28
631 27 78
358 27 3
813 555 1195
71 555 766
475 555 716
611 555 422
358 555 263
631 555 216
475 156 1020
631 156 30
358 156 420
813 156 11
238 71 1263
525 71 1245
238 475 1000
463 475 876
211 475 859
399 475 829
32 475 555
525 475 523
483 475 509
41 475 218
463 631 1189
41 631 1005
483 631 536
399 631 197
211 631 188
399 813 740
483 813 140
463 611 1159
483 611 1018
41 611 676
399 611 369
525 611 196
211 611 150
41 358 1169
211 358 1000
238 358 740
463 358 717
399 358 416
483 358 358
32 358 195
241 32 862
241 399 494
375 399 256
333 483 648
139 483 849
321 483 1
39 238 856
321 238 856
241 238 494
333 238 279
321 525 1094
39 525 1075
139 525 112
333 525 89
375 41 97
321 41 13
415 41 3
375 211 463
321 211 297
333 211 256
139 211 256
241 211 220
375 463 1299
333 463 702
415 463 616
321 463 616
139 463 496
408 333 844
364 333 303
411 333 278
175 333 228
364 241 399
17 241 264
364 139 820
411 139 625
377 139 600
408 139 498
436 375 520
17 375 385
17 321 1130
377 321 851
436 321 678
208 321 492
411 321 249
17 39 1293
175 39 432
408 415 974
436 415 773
208 415 712
264 208 801
267 208 801
298 208 688
168 208 406
208 208 355
429 208 245
208 411 712
298 411 515
267 411 286
264 364 876
298 364 541
168 364 347
208 364 333
429 364 266
264 175 1008
298 175 738
208 175 488
267 175 472
429 175 377
168 175 209
208 408 1043
298 408 855
429 408 729
267 408 286
168 17 1293
267 17 44
298 17 12
298 436 968
429 436 729
208 436 710
267 436 286
168 377 1250
429 377 424
214 208 1157
348 264 1075
368 298 935
355 298 214
348 267 981
368 267 627
355 429 1181
368 429 1081
336 429 1025
214 429 991
101 368 1001
101 336 1293
101 355 1153
152 214 1300
152 348 1261
101 348 1142
