421
666 392 198
601 392 238
665 392 218
766 392 240
753 392 736
636 392 145
704 392 251
790 392 641
630 392 215
104 392 1055
666 427 216
601 427 354
766 427 360
753 427 163
636 427 359
704 427 662
790 427 703
104 427 399
666 436 187
601 436 297
665 436 278
766 436 288
753 436 390
636 436 381
704 436 662
790 436 703
630 436 297
104 436 262
666 466 198
601 466 303
665 466 291
766 466 405
753 466 390
636 466 394
704 466 662
790 466 703
630 466 157
104 466 295
666 483 173
601 483 342
665 483 324
766 483 519
753 483 542
636 483 232
704 483 551
790 483 1003
630 483 312
104 483 777
666 511 277
601 511 303
665 511 256
766 511 288
753 511 390
636 511 381
704 511 662
790 511 700
630 511 214
104 511 262
666 514 175
601 514 342
665 514 158
766 514 493
753 514 736
636 514 229
704 514 379
790 514 1161
104 514 949
666 521 173
601 521 261
665 521 291
753 521 411
636 521 289
704 521 662
790 521 703
104 521 540
666 536 266
601 536 401
665 536 374
753 536 602
636 536 145
704 536 407
790 536 1123
630 536 253
104 536 777
666 613 185
601 613 407
665 613 324
766 613 488
753 613 736
636 613 381
704 613 185
790 613 641
104 613 1170
666 685 175
601 685 376
665 685 256
753 685 736
636 685 266
704 685 324
790 685 641
630 685 169
104 685 808
666 703 181
601 703 342
665 703 317
753 703 736
636 703 294
704 703 304
790 703 641
630 703 165
104 703 763
666 718 184
601 718 342
665 718 177
753 718 390
636 718 381
704 718 662
790 718 1161
630 718 253
104 718 777
666 747 198
601 747 401
665 747 374
766 747 240
753 747 736
636 747 294
704 747 253
790 747 1049
104 747 1170
666 767 246
601 767 342
665 767 332
766 767 293
753 767 736
636 767 145
704 767 662
790 767 1161
104 767 974
601 36 5
753 36 1052
636 36 17
790 36 576
104 36 418
601 169 144
753 169 65
704 169 159
790 169 655
104 169 907
601 425 342
665 425 281
766 425 295
753 425 610
636 425 381
704 425 662
790 425 1135
104 425 777
601 553 342
665 553 229
766 553 239
753 553 736
636 553 161
704 553 257
790 553 641
630 553 180
104 553 1009
601 645 342
665 645 182
766 645 257
753 645 201
636 645 257
704 645 662
790 645 1161
630 645 353
104 645 777
601 686 342
665 686 256
766 686 365
753 686 736
636 686 381
704 686 376
790 686 1161
630 686 233
104 686 926
686 666 829
827 666 751
718 666 716
715 666 716
626 666 667
813 666 653
611 666 388
718 601 830
715 601 768
626 601 667
813 601 599
827 601 599
611 601 530
686 601 226
718 665 830
686 665 829
827 665 751
611 665 432
626 665 277
715 665 256
827 766 280
715 766 426
686 766 31
827 753 872
715 753 487
718 753 17
686 636 829
715 636 766
718 636 766
827 636 751
626 636 667
813 636 511
611 636 401
718 704 421
611 704 95
827 704 83
626 704 43
686 704 7
827 790 784
813 790 1105
626 790 4
827 630 879
686 630 829
715 630 732
718 630 732
626 630 667
813 630 617
611 630 388
686 104 568
715 104 66
813 104 60
350 718 354
34 718 577
458 718 404
432 718 103
212 718 65
463 718 23
458 715 534
432 715 546
94 715 4
94 827 994
212 827 1091
463 686 1295
94 686 1032
212 686 865
458 686 648
350 686 420
463 626 1173
483 626 861
432 626 782
458 626 712
34 626 328
212 626 282
34 813 1011
212 813 481
94 813 175
483 813 168
463 611 1173
483 611 861
432 611 782
458 611 712
212 611 409
34 611 328
16 350 864
375 350 778
68 350 706
87 350 487
333 350 412
264 350 175
88 94 1109
234 94 145
87 94 259
333 458 676
375 458 617
16 458 601
87 458 569
68 458 503
234 458 462
264 458 450
68 483 138
333 483 593
16 483 344
88 483 146
234 483 32
264 483 8
375 432 805
333 432 676
87 432 569
68 432 503
88 432 479
264 432 450
234 432 394
16 432 355
16 34 1039
375 34 369
68 34 8
88 34 7
88 212 977
375 212 555
87 212 511
333 212 148
375 463 1299
333 463 676
264 463 450
415 463 355
68 463 355
234 463 252
405 333 948
408 333 873
232 333 408
411 333 405
364 333 396
175 333 240
364 16 517
442 16 195
405 16 378
411 16 69
407 16 20
442 375 1286
407 375 1279
232 375 310
405 375 254
411 375 254
364 375 219
405 234 725
408 234 570
364 234 396
175 234 375
232 234 329
407 87 179
411 87 14
442 87 1
175 88 52
232 88 29
407 88 2
364 68 632
442 68 523
407 68 707
411 264 593
232 264 467
364 264 396
175 264 393
405 264 346
408 415 863
232 415 673
407 415 576
405 415 306
364 415 220
411 415 192
264 364 706
391 364 551
424 364 491
298 364 451
208 364 321
168 364 249
208 442 1295
298 442 891
267 442 289
208 411 834
391 411 522
298 411 514
267 411 289
424 411 254
264 175 910
298 175 668
208 175 478
267 175 426
168 175 235
391 175 204
208 407 1297
298 407 653
267 407 289
391 407 282
424 407 254
298 405 867
208 405 645
391 405 522
424 405 451
267 405 289
208 408 1015
298 408 777
424 408 369
267 408 289
264 232 744
168 232 674
391 232 587
298 232 556
214 208 1132
388 208 817
330 208 354
340 208 354
330 391 335
379 298 626
343 298 207
340 298 202
330 298 202
379 264 464
379 267 464
379 424 951
388 424 563
330 424 343
340 424 342
349 424 219
330 168 493
388 168 1143
340 168 1076
214 168 1
101 330 928
134 330 735
101 343 830
152 214 1300
134 214 1155
134 388 1116
101 388 832
134 340 821
101 349 1244
134 349 735
134 379 1149
