164
651 317 3
405 317 186
651 505 488
588 505 270
707 505 774
581 505 182
405 505 357
651 576 471
588 576 1070
707 576 634
308 576 342
581 576 457
405 576 659
651 629 488
588 629 904
707 629 909
308 629 566
581 629 160
405 629 659
651 661 145
588 661 249
707 661 819
308 661 598
581 661 788
405 661 154
651 771 743
588 771 704
707 771 131
308 771 518
581 771 424
405 771 568
651 832 394
588 832 250
707 832 271
308 832 350
405 832 250
651 859 513
588 859 452
707 859 507
308 859 168
581 859 399
405 859 568
651 889 869
588 889 258
707 889 1065
308 889 151
581 889 236
405 889 881
707 120 675
707 150 118
308 150 4
581 150 654
405 150 9
804 651 1086
591 651 441
785 651 274
632 651 225
804 588 1164
591 588 476
632 588 225
785 588 208
591 707 762
804 308 1072
632 308 808
785 308 696
591 308 541
804 581 1041
591 581 752
785 581 612
632 581 225
804 405 1095
785 405 554
591 405 502
632 405 472
484 591 1124
401 591 913
169 591 760
273 591 178
484 785 596
141 785 1222
484 632 1124
169 632 925
401 632 818
141 632 610
273 632 340
401 804 287
484 804 1214
169 804 727
273 804 1001
129 169 971
78 169 776
434 169 763
447 169 716
78 401 870
447 401 776
129 401 691
412 401 612
434 401 447
447 273 1187
129 273 687
434 273 594
78 273 263
434 484 960
129 484 283
78 141 777
412 141 746
447 141 658
434 141 508
373 447 1175
209 447 725
385 447 601
100 78 659
209 78 265
217 78 201
373 434 1175
209 434 725
385 434 601
373 129 792
346 129 544
100 129 523
209 129 360
217 129 333
385 412 1063
373 412 986
209 412 804
217 412 239
494 100 31
494 217 1040
303 217 1040
208 217 900
264 217 882
298 217 483
208 385 1120
303 385 705
298 385 289
494 209 804
303 209 730
298 209 472
494 373 1122
303 373 1090
264 373 640
298 373 328
208 373 245
494 346 1027
264 346 973
303 346 495
298 346 483
408 208 1236
363 208 389
352 494 861
346 494 498
348 494 849
408 303 1077
408 298 526
346 298 321
346 264 1186
348 264 1054
96 363 909
101 346 1297
101 352 1297
101 408 1300
96 408 909
101 348 1220
96 348 1071
