258
366 546 461
281 546 774
22 546 453
595 546 497
676 546 302
366 553 582
281 553 757
22 553 203
650 553 313
595 553 753
676 553 230
366 658 379
281 658 307
22 658 430
650 658 379
595 658 480
676 658 448
366 742 582
281 742 774
22 742 183
650 742 540
595 742 540
676 742 302
366 774 541
281 774 392
650 774 876
595 774 501
676 774 587
366 777 321
281 777 745
650 777 876
595 777 223
676 777 448
366 887 302
281 887 443
22 887 324
650 887 435
595 887 501
676 887 797
366 891 165
281 891 797
22 891 480
650 891 272
595 891 321
676 891 273
281 206 585
22 206 1
281 773 999
22 773 801
650 773 876
595 773 321
281 829 912
22 829 480
650 829 718
595 829 321
676 829 718
281 842 999
22 842 801
650 842 627
595 842 321
676 842 443
71 366 969
787 366 751
747 366 719
696 366 301
764 366 234
698 366 170
701 366 170
787 281 742
71 281 713
701 281 618
698 281 531
597 281 520
764 281 392
696 281 286
71 22 1055
698 22 688
787 650 1238
696 650 1053
747 650 871
764 650 851
71 650 684
701 650 645
597 650 575
698 650 381
787 595 1222
696 595 1053
71 595 992
764 595 851
597 595 450
747 595 426
698 595 326
701 595 151
696 676 1053
764 676 851
597 676 575
701 676 567
71 676 549
698 676 381
787 676 167
405 71 231
277 787 1032
340 787 1094
217 787 1067
403 787 834
405 787 542
405 698 986
428 698 930
403 698 697
217 698 534
340 698 298
403 747 37
277 747 159
340 747 12
463 597 1085
428 597 930
403 597 541
217 597 534
405 597 401
340 597 298
428 696 807
403 696 697
405 696 529
463 696 315
340 696 298
277 696 179
463 764 259
403 764 1
405 701 986
403 701 541
428 701 190
277 701 173
415 405 1098
321 405 983
172 405 461
129 405 250
321 340 433
325 340 313
129 340 294
415 428 1098
321 428 983
325 428 966
414 428 907
172 428 803
390 428 216
321 403 737
415 403 737
375 403 544
172 403 461
321 277 241
172 217 634
321 217 634
325 217 440
375 217 344
375 463 1260
414 463 1253
390 463 930
321 463 662
415 463 662
416 129 485
408 129 423
175 129 400
407 129 331
407 375 1251
416 375 654
436 375 654
398 375 557
439 375 473
398 321 935
439 321 935
436 321 709
407 321 353
175 321 222
407 172 650
416 172 456
175 172 310
398 172 259
436 172 259
439 172 245
416 390 1221
407 390 1143
408 390 355
398 390 319
175 390 149
439 390 100
398 415 850
436 415 850
408 415 842
407 415 813
416 415 768
436 414 1104
398 414 1085
439 414 766
416 414 741
408 414 355
407 414 292
175 414 256
408 325 423
175 325 328
208 407 1253
298 407 788
374 407 728
267 407 236
264 175 1055
310 175 1021
298 175 683
374 175 529
208 175 489
267 175 369
374 408 1031
208 408 958
298 408 895
310 408 422
267 408 236
374 398 1125
208 398 383
310 398 249
298 436 895
374 436 888
208 436 646
267 436 236
374 416 1031
208 416 247
298 416 247
374 439 1125
298 439 895
208 439 592
267 439 236
214 208 1094
342 208 840
368 374 776
214 374 341
214 310 680
368 310 568
379 310 568
359 310 320
349 310 320
343 310 320
379 264 372
368 267 583
379 267 372
368 298 649
379 298 577
385 298 434
343 298 185
342 329 1133
101 359 1256
134 359 1178
101 343 978
134 342 1265
96 342 736
134 368 1266
101 368 835
134 214 1194
101 385 731
101 349 1256
134 349 778
134 379 1178
