156
744 423 435
388 423 576
665 423 232
57 423 1277
27 423 793
744 445 776
388 445 146
665 445 322
57 445 1205
27 445 793
744 512 929
388 512 116
665 512 349
57 512 1269
27 512 1033
744 570 855
388 570 372
665 570 643
57 570 855
27 570 855
744 595 929
388 595 331
665 595 195
57 595 1246
27 595 1055
744 599 271
388 599 694
665 599 271
57 599 959
27 599 793
744 625 257
388 625 576
665 625 356
57 625 886
27 625 821
744 644 792
388 644 385
665 644 444
57 644 1250
27 644 793
744 726 733
388 726 168
665 726 325
57 726 1257
27 726 793
744 744 277
665 744 528
57 744 1271
27 744 793
388 52 374
57 52 3
27 52 1201
136 744 1069
823 744 390
712 388 1041
823 388 810
669 388 544
295 388 528
136 388 254
823 665 836
669 665 655
295 665 159
136 665 151
136 57 1225
712 57 34
295 57 376
136 27 1275
229 823 241
278 823 3
229 669 1257
121 669 1134
278 669 648
463 669 589
378 669 589
229 136 1277
121 136 1282
278 136 195
121 295 836
229 295 836
378 295 557
121 712 468
378 712 166
353 229 1085
353 278 1000
353 121 1129
353 378 1023
414 463 1298
390 463 1116
353 463 848
415 463 468
436 353 653
402 353 653
398 353 549
416 390 1237
402 390 1227
412 390 1187
398 390 374
398 415 959
402 415 959
436 415 959
416 415 884
412 415 884
436 414 1048
402 414 1022
398 414 990
416 414 908
412 414 358
140 402 1299
208 402 1297
206 402 1214
218 402 835
206 398 1259
140 398 855
208 398 731
437 398 178
208 436 1066
140 436 1066
206 436 1063
218 436 835
206 416 1259
140 416 855
208 416 407
218 416 272
140 412 1207
218 412 835
437 412 416
206 412 301
238 140 1158
214 208 1065
388 208 954
342 208 954
324 208 368
330 208 352
388 437 1114
214 437 1087
330 437 1071
342 437 1070
324 437 1005
330 218 1194
342 218 394
330 168 634
324 168 915
388 168 1155
342 168 632
388 206 1091
342 206 1091
324 206 368
69 330 1069
152 342 1111
69 342 962
152 324 1004
152 214 1299
200 214 1060
69 388 722
152 238 1299
200 238 1060
