231
701 72 593
724 72 349
358 72 10
807 72 1214
701 392 529
724 392 428
581 392 1045
358 392 482
807 392 1045
104 392 791
701 420 411
724 420 335
581 420 717
358 420 482
807 420 813
104 420 866
701 451 269
724 451 335
581 451 644
807 451 813
104 451 866
701 513 875
724 513 855
581 513 1071
358 513 531
807 513 625
104 513 770
701 566 311
724 566 571
581 566 635
358 566 635
807 566 813
104 566 866
701 574 207
724 574 744
581 574 473
358 574 448
807 574 813
104 574 866
701 576 524
724 576 387
581 576 826
358 576 482
807 576 1088
104 576 387
701 624 265
724 624 230
581 624 1066
358 624 482
807 624 1066
104 624 746
701 709 429
724 709 429
581 709 864
358 709 429
807 709 864
104 709 866
701 765 291
724 765 177
581 765 865
358 765 661
807 765 394
104 765 630
701 778 278
724 778 195
581 778 293
358 778 926
807 778 976
104 778 305
701 798 369
581 798 695
358 798 637
807 798 613
104 798 727
701 815 366
724 815 438
581 815 786
807 815 365
104 815 163
701 825 588
724 825 586
581 825 638
358 825 213
807 825 451
104 825 230
724 220 1187
104 220 517
724 717 863
581 717 1074
358 717 482
807 717 1074
104 717 747
709 701 1013
686 701 899
627 701 659
781 701 435
769 701 419
63 701 223
63 724 708
781 724 100
686 724 92
769 724 2
709 724 14
709 581 1193
686 581 899
627 581 659
769 581 530
781 581 239
63 581 223
709 358 855
769 358 763
781 358 673
686 358 219
627 358 123
781 807 1047
686 807 3
769 807 2
686 104 624
63 104 485
769 104 309
781 104 211
317 709 6
52 63 453
497 63 1262
155 63 681
94 63 211
52 769 59
155 769 1248
497 627 771
155 627 622
94 627 610
94 686 1135
155 686 862
497 686 717
52 686 703
68 686 573
317 686 504
91 686 205
52 781 1104
68 781 41
91 781 411
50 94 1067
254 94 1214
143 94 40
413 317 886
330 317 801
143 317 444
50 317 305
254 91 343
143 91 126
50 91 3
143 497 704
330 497 58
254 68 162
55 68 1249
330 68 283
413 68 1
50 52 480
143 52 196
55 155 1135
413 155 954
143 155 818
330 155 801
254 155 562
50 155 462
263 254 761
408 254 722
465 254 642
311 254 555
175 254 462
276 254 369
175 50 606
408 50 73
408 413 1122
465 413 784
175 413 488
465 330 1032
263 330 761
276 330 566
408 330 566
175 330 566
311 330 555
311 143 495
263 143 495
175 143 405
408 143 386
276 143 369
465 143 290
408 55 39
411 175 1023
310 175 988
374 175 509
360 175 237
411 276 1029
310 276 533
374 408 911
310 408 507
360 408 210
360 311 626
310 311 405
374 311 405
411 311 305
374 263 708
310 263 533
411 263 402
411 465 384
326 360 876
366 360 375
326 374 787
336 310 787
214 310 541
214 411 1106
382 411 972
336 411 819
355 411 559
366 411 559
374 411 430
326 411 413
101 382 1060
101 355 1010
101 336 1272
123 336 778
101 366 1150
70 366 935
101 374 948
70 374 706
123 214 801
70 214 690
101 214 596
101 326 1292
70 326 614
