310
601 316 323
665 316 401
722 316 29
190 316 16
153 316 185
601 375 32
657 375 148
166 375 37
611 375 2
665 375 246
722 375 313
190 375 779
153 375 234
601 485 301
657 485 441
166 485 346
611 485 176
665 485 328
722 485 233
190 485 362
153 485 623
601 530 388
657 530 313
166 530 525
611 530 296
665 530 388
722 530 594
190 530 391
153 530 525
601 555 440
657 555 441
166 555 457
611 555 176
665 555 328
722 555 408
190 555 457
153 555 623
601 622 386
657 622 247
166 622 567
611 622 198
665 622 351
722 622 233
190 622 150
153 622 647
601 634 443
657 634 500
166 634 143
611 634 296
665 634 404
722 634 479
190 634 314
153 634 404
601 635 396
657 635 149
166 635 902
611 635 234
665 635 468
722 635 224
190 635 465
153 635 902
601 644 353
657 644 214
166 644 515
611 644 159
665 644 591
722 644 416
190 644 416
153 644 625
601 681 246
657 681 441
166 681 406
611 681 176
665 681 328
722 681 448
190 681 448
153 681 623
601 705 432
657 705 209
166 705 485
611 705 194
665 705 328
722 705 241
190 705 423
153 705 485
601 769 463
657 769 227
166 769 763
611 769 127
665 769 728
722 769 236
190 769 150
153 769 687
601 830 255
657 830 386
166 830 532
665 830 592
190 830 115
153 830 527
601 847 255
657 847 267
166 847 432
611 847 443
665 847 674
190 847 232
153 847 241
601 871 368
657 871 303
166 871 678
611 871 436
665 871 327
153 871 800
601 933 203
657 933 299
166 933 26
611 933 177
153 933 171
601 972 420
657 972 38
166 972 488
190 972 731
601 973 156
166 973 95
611 973 1
190 973 319
153 973 526
601 998 305
166 998 412
665 998 72
722 998 311
190 998 10
153 998 937
801 601 755
715 601 664
794 601 564
817 601 477
796 601 432
484 601 418
801 657 652
794 657 496
796 657 312
484 657 227
715 657 146
817 166 328
796 166 341
484 166 94
796 611 501
715 611 267
794 611 159
801 611 96
817 611 92
817 665 477
794 665 423
801 665 423
715 665 267
796 665 178
484 665 172
796 722 249
801 722 203
817 190 563
796 190 285
715 190 169
801 190 13
484 153 896
801 153 421
796 153 245
794 153 3
458 794 616
370 794 343
1 794 29
463 794 8
390 794 1
134 484 688
54 484 374
390 484 267
458 715 470
1 715 693
49 715 66
458 817 481
390 817 154
134 817 237
370 796 965
1 796 126
414 796 28
458 796 18
54 801 993
94 54 1118
87 458 735
333 458 688
264 458 475
375 458 316
87 1 364
94 1 701
94 390 737
87 390 386
264 390 377
375 390 338
333 390 313
87 370 990
94 370 939
333 370 459
264 370 330
307 370 257
87 49 93
87 134 695
333 134 660
307 134 595
264 134 325
94 134 325
375 414 1101
415 414 851
87 414 735
333 414 505
264 414 302
94 414 186
375 463 1298
333 463 582
264 463 475
415 463 369
94 463 273
87 463 167
405 333 941
408 333 772
411 333 433
364 333 338
411 87 27
407 87 105
411 94 303
250 94 777
170 94 972
408 307 1062
250 307 820
170 307 820
364 307 338
436 307 323
405 307 316
411 307 303
407 307 303
411 264 527
170 264 429
250 264 429
405 264 383
364 264 338
407 375 1286
436 375 578
405 375 330
250 375 330
170 375 330
411 375 247
408 415 972
436 415 789
407 415 623
405 415 351
411 415 255
364 415 186
298 364 553
362 364 476
358 364 425
208 411 703
298 411 619
362 411 459
358 411 292
267 411 258
362 250 1190
358 250 667
208 250 251
298 250 229
208 407 1282
298 407 789
362 407 740
358 407 665
267 407 258
298 405 999
358 405 530
362 405 530
208 405 504
267 405 258
298 170 1247
208 170 478
358 170 167
362 408 1050
298 408 946
208 408 894
358 408 665
267 408 258
298 436 999
208 436 795
267 436 258
358 436 185
214 208 1127
374 208 414
379 358 699
374 298 877
379 298 670
382 298 262
392 298 262
379 267 521
214 362 562
374 362 436
133 392 650
101 343 919
101 382 1069
101 349 1248
133 349 1119
101 355 1000
101 374 788
152 374 788
152 214 1300
101 214 497
133 379 764
