346
601 0 453
665 0 1
601 102 337
736 102 139
636 102 10
601 116 470
665 116 107
736 116 329
636 116 2
203 116 276
630 116 44
601 237 11
59 237 165
203 237 6
601 390 255
665 390 157
59 390 602
736 390 177
636 390 135
453 390 163
630 390 159
601 510 282
665 510 306
59 510 553
736 510 284
203 510 308
630 510 157
601 555 419
665 555 226
59 555 492
736 555 261
636 555 109
203 555 401
453 555 176
630 555 318
601 609 314
665 609 177
59 609 376
736 609 300
203 609 307
453 609 135
630 609 217
601 624 419
665 624 114
59 624 347
736 624 300
636 624 225
203 624 543
453 624 216
630 624 351
601 634 402
665 634 177
59 634 442
736 634 300
636 634 138
203 634 543
453 634 209
630 634 351
601 680 435
665 680 329
59 680 460
636 680 207
203 680 353
453 680 235
630 680 228
601 694 435
665 694 139
59 694 421
736 694 261
636 694 323
203 694 401
453 694 215
630 694 351
601 702 336
665 702 226
59 702 319
736 702 382
636 702 223
203 702 487
453 702 285
630 702 213
601 705 380
665 705 157
59 705 132
736 705 325
636 705 292
203 705 345
453 705 176
630 705 228
601 737 432
665 737 167
59 737 602
736 737 261
636 737 184
203 737 269
453 737 134
630 737 269
601 743 348
665 743 151
59 743 244
736 743 334
636 743 198
203 743 348
453 743 151
630 743 197
601 753 435
665 753 178
59 753 318
736 753 300
636 753 184
203 753 401
453 753 157
630 753 157
601 776 301
665 776 160
59 776 292
736 776 188
636 776 452
203 776 146
453 776 224
630 776 116
601 788 465
665 788 160
59 788 237
736 788 274
636 788 276
203 788 243
453 788 224
630 788 407
601 833 301
665 833 287
59 833 206
736 833 274
636 833 452
203 833 243
453 833 133
630 833 206
665 83 3
59 83 31
736 83 75
636 83 43
453 83 159
665 365 303
736 365 2
630 365 77
665 802 142
59 802 345
636 802 276
453 802 224
630 802 500
59 302 143
636 302 64
203 302 14
453 302 25
636 177 177
715 601 617
718 601 575
794 601 488
611 601 423
651 601 397
796 601 145
718 665 571
611 665 423
651 665 397
794 665 284
715 665 284
796 665 145
651 59 486
796 736 263
651 736 42
715 636 582
794 636 488
718 636 487
651 636 370
611 636 357
796 636 238
651 203 86
718 203 10
796 453 512
718 453 423
715 453 403
651 453 336
794 453 260
611 453 240
715 630 561
794 630 488
718 630 487
796 630 399
651 630 312
611 630 312
458 718 386
432 718 121
463 718 12
458 794 549
432 794 608
1 794 145
463 794 2
1 715 693
432 715 503
458 715 469
1 796 215
142 796 582
432 796 176
458 796 8
1 651 783
41 651 716
469 651 254
432 651 254
142 651 207
463 651 132
463 611 773
432 611 658
41 611 576
458 611 537
469 611 475
142 611 171
337 1 241
112 1 722
87 1 274
112 458 745
87 458 619
333 458 569
264 458 387
337 458 296
87 432 619
333 432 569
264 432 387
112 432 357
337 432 296
415 432 169
112 303 643
333 303 587
402 303 351
337 469 584
402 469 7
402 41 15
415 41 10
402 142 768
337 142 634
87 142 553
333 142 424
112 142 282
333 463 556
415 463 418
264 463 387
337 463 296
402 463 146
405 333 895
408 333 596
309 333 396
411 333 387
364 333 317
407 337 440
309 337 339
208 337 298
408 337 295
364 337 279
405 337 261
411 337 244
364 112 371
407 87 95
411 87 8
411 264 456
309 264 396
405 264 326
364 264 317
208 264 261
408 402 647
405 402 385
208 402 327
309 402 269
407 402 245
411 402 164
408 415 856
407 415 521
208 415 327
405 415 293
309 415 265
411 415 205
364 415 181
264 364 570
391 364 507
298 364 337
266 364 332
168 364 332
391 411 512
298 411 392
208 411 364
267 411 267
266 411 130
267 208 583
264 208 583
298 208 502
168 208 357
208 208 258
391 208 241
208 407 974
298 407 560
266 407 287
267 407 267
391 407 248
298 405 689
391 405 512
208 405 364
267 405 267
168 405 149
208 408 697
298 408 651
266 408 287
267 408 267
267 309 373
298 309 269
266 309 230
214 208 884
367 208 629
388 208 614
340 208 264
374 208 264
324 208 258
367 391 613
348 391 272
348 264 807
348 267 743
374 298 771
343 298 155
374 266 941
214 266 482
367 266 246
367 168 673
388 168 839
340 168 809
324 168 721
101 343 780
101 374 755
133 374 535
133 324 641
96 324 536
101 324 436
101 214 431
101 388 770
96 388 536
133 367 980
96 367 536
133 340 980
101 348 902
133 348 748
