190
657 160 63
2 160 464
701 160 113
562 160 458
726 160 998
657 378 8
2 378 259
562 378 123
581 378 536
657 379 358
701 379 643
657 417 305
2 417 804
701 417 671
562 417 1120
726 417 470
581 417 840
657 445 773
2 445 586
701 445 586
562 445 480
726 445 787
581 445 900
657 513 773
701 513 901
562 513 124
726 513 787
581 513 982
657 566 277
2 566 168
701 566 165
562 566 1120
726 566 961
581 566 718
657 576 773
2 576 375
701 576 501
562 576 164
726 576 261
581 576 982
657 601 852
2 601 375
701 601 400
562 601 792
726 601 947
581 601 982
657 608 269
2 608 531
701 608 531
562 608 1120
726 608 470
581 608 895
657 696 185
2 696 169
701 696 501
562 696 651
726 696 523
581 696 564
657 709 773
2 709 346
701 709 492
562 709 757
726 709 849
581 709 921
657 711 313
2 711 1085
701 711 431
562 711 1009
726 711 798
581 711 564
2 21 719
726 21 75
2 528 290
701 528 501
562 528 804
726 528 932
581 528 491
709 657 1172
631 657 857
797 657 424
769 657 393
643 657 246
769 2 1282
709 2 28
631 701 1079
643 701 956
709 701 951
769 701 872
709 562 1155
797 562 844
769 562 641
631 562 623
643 562 134
709 726 1173
769 726 1130
797 726 279
709 581 1228
643 581 1083
631 581 966
769 581 483
122 709 1217
402 709 340
69 709 9
122 643 1162
414 643 915
402 643 689
69 643 263
235 797 1126
69 797 1245
122 769 667
402 769 1057
66 769 1252
235 769 153
68 631 1249
402 631 1109
235 631 744
66 631 681
122 631 632
414 631 347
62 66 1208
50 66 1253
50 122 867
413 122 553
62 122 342
413 402 963
62 402 890
50 402 746
50 235 861
62 235 410
403 235 392
413 235 280
413 69 72
62 68 1129
413 68 10
403 68 1
62 414 890
50 414 601
413 414 586
403 414 365
311 62 493
408 62 807
465 62 92
175 50 651
408 50 67
465 403 749
408 403 635
276 403 415
175 403 343
408 413 991
465 413 749
175 413 595
310 175 1067
233 175 1054
360 175 425
339 175 243
233 276 1054
339 276 938
140 276 836
310 276 648
140 311 1013
360 311 771
339 311 503
310 311 436
140 408 760
310 408 658
339 408 630
360 408 395
233 408 248
339 465 1
186 140 195
326 360 983
345 360 648
374 360 276
186 233 452
326 233 441
374 233 276
214 310 674
345 310 433
186 310 373
186 339 658
101 355 952
101 374 1001
70 374 784
101 345 1128
70 345 833
101 326 1291
70 326 658
70 214 829
101 214 810
70 186 814
