141
665 488 584
777 488 950
242 488 696
27 488 950
665 512 582
777 512 977
242 512 1039
27 512 1131
665 525 608
777 525 442
242 525 642
27 525 1052
665 545 613
777 545 977
242 545 793
27 545 1059
665 570 460
777 570 856
242 570 1039
27 570 1131
665 657 543
777 657 856
242 657 1039
27 657 1131
665 744 929
777 744 977
242 744 711
27 744 1059
665 903 426
777 903 75
242 903 793
27 903 426
777 52 3
242 52 996
27 52 1222
686 665 1058
484 665 630
136 665 117
484 777 380
136 777 1092
136 242 1168
805 242 1202
484 242 8
136 27 1256
484 27 1232
805 27 393
686 27 1
292 484 1099
121 484 1048
229 484 785
32 484 748
229 136 1288
292 136 1196
121 136 1269
32 136 47
121 805 930
292 805 1199
292 686 501
32 686 460
121 686 434
353 32 1054
209 32 110
353 229 1035
209 229 843
440 229 470
321 229 250
353 121 1100
209 121 722
440 121 470
353 292 836
440 292 470
39 292 443
209 292 359
321 292 250
232 353 776
17 353 776
402 353 689
436 353 617
398 353 496
232 209 671
224 209 363
402 440 1278
416 440 1220
232 440 1061
224 440 686
17 440 185
17 321 1150
232 321 787
224 321 728
402 321 689
398 321 672
436 321 624
416 321 240
17 39 1297
416 390 1220
402 390 1161
232 390 952
224 390 686
398 390 428
17 390 141
208 224 937
168 224 740
50 224 442
298 224 288
267 224 254
208 402 1298
298 402 872
267 402 353
168 232 860
50 232 413
298 232 356
168 17 1292
267 17 53
298 17 12
208 436 929
298 436 872
267 436 353
168 436 179
208 416 624
168 416 259
298 416 241
208 398 573
168 398 259
50 398 224
388 208 975
340 208 503
379 50 1240
340 168 1082
388 168 1119
379 298 852
343 298 456
340 298 418
379 267 598
340 267 276
146 343 1036
150 379 1291
146 379 714
150 388 1219
146 388 836
146 340 1288
150 340 1062
