177
609 661 650
651 661 188
703 661 724
308 661 595
432 661 388
609 771 594
651 771 767
703 771 1015
308 771 790
432 771 905
609 776 403
651 776 767
703 776 1028
308 776 790
432 776 726
609 796 378
651 796 767
703 796 602
308 796 790
432 796 428
609 807 365
651 807 767
703 807 1028
308 807 790
432 807 469
609 811 594
651 811 944
703 811 1015
308 811 184
432 811 905
609 824 594
651 824 488
703 824 1015
308 824 150
609 830 419
651 830 519
703 830 1028
308 830 386
432 830 770
609 832 594
651 832 488
703 832 1015
308 832 386
432 832 770
609 867 211
651 867 767
703 867 885
308 867 790
432 867 770
609 882 141
651 882 625
703 882 831
308 882 438
432 882 541
609 891 802
651 891 303
703 891 902
308 891 303
432 891 885
643 609 1111
804 609 1091
738 609 811
591 609 612
611 609 525
804 651 1138
591 651 593
738 651 455
643 651 354
804 703 918
738 703 489
591 703 375
611 703 177
643 703 156
804 308 1040
738 308 819
591 308 615
611 308 477
643 308 201
804 432 868
738 432 819
591 432 505
611 432 477
484 643 1155
484 591 1142
401 591 900
173 591 528
169 591 528
273 591 219
169 738 274
401 804 277
169 804 709
484 804 1210
173 804 161
273 804 1003
484 611 894
401 611 646
173 611 533
169 611 208
273 611 198
447 173 1072
78 173 723
181 173 635
434 173 635
129 484 189
434 484 947
181 484 944
129 169 895
78 169 723
447 169 712
434 169 634
181 169 349
78 401 896
447 401 758
129 401 572
434 401 545
447 273 1133
129 273 637
434 273 494
78 273 293
181 273 261
373 181 985
179 181 985
217 181 882
307 181 681
209 181 395
373 447 1117
179 447 1065
209 447 654
307 447 353
217 78 178
209 78 268
307 78 157
373 434 1117
179 434 1065
209 434 654
307 434 353
307 129 791
373 129 748
209 129 367
217 129 327
303 217 1047
208 217 897
264 217 830
298 217 479
202 217 341
264 307 991
303 307 876
208 307 548
202 307 525
303 209 724
298 209 488
303 373 1138
264 373 798
298 373 369
264 179 1091
303 179 722
298 179 479
363 208 446
348 208 306
389 208 306
389 202 991
363 202 446
346 202 319
389 264 1252
346 264 1223
348 264 1127
346 303 268
389 298 814
346 298 335
133 363 1269
101 346 1295
133 346 876
133 389 875
101 352 1266
101 348 1159
133 348 1084
96 348 829
