269
657 460 510
787 460 589
736 460 785
149 460 304
613 460 354
607 460 595
779 460 510
657 507 741
787 507 559
736 507 917
149 507 304
613 507 425
607 507 559
779 507 786
657 523 167
787 523 496
736 523 792
149 523 439
613 523 354
607 523 496
779 523 663
657 553 689
787 553 487
736 553 958
149 553 304
613 553 160
607 553 218
779 553 899
657 560 568
787 560 372
736 560 917
149 560 304
613 560 221
607 560 371
779 560 277
657 564 605
787 564 487
736 564 958
149 564 332
613 564 214
607 564 218
779 564 899
657 634 741
787 634 487
736 634 527
149 634 236
613 634 593
607 634 218
779 634 786
657 697 189
787 697 372
736 697 756
149 697 304
613 697 95
607 697 100
779 697 243
657 721 741
787 721 589
736 721 917
149 721 304
613 721 354
607 721 595
779 721 786
657 743 441
787 743 372
736 743 917
149 743 304
613 743 313
779 743 277
657 780 419
787 780 345
736 780 912
149 780 621
607 780 450
779 780 141
657 790 357
787 790 166
736 790 798
149 790 621
613 790 410
607 790 686
657 801 476
787 801 183
736 801 935
149 801 441
607 801 576
779 801 300
657 806 420
736 806 733
149 806 621
613 806 218
607 806 576
779 806 231
657 861 476
787 861 183
736 861 737
149 861 135
607 861 576
779 861 141
657 864 138
787 864 411
736 864 527
149 864 621
613 864 218
607 864 416
657 878 409
787 878 183
736 878 549
149 878 462
613 878 472
607 878 738
779 878 300
657 967 12
787 967 42
736 967 1053
607 967 237
779 967 197
581 657 708
796 657 300
636 657 289
736 657 274
677 657 266
605 657 234
636 787 274
605 787 101
677 736 79
636 736 316
796 736 293
605 736 1
636 149 268
677 149 644
796 149 1
581 613 837
677 613 739
736 613 674
796 613 514
636 613 498
605 613 299
581 607 837
677 607 739
736 607 674
796 607 435
605 607 435
636 607 289
796 779 714
54 636 829
297 636 811
1 636 696
457 636 577
322 636 415
334 636 205
297 581 811
54 581 756
457 581 577
1 581 510
322 581 415
334 581 205
457 796 23
334 796 54
1 796 116
491 796 21
491 736 1058
297 736 2
457 677 862
54 677 829
297 677 811
322 677 560
491 677 348
334 677 205
1 677 96
457 605 721
1 605 510
100 605 458
334 605 420
54 605 353
322 605 285
297 605 244
412 54 37
87 1 435
87 457 735
29 457 626
412 457 537
329 457 506
39 457 134
415 457 101
412 100 47
329 100 318
329 297 802
29 297 727
39 297 525
412 297 310
87 297 254
39 322 1024
412 322 673
87 322 354
329 322 198
412 491 229
87 491 75
329 491 268
329 334 647
412 334 645
39 334 494
87 334 364
438 87 626
226 87 210
241 87 248
17 39 1150
226 39 318
100 39 33
385 39 15
226 29 720
385 412 1019
241 412 676
17 412 542
226 412 243
226 329 832
100 329 754
193 329 743
17 329 571
241 329 425
438 329 254
385 415 875
226 415 243
241 415 183
415 438 872
436 438 668
437 438 532
168 438 308
402 438 291
402 226 439
437 226 313
415 226 312
436 226 206
168 100 421
415 385 427
402 385 244
168 17 1151
436 17 632
415 17 786
437 17 457
168 193 1069
437 193 1059
436 193 1037
415 193 676
437 241 1058
168 241 1058
436 241 1037
415 241 650
402 241 166
379 402 739
340 402 719
343 402 715
349 402 551
379 436 1037
340 436 771
349 436 706
343 436 570
340 437 1021
343 437 715
349 437 706
340 415 1110
343 415 715
349 415 706
340 168 1083
95 343 876
133 349 1112
95 349 888
133 379 811
133 340 1153
