238
601 313 22
529 313 616
122 313 317
711 313 1
601 451 279
668 451 458
716 451 489
529 451 617
363 451 129
122 451 742
711 451 408
601 513 438
668 513 398
716 513 645
529 513 180
363 513 231
122 513 742
711 513 341
601 524 461
668 524 279
716 524 506
363 524 468
122 524 742
711 524 506
601 557 422
668 557 458
716 557 645
529 557 254
363 557 743
122 557 533
711 557 408
601 568 204
668 568 458
716 568 1102
529 568 344
363 568 205
122 568 533
711 568 408
601 585 330
668 585 499
716 585 471
529 585 471
363 585 338
122 585 742
711 585 229
601 586 358
668 586 458
716 586 615
529 586 271
122 586 615
711 586 771
601 693 339
668 693 247
716 693 450
529 693 372
363 693 306
122 693 742
711 693 308
601 738 393
668 738 330
716 738 479
529 738 381
363 738 231
122 738 742
711 738 247
601 762 177
668 762 458
716 762 808
529 762 585
363 762 129
122 762 583
711 762 408
601 782 427
716 782 1154
529 782 250
363 782 191
122 782 279
711 782 856
601 830 112
668 830 280
716 830 1075
529 830 287
363 830 191
122 830 109
711 830 550
601 849 182
668 849 187
716 849 938
529 849 374
363 849 303
122 849 255
711 849 856
601 876 281
668 876 187
716 876 364
529 876 380
363 876 191
122 876 455
711 876 702
691 601 607
611 601 511
729 601 310
693 601 299
796 601 199
729 668 1017
691 668 607
611 668 442
796 668 330
693 668 205
796 716 784
611 716 455
729 716 886
693 716 5
796 529 565
729 529 565
691 529 502
693 529 327
611 529 224
796 363 608
691 363 444
611 363 344
729 363 303
796 122 719
729 122 892
611 711 235
729 711 1225
796 711 655
693 711 97
483 796 340
256 796 129
1 796 82
483 693 395
483 691 553
1 691 272
69 691 178
483 611 901
256 611 191
152 729 1132
256 729 572
150 729 279
456 729 111
375 456 767
412 456 660
172 456 400
414 456 277
29 152 669
172 152 472
375 152 345
412 152 237
172 483 314
412 483 248
412 256 1013
414 256 560
375 256 468
29 256 416
172 256 338
412 150 824
29 150 669
398 375 663
436 375 661
441 375 438
439 375 352
408 375 273
88 375 260
88 29 4
441 172 586
193 172 557
88 172 343
439 172 270
436 412 945
398 412 945
408 412 934
411 412 572
439 412 248
441 412 224
408 415 1052
398 415 698
436 415 698
441 415 205
436 414 1189
398 414 1178
439 414 674
193 414 553
408 414 467
411 414 371
374 411 891
324 411 560
267 411 414
424 411 357
50 411 185
50 88 59
424 88 5
374 441 1229
324 441 560
440 441 167
374 408 1128
440 408 592
324 408 539
267 408 414
424 408 388
50 193 993
267 193 766
324 193 622
440 193 520
424 193 520
374 398 1229
324 398 560
440 398 499
424 398 477
374 436 1030
324 436 560
267 436 414
440 436 259
424 436 259
374 439 1193
324 439 560
267 439 414
379 424 960
379 50 1239
348 50 1214
349 50 2
379 440 960
349 440 468
379 374 316
348 267 1138
379 267 497
359 267 373
348 324 908
379 324 497
359 324 373
343 324 360
349 324 360
101 359 1292
134 359 1187
101 343 1037
101 349 1292
101 348 1184
134 379 1187
