373
651 629 901
1 629 361
241 629 317
381 629 544
419 629 160
667 629 278
22 629 544
266 629 248
828 629 272
637 629 248
651 677 762
1 677 176
241 677 358
381 677 613
419 677 146
667 677 427
22 677 176
266 677 343
828 677 884
651 756 762
1 756 353
241 756 205
381 756 613
419 756 197
667 756 427
22 756 224
266 756 661
828 756 884
651 771 527
1 771 983
241 771 236
381 771 741
419 771 601
667 771 413
22 771 186
266 771 277
637 771 190
651 773 111
1 773 983
241 773 161
381 773 741
419 773 198
667 773 413
22 773 833
266 773 277
828 773 526
637 773 103
651 774 629
1 774 200
241 774 363
381 774 741
419 774 601
667 774 413
22 774 359
266 774 265
828 774 169
637 774 539
651 776 889
1 776 219
241 776 411
381 776 595
419 776 332
667 776 218
22 776 854
266 776 311
828 776 109
637 776 109
651 782 565
1 782 169
241 782 515
381 782 442
419 782 601
667 782 147
22 782 854
266 782 616
637 782 190
651 796 660
1 796 983
241 796 353
381 796 741
667 796 413
22 796 854
266 796 133
651 800 139
1 800 245
241 800 363
381 800 741
667 800 247
22 800 245
266 800 282
828 800 342
637 800 460
651 830 384
1 830 958
241 830 411
381 830 595
419 830 601
667 830 247
22 830 106
266 830 106
828 830 246
637 830 496
651 838 540
1 838 983
241 838 411
381 838 741
419 838 332
667 838 247
22 838 491
266 838 616
828 838 246
637 838 499
651 857 461
1 857 881
381 857 237
667 857 218
22 857 491
266 857 282
828 857 211
637 857 598
651 879 876
1 879 284
241 879 216
381 879 442
419 879 185
667 879 413
22 879 127
266 879 616
651 880 540
1 880 223
241 880 445
381 880 562
419 880 332
667 880 247
22 880 222
266 880 616
828 880 342
637 880 299
651 884 292
1 884 983
241 884 582
381 884 741
667 884 225
22 884 491
266 884 307
828 884 169
637 884 629
651 942 443
241 942 24
22 942 1100
266 942 16
1 112 65
241 112 421
381 112 382
419 112 146
266 112 182
241 920 343
266 920 10
603 651 702
668 651 671
71 651 671
819 651 645
691 651 610
584 651 443
698 651 335
584 1 182
71 1 7
819 1 9
767 241 874
603 241 454
819 241 1006
698 241 26
584 241 160
668 241 18
819 381 967
668 381 740
71 381 692
691 381 425
767 381 420
603 381 223
698 381 197
645 381 189
71 419 863
668 419 849
819 419 553
767 419 449
603 419 383
584 419 371
691 419 181
645 419 172
71 667 756
819 667 713
603 667 702
691 667 610
645 667 527
668 667 292
584 667 239
698 667 199
603 22 117
71 22 946
698 22 574
584 22 262
645 266 681
603 266 433
71 266 412
819 266 387
767 266 300
584 266 299
698 266 275
691 266 238
584 828 553
767 828 297
668 637 784
71 637 784
584 637 700
819 637 645
691 637 610
645 637 499
603 637 290
518 71 920
93 71 939
1 71 3
266 71 2
411 698 900
266 698 534
322 698 513
93 698 408
518 698 337
278 698 158
411 668 963
266 668 534
322 668 531
518 668 337
278 668 158
411 584 1136
266 584 534
322 584 513
463 584 341
518 584 337
278 584 222
266 819 356
93 819 611
518 819 32
278 819 18
463 645 1274
411 645 1136
1 645 760
322 645 513
278 645 172
518 645 105
266 645 98
93 767 1102
411 767 94
278 767 151
411 691 1136
518 691 618
278 691 531
1 691 154
463 603 1194
411 603 1136
266 603 534
518 603 337
322 603 246
402 266 1067
337 266 663
368 266 349
39 266 306
375 266 241
337 1 319
413 1 6
402 411 926
413 411 862
368 411 670
337 411 276
39 411 241
375 411 234
390 411 233
415 411 233
39 518 85
413 518 25
402 518 1
337 278 1017
402 278 653
413 278 639
39 278 475
368 278 344
337 93 122
39 93 3
39 322 1149
368 322 739
375 322 266
375 463 1299
390 463 873
415 463 602
413 463 305
337 463 276
39 463 203
407 368 425
385 368 207
408 368 207
17 337 1058
407 337 719
408 337 451
377 337 341
408 413 1155
436 413 1109
416 413 880
385 413 295
407 413 189
377 413 174
407 375 1273
416 375 779
436 375 586
17 375 581
385 375 455
408 375 278
17 39 1296
385 39 65
408 402 610
416 402 581
385 402 550
377 402 503
407 402 306
17 402 139
416 390 1227
407 390 1186
385 390 950
408 390 438
408 415 1059
385 415 851
407 415 851
416 415 661
436 415 437
208 407 1294
233 407 902
362 407 570
208 408 966
362 408 964
233 408 403
208 385 1180
233 385 907
168 17 1294
233 416 980
362 416 964
208 416 475
233 436 980
208 436 597
168 377 1262
362 377 356
233 377 333
214 208 1120
388 208 946
324 208 419
330 208 385
330 233 984
349 233 362
388 233 326
214 362 756
330 362 457
330 168 429
388 168 1171
324 168 988
69 330 1150
101 330 1019
134 330 722
101 324 576
134 214 1201
101 214 671
134 388 1079
101 388 945
101 349 1296
69 349 931
134 349 722
