154
435 542 474
411 542 837
79 542 415
781 542 933
435 591 486
411 591 510
79 591 299
781 591 933
435 767 188
411 767 837
79 767 428
781 767 933
435 777 336
411 777 581
79 777 403
781 777 971
435 815 118
411 815 411
79 815 223
781 815 892
435 819 303
411 819 291
79 819 636
781 819 830
435 825 336
411 825 581
781 825 971
435 832 572
411 832 797
79 832 317
781 832 578
435 865 336
411 865 581
79 865 529
781 865 913
435 889 336
411 889 581
79 889 261
781 889 971
411 788 806
79 788 261
781 788 716
411 939 596
79 939 6
79 94 705
781 94 831
79 980 525
781 980 37
785 435 1151
736 435 1145
810 435 885
640 435 588
605 435 455
736 411 789
785 411 757
640 411 501
605 411 428
810 411 352
785 79 530
605 79 994
810 79 57
785 781 1188
640 781 78
736 781 12
313 810 199
395 810 609
49 810 262
93 640 1074
395 640 170
313 785 492
93 785 1246
49 785 1013
394 785 9
93 736 206
35 736 953
35 605 1094
93 605 999
394 605 961
313 605 737
395 605 170
49 605 146
78 49 1294
87 49 61
329 394 1058
87 394 879
412 394 833
78 394 794
78 395 900
87 395 711
412 395 484
329 395 298
329 93 374
329 35 1011
87 35 5
329 313 1058
78 313 1023
412 313 481
100 78 1137
438 78 58
226 87 183
438 87 657
226 39 473
17 39 1298
100 39 75
100 329 1208
226 329 930
193 329 704
17 329 593
438 329 289
17 412 490
346 412 431
226 412 324
100 412 295
168 100 293
298 438 452
402 438 441
208 438 438
424 438 429
168 438 357
402 226 476
298 226 308
208 226 211
168 17 1298
298 17 4
168 193 1202
424 193 531
208 193 134
168 346 1245
219 346 761
298 346 293
343 402 761
340 402 761
379 402 667
349 402 523
367 208 806
340 208 445
367 219 906
379 219 571
379 298 981
343 298 606
340 298 394
379 424 1106
367 424 385
349 424 310
340 424 284
367 168 907
340 168 1186
95 343 873
133 349 1261
95 349 893
133 379 753
133 340 1299
133 367 1299
95 367 1257
