198
502 36 8
64 36 559
785 36 852
389 36 486
502 422 415
64 422 548
785 422 710
389 422 722
502 461 552
64 461 1032
785 461 574
389 461 587
502 518 255
64 518 753
785 518 248
389 518 367
502 622 415
64 622 927
785 622 548
389 622 678
502 714 495
64 714 1045
785 714 231
389 714 559
502 732 415
64 732 804
785 732 700
389 732 455
502 740 404
64 740 792
785 740 939
389 740 367
502 779 888
64 779 773
785 779 765
389 779 713
502 806 888
64 806 238
785 806 555
389 806 428
502 810 462
64 810 901
785 810 301
389 810 428
502 824 704
64 824 870
785 824 529
389 824 428
502 883 127
64 883 173
785 883 498
389 883 375
785 176 1244
389 176 19
692 502 973
283 502 761
656 502 612
743 502 409
589 502 269
283 64 270
589 64 188
692 785 895
589 785 794
656 785 129
656 389 988
283 389 916
692 389 899
589 389 269
743 389 176
168 692 1063
441 692 589
297 692 526
49 692 400
305 692 314
168 656 1063
49 656 892
441 656 548
297 656 374
305 656 332
297 283 1025
168 283 951
441 283 694
49 283 447
305 283 324
297 589 1082
168 589 1063
49 589 892
305 589 738
441 589 548
305 743 1219
168 743 945
297 743 7
49 743 3
77 305 1245
94 305 735
78 305 669
375 305 583
87 305 552
275 305 511
375 441 1086
87 441 812
275 441 652
78 441 604
77 441 335
78 49 1289
77 49 162
87 49 116
94 168 732
78 168 579
87 168 538
77 168 506
375 168 245
275 168 245
94 297 735
78 297 637
275 297 511
77 297 504
87 297 296
375 297 296
381 275 695
251 275 531
340 275 433
351 275 343
407 275 268
381 78 526
251 78 231
351 78 434
407 375 1297
381 375 786
340 375 566
251 375 288
170 375 243
250 375 243
251 87 409
407 87 76
340 87 81
381 87 57
250 94 648
170 94 1001
381 94 257
251 94 626
407 77 74
208 407 1289
298 407 553
198 407 384
443 407 289
266 407 283
198 351 841
428 351 399
298 351 390
298 170 1195
428 170 967
208 170 706
266 170 325
198 170 264
443 170 264
443 251 847
428 251 839
298 251 667
428 250 967
198 250 707
208 250 322
266 250 228
298 381 452
428 381 317
266 381 185
208 340 514
443 340 477
298 340 454
198 340 453
428 340 226
214 208 1186
374 208 494
374 298 692
382 298 340
341 428 1001
355 428 903
382 428 871
377 428 578
214 428 563
374 428 563
374 266 1198
214 266 684
355 266 310
377 443 950
341 443 932
355 443 906
382 443 871
214 443 490
377 198 463
152 377 764
101 377 724
101 382 1018
101 355 943
152 374 909
101 374 724
152 214 1300
101 341 858
