198
295 37 992
435 37 385
93 37 84
785 37 1112
400 37 244
781 37 1
295 109 787
295 116 707
400 116 161
295 230 10
785 230 726
781 230 1206
295 473 632
435 473 185
79 473 356
93 473 536
785 473 524
781 473 660
295 474 933
435 474 227
79 474 471
93 474 373
785 474 933
400 474 281
781 474 718
295 652 632
435 652 395
79 652 298
93 652 373
785 652 609
400 652 282
781 652 570
295 845 860
435 845 274
79 845 879
93 845 166
785 845 468
400 845 222
781 845 370
295 875 860
435 875 274
79 875 580
93 875 166
785 875 779
400 875 265
781 875 661
295 883 451
435 883 274
79 883 702
93 883 193
785 883 341
400 883 714
781 883 177
295 892 443
79 892 879
93 892 298
785 892 779
400 892 211
781 892 701
295 955 71
93 955 48
435 300 150
79 300 613
785 300 258
400 300 73
79 380 708
781 380 407
79 1017 91
400 1017 403
781 1017 81
801 295 1200
785 295 719
796 295 627
743 295 520
785 435 933
796 435 829
743 435 583
605 435 332
785 79 423
605 79 600
785 93 538
743 93 1256
801 93 12
801 785 268
743 785 4
801 400 1200
785 400 649
796 400 520
605 400 449
743 400 384
785 781 1070
394 743 640
313 743 264
49 743 4
1 796 114
439 796 403
54 801 1033
93 801 253
93 785 1095
49 785 1006
313 785 383
394 785 3
394 605 835
1 605 767
93 605 757
313 605 562
54 605 537
439 605 213
94 54 1120
78 54 64
412 54 27
87 1 535
94 1 723
87 439 1027
329 439 450
78 439 374
94 439 234
78 49 1297
87 49 106
78 394 916
329 394 748
94 394 695
412 394 682
87 394 499
375 394 216
329 93 206
78 313 1019
329 313 748
94 313 695
412 313 359
100 78 864
251 78 190
438 78 26
223 78 8
251 87 309
438 87 433
223 87 1
251 94 560
170 94 1135
250 94 859
250 375 393
170 375 393
346 375 319
100 329 1033
170 329 380
250 329 380
223 329 377
250 412 310
223 412 275
100 412 263
346 412 231
168 100 224
362 100 17
208 438 549
298 438 447
402 438 229
168 438 211
362 250 1168
168 250 1058
208 250 251
298 170 1265
168 170 994
208 170 454
402 170 182
168 251 773
298 251 602
168 346 1191
219 346 748
298 346 389
208 223 559
362 223 531
298 223 457
168 223 414
343 402 481
340 402 481
349 402 472
379 402 433
363 208 664
367 208 623
340 208 420
367 219 593
379 219 397
379 298 810
343 298 331
340 298 285
363 298 246
340 362 557
340 168 1143
367 168 796
133 363 1291
95 363 1124
95 343 796
133 340 1299
133 367 1299
95 367 1255
133 349 1235
95 349 825
133 379 784
