215
622 94 722
769 94 236
376 94 487
622 239 552
253 239 181
581 239 5
367 239 102
622 387 469
253 387 533
769 387 917
376 387 318
581 387 839
367 387 309
622 473 376
253 473 774
769 473 917
376 473 329
581 473 839
367 473 855
622 486 780
253 486 563
769 486 917
376 486 563
581 486 839
367 486 611
622 514 376
253 514 654
769 514 917
376 514 298
581 514 839
367 514 255
622 548 633
253 548 209
769 548 917
376 548 194
581 548 839
367 548 855
622 585 578
253 585 486
769 585 917
376 585 329
581 585 839
622 586 830
253 586 603
769 586 740
376 586 603
581 586 876
367 586 540
622 597 770
253 597 798
769 597 601
376 597 478
581 597 601
367 597 291
622 605 859
253 605 349
769 605 630
376 605 194
581 605 613
367 605 558
622 642 720
253 642 203
769 642 917
376 642 166
581 642 839
367 642 855
622 727 823
253 727 543
769 727 713
376 727 241
581 727 713
367 727 875
622 821 326
253 821 896
769 821 936
376 821 558
581 821 654
367 821 121
622 866 754
253 866 1141
769 866 740
376 866 302
581 866 654
367 866 425
622 892 340
253 892 1080
769 892 635
376 892 316
581 892 706
367 892 294
622 893 754
253 893 965
769 893 259
376 893 558
581 893 527
367 893 294
376 988 52
367 988 123
729 622 1034
158 622 927
709 622 673
605 622 606
730 622 595
729 253 1230
605 253 469
158 253 1020
730 253 526
605 769 652
729 769 787
709 769 989
709 376 922
605 376 718
730 376 678
158 376 678
729 376 563
729 581 873
709 581 862
730 581 732
158 581 629
605 581 262
729 367 861
730 367 739
605 367 697
158 367 667
709 367 378
256 709 253
469 709 339
456 709 1
469 730 1161
414 729 614
469 729 518
256 729 683
456 729 111
469 605 1149
456 605 656
256 605 634
52 605 568
414 605 521
455 605 457
497 605 297
469 158 1292
497 158 715
256 158 12
313 456 970
216 456 788
477 456 749
422 456 488
413 456 441
477 455 1179
422 455 1022
216 455 627
413 455 524
422 469 1001
313 469 1120
477 469 927
216 469 473
413 469 21
313 497 190
477 256 997
313 256 421
422 256 300
477 52 251
313 414 920
216 414 788
477 414 749
422 414 476
413 414 441
433 422 1232
180 422 154
193 422 134
408 413 1070
433 413 817
193 413 480
180 413 188
255 216 971
408 216 901
180 216 781
193 216 684
433 216 574
193 477 660
255 477 542
433 477 1
255 313 983
193 313 900
433 313 701
408 313 647
180 313 506
229 255 743
310 255 590
426 255 342
440 255 339
374 255 199
374 408 1031
440 408 844
424 408 518
229 408 474
310 408 390
440 433 833
374 433 717
424 433 518
229 433 474
310 433 390
424 193 879
440 193 879
426 193 692
310 193 460
229 193 395
440 180 695
424 180 695
426 180 692
374 180 488
229 180 470
310 180 390
408 374 1124
96 408 583
