308
797 95 577
465 95 495
716 95 865
191 95 15
797 410 887
465 410 332
716 410 272
191 410 775
425 410 357
671 410 724
595 410 354
781 410 509
797 513 221
465 513 369
716 513 294
191 513 997
425 513 357
671 513 724
595 513 354
781 513 509
797 524 621
716 524 399
191 524 997
425 524 848
671 524 724
595 524 399
781 524 459
797 532 611
465 532 215
716 532 587
191 532 747
425 532 861
671 532 724
595 532 643
781 532 430
797 557 418
465 557 275
716 557 170
191 557 276
425 557 328
671 557 721
595 557 276
781 557 430
797 585 446
716 585 720
191 585 997
425 585 618
671 585 724
595 585 446
781 585 509
797 757 588
465 757 369
716 757 238
191 757 898
425 757 357
671 757 724
595 757 354
781 757 509
797 769 316
465 769 300
716 769 925
191 769 309
425 769 324
671 769 283
595 769 588
781 769 636
797 774 211
465 774 354
716 774 925
191 774 505
425 774 211
671 774 678
595 774 426
781 774 569
797 777 259
465 777 677
716 777 351
191 777 465
425 777 174
671 777 316
595 777 360
781 777 569
797 812 431
465 812 529
716 812 618
191 812 465
671 812 407
595 812 407
781 812 569
797 813 316
465 813 428
716 813 925
191 813 350
425 813 350
671 813 678
595 813 426
781 813 569
797 843 226
465 843 357
716 843 925
191 843 820
425 843 479
671 843 550
595 843 313
781 843 569
797 858 431
465 858 354
716 858 925
191 858 465
671 858 316
781 858 548
797 867 714
716 867 308
191 867 308
425 867 242
671 867 613
595 867 415
781 867 569
797 887 199
716 887 475
191 887 309
425 887 297
671 887 678
595 887 426
465 870 529
716 870 475
191 870 292
425 870 292
671 870 678
595 870 426
796 797 67
729 797 295
576 797 173
797 797 29
695 797 1
729 465 835
739 465 835
797 465 618
668 465 608
695 465 595
640 465 571
576 465 396
796 465 300
729 716 924
796 716 685
668 716 102
729 191 828
695 191 270
640 191 1
739 425 725
796 425 716
695 425 595
640 425 571
668 425 515
576 425 489
797 425 489
729 425 226
739 671 989
729 671 989
576 671 967
640 671 953
695 671 532
668 671 519
796 671 466
576 595 967
729 595 937
739 595 741
668 595 548
796 595 466
695 595 171
640 781 65
695 781 58
576 781 84
456 640 618
457 640 440
69 640 164
256 640 134
457 668 687
35 668 352
456 668 278
502 668 178
256 668 173
69 797 1234
456 797 2
457 576 802
456 576 613
35 576 352
256 576 173
502 796 1167
256 796 88
457 796 24
456 739 983
69 739 302
456 695 1045
457 695 802
256 695 578
502 695 560
463 695 221
69 695 164
35 695 142
456 729 197
256 729 573
394 456 902
387 456 899
39 456 811
375 456 793
78 502 868
39 502 13
78 49 1265
375 457 1241
394 457 902
387 457 899
415 457 284
78 457 168
387 256 1135
394 256 1135
39 256 809
375 256 255
375 463 1295
415 463 610
39 463 236
394 463 205
387 463 181
408 78 34
385 78 5
436 375 794
416 375 794
398 375 755
17 375 650
408 375 364
385 375 362
17 39 1298
385 39 36
436 387 1058
398 387 959
416 387 865
408 387 791
385 387 540
193 387 233
416 394 865
408 394 791
398 394 639
436 394 639
385 394 540
193 394 233
408 415 909
385 415 845
416 415 605
436 415 583
398 415 583
424 408 626
424 385 571
417 385 200
437 17 266
168 17 1295
437 193 1115
168 193 1115
407 193 710
424 193 710
426 193 710
417 193 420
424 398 708
417 398 495
437 398 272
407 398 257
424 436 269
417 436 257
424 416 407
417 416 407
426 416 274
437 416 218
388 437 1164
385 437 1093
340 437 1049
349 437 663
343 437 662
379 417 1076
340 417 505
349 417 305
343 417 211
379 407 1076
340 407 505
343 407 401
349 407 305
385 407 236
385 426 1093
388 426 852
379 426 619
343 426 401
349 426 253
388 168 1180
340 168 1092
379 424 1080
385 424 1039
388 424 586
340 424 309
349 424 305
69 343 1053
133 349 1227
69 349 943
134 349 745
134 379 1206
133 379 714
134 388 1190
69 388 811
133 340 1300
134 340 971
69 385 1053
