114
426 603 860
93 603 1194
139 603 963
655 603 453
426 686 222
93 686 1194
139 686 963
655 686 515
426 771 277
93 771 931
139 771 1244
655 771 866
426 782 203
93 782 931
139 782 1248
655 782 575
426 798 590
93 798 931
139 798 1248
655 798 1054
426 843 458
93 843 1059
139 843 1248
655 843 831
93 899 777
139 899 980
663 426 1215
776 426 708
675 426 691
584 426 202
675 93 225
776 93 1299
663 93 575
584 93 1
663 139 1265
675 139 724
584 139 4
663 655 1287
776 655 617
675 655 489
584 655 474
376 776 1082
223 776 12
244 584 1260
468 584 1205
223 584 1106
376 584 255
468 675 1205
376 675 824
244 675 665
223 675 428
244 663 1295
223 663 1246
468 663 1205
376 663 255
94 468 1156
192 468 1222
412 468 4
94 244 1012
412 244 842
192 244 253
412 223 990
192 223 727
415 223 348
94 376 999
412 376 630
129 376 279
175 192 1224
208 192 1039
192 192 729
474 192 568
170 192 342
192 129 906
175 129 804
474 129 568
170 129 401
170 94 1120
175 94 5
192 412 967
208 412 581
474 412 362
175 412 232
192 415 967
208 415 640
474 415 362
289 208 1291
298 208 1008
416 208 496
266 208 395
298 170 1282
416 170 1050
266 170 547
289 170 154
289 175 1254
416 175 969
298 175 946
266 175 211
266 192 1033
416 192 997
298 192 697
416 474 1136
374 416 1146
344 298 1167
374 298 839
408 298 584
382 298 584
374 266 1291
408 266 1243
408 289 1236
344 289 1196
96 382 1047
133 344 1203
133 374 1131
96 408 1047
