124
622 451 747
520 451 703
763 451 1071
331 451 716
622 513 670
520 513 703
763 513 1071
331 513 663
622 542 851
520 542 761
763 542 1071
331 542 368
622 560 670
520 560 703
763 560 1071
331 560 556
622 574 747
520 574 703
763 574 1071
331 574 510
622 577 318
520 577 703
763 577 1071
331 577 233
622 708 704
520 708 703
763 708 1192
331 708 606
622 709 725
520 709 703
763 709 1071
331 709 291
622 844 894
520 844 880
331 844 599
682 622 978
709 622 973
589 622 301
678 622 301
651 622 137
589 520 1047
709 520 1047
651 520 410
678 520 354
682 520 354
709 763 743
589 331 1082
651 331 883
709 331 648
678 331 274
682 331 110
256 709 261
385 709 362
507 682 938
256 682 890
385 682 651
155 682 364
256 589 1043
507 589 938
155 589 697
385 589 414
256 651 1043
507 651 793
155 651 697
385 651 651
385 678 1172
256 678 1043
155 678 697
507 678 305
143 507 22
271 507 8
271 256 1147
143 256 1060
413 256 821
271 385 1147
143 385 1128
413 385 996
413 155 1103
143 155 1049
271 155 1044
254 155 667
465 254 1036
408 254 928
297 254 905
175 254 694
276 254 553
408 413 1236
297 413 984
465 413 907
175 413 824
465 271 1203
175 271 1159
408 271 692
276 271 361
297 143 737
175 143 636
465 143 401
408 143 295
276 143 295
310 175 1121
255 175 1120
339 175 297
360 175 180
255 276 1120
339 276 1022
310 276 720
339 408 749
310 408 736
255 408 224
360 408 200
339 297 958
310 297 735
255 297 204
339 465 4
345 360 680
161 360 524
161 255 992
345 255 680
345 310 455
161 339 1155
70 345 777
70 374 875
70 161 1011
123 161 720
