275
449 468 865
632 468 589
596 468 277
655 468 519
327 468 192
623 468 562
449 594 562
632 594 229
596 594 230
634 594 247
655 594 619
327 594 345
623 594 463
449 752 449
632 752 877
596 752 283
634 752 420
655 752 479
327 752 303
623 752 627
449 772 394
632 772 743
596 772 646
634 772 898
655 772 1044
327 772 320
623 772 916
449 777 333
632 777 660
596 777 397
634 777 330
655 777 979
327 777 259
623 777 979
449 781 394
632 781 743
596 781 365
634 781 359
655 781 940
327 781 215
623 781 536
449 795 591
632 795 743
596 795 628
634 795 449
655 795 793
449 798 660
632 798 743
596 798 562
634 798 660
655 798 1010
327 798 267
623 798 1067
449 808 958
632 808 697
596 808 628
634 808 812
655 808 1010
327 808 392
623 808 1049
449 819 747
632 819 689
596 819 371
634 819 372
655 819 460
327 819 320
623 819 747
449 831 394
632 831 743
596 831 233
634 831 330
655 831 1010
327 831 293
623 831 1067
449 844 842
632 844 697
596 844 449
634 844 812
655 844 700
327 844 215
623 844 360
449 846 692
632 846 421
596 846 562
655 846 760
327 846 320
623 846 760
449 853 950
632 853 743
596 853 547
634 853 812
655 853 940
327 853 427
623 853 699
449 883 586
632 883 586
596 883 646
634 883 898
655 883 943
327 883 127
623 883 120
781 449 1137
631 449 584
668 449 558
801 449 354
645 449 241
645 632 1124
668 632 811
801 632 631
631 632 376
42 632 137
631 596 1215
801 596 871
668 596 811
42 596 485
781 596 170
631 634 976
668 634 811
645 634 627
801 634 255
42 634 187
631 655 1014
645 655 702
668 655 603
801 655 581
42 655 419
801 327 903
668 327 903
631 327 492
42 327 441
645 327 291
781 327 260
631 623 998
42 623 716
645 623 702
801 623 497
668 623 345
781 623 261
68 668 1236
244 668 1187
41 668 1179
457 668 901
416 668 625
456 668 162
457 645 1212
41 645 1179
68 645 935
416 645 246
456 645 246
52 645 75
68 801 801
244 801 1053
457 801 369
68 631 1273
41 631 1042
457 631 692
416 631 625
456 631 431
52 631 209
52 781 1034
68 781 56
68 42 889
416 42 98
41 42 24
422 416 1047
375 416 837
129 416 753
192 416 365
375 456 837
192 456 365
307 456 355
129 456 231
94 456 217
422 456 185
307 244 825
375 244 785
94 244 493
375 457 1243
129 457 727
307 457 355
415 457 182
192 41 155
307 41 13
375 41 121
415 41 14
192 68 145
307 52 50
375 52 4
433 422 1245
407 422 1128
208 422 545
250 422 216
170 422 86
175 192 1137
208 192 897
170 192 524
250 192 390
407 192 289
433 192 263
311 129 768
175 129 527
250 129 402
170 129 402
407 129 277
250 94 920
170 94 1191
175 94 15
208 94 2
175 307 1191
170 307 1012
311 307 965
250 307 868
407 307 319
407 375 1295
311 375 792
407 415 840
208 415 691
433 415 383
298 208 772
358 208 429
266 208 322
208 208 291
298 175 807
358 175 622
208 175 405
266 175 361
208 407 1264
298 407 748
358 407 569
424 407 424
266 407 406
208 250 604
358 250 592
266 250 302
424 250 237
298 170 1228
208 170 748
424 170 488
266 170 406
358 170 139
208 311 1154
424 311 983
298 311 218
208 433 1299
424 433 541
266 433 416
358 433 170
408 208 1137
326 208 609
374 208 399
377 424 1225
379 424 894
385 424 886
374 424 472
326 424 299
379 358 593
374 298 796
379 298 699
385 298 540
326 298 264
408 298 264
374 266 1260
408 266 1137
326 266 955
101 377 899
101 408 1295
133 408 824
96 408 703
101 374 1155
133 374 615
101 326 1298
133 326 663
101 385 1165
101 379 1065
133 379 905
