275
399 462 289
460 462 254
657 462 234
596 462 320
806 462 745
488 462 579
785 462 745
399 513 304
387 513 117
657 513 540
596 513 457
806 513 369
488 513 579
785 513 490
399 531 457
460 531 167
387 531 359
657 531 197
596 531 292
806 531 775
488 531 579
785 531 930
399 608 291
460 608 254
387 608 160
657 608 196
596 608 457
806 608 291
488 608 443
785 608 584
399 697 394
387 697 265
657 697 136
596 697 273
806 697 690
488 697 579
785 697 569
399 732 224
460 732 744
657 732 265
596 732 431
806 732 775
785 732 788
399 771 302
460 771 468
657 771 798
596 771 774
806 771 935
488 771 294
785 771 601
399 772 812
460 772 389
387 772 211
657 772 805
596 772 774
806 772 934
785 772 601
399 798 812
460 798 468
387 798 211
657 798 849
596 798 625
806 798 972
785 798 601
399 808 302
460 808 468
657 808 849
596 808 789
806 808 538
488 808 294
399 812 812
460 812 181
387 812 211
657 812 761
596 812 625
806 812 267
488 812 666
785 812 172
399 821 812
460 821 532
387 821 211
657 821 752
596 821 625
806 821 178
488 821 345
785 821 233
399 844 812
460 844 532
387 844 211
596 844 625
806 844 972
488 844 356
399 845 812
387 845 211
657 845 222
596 845 837
806 845 353
488 845 162
785 845 233
399 853 125
460 853 532
657 853 174
596 853 534
785 853 601
399 876 812
387 876 211
657 876 341
596 876 774
806 876 934
488 876 260
399 883 114
657 883 294
596 883 789
806 883 934
488 883 136
785 883 191
399 892 408
460 892 389
657 892 849
596 892 837
806 892 440
488 892 101
785 892 601
460 1010 34
657 1010 3
806 1010 155
488 1010 555
657 737 328
596 737 259
806 737 359
488 737 579
796 399 651
810 399 651
801 399 633
788 399 547
751 399 499
656 399 352
801 460 1091
796 460 880
751 460 719
788 460 466
656 460 352
810 460 283
801 387 906
751 387 469
788 387 439
656 387 328
810 387 322
796 387 233
801 657 1113
656 657 557
796 657 537
751 657 240
788 657 209
810 657 127
801 596 939
796 596 813
656 596 704
810 596 353
751 596 272
788 596 231
801 806 1281
788 806 847
796 806 62
810 806 5
801 488 1238
788 488 668
751 488 567
810 488 533
796 488 515
656 488 435
801 785 743
656 785 68
3 656 1039
254 656 694
416 656 606
457 656 154
67 656 120
47 810 246
457 810 9
67 796 44
457 796 46
67 801 1091
54 801 1030
457 801 101
254 788 715
416 788 474
67 788 37
457 788 18
67 751 844
47 751 75
457 751 2
94 54 1216
87 416 948
375 416 939
320 416 553
375 457 1235
87 457 948
77 457 701
307 457 553
94 457 169
375 67 1280
87 67 905
94 67 1291
307 67 1
320 67 1
307 3 432
375 3 300
87 254 909
320 254 501
94 254 351
77 47 1299
87 47 431
407 375 1287
311 375 799
250 94 829
170 94 1182
251 94 583
175 94 12
112 87 1080
251 87 324
407 87 75
311 87 31
407 77 38
175 307 1224
170 307 994
311 307 939
250 307 886
112 307 388
251 307 332
407 307 217
112 320 898
175 320 848
170 320 702
311 320 524
251 320 438
298 175 811
266 175 331
208 175 329
362 175 218
140 407 1300
208 407 1285
298 407 762
362 407 669
266 407 367
298 170 1226
208 170 747
266 170 330
362 112 2
140 311 1143
208 311 1143
298 251 795
362 250 1126
208 250 527
298 250 228
266 250 202
138 208 378
374 208 317
138 140 253
138 219 878
377 219 675
374 298 804
355 298 405
374 266 1249
355 266 412
374 362 345
355 362 345
101 377 800
134 336 1279
101 336 1248
101 355 1067
68 138 1058
134 138 650
101 374 883
134 403 717
