242
283 126 723
0 126 12
724 126 935
762 126 7
223 126 1041
283 393 532
744 393 506
665 393 533
0 393 150
724 393 1042
762 393 503
223 393 541
283 422 483
744 422 1109
665 422 322
0 422 147
724 422 1042
762 422 438
223 422 483
283 464 433
744 464 247
665 464 393
0 464 461
724 464 468
762 464 597
223 464 433
283 478 629
744 478 247
0 478 684
724 478 1042
762 478 438
223 478 590
283 487 115
744 487 1109
665 487 592
0 487 693
724 487 857
762 487 334
223 487 155
283 525 532
744 525 261
665 525 592
0 525 150
724 525 1042
762 525 438
223 525 541
283 540 141
744 540 506
665 540 215
0 540 693
724 540 1042
762 540 438
223 540 342
283 599 532
744 599 261
665 599 234
0 599 693
724 599 680
762 599 663
223 599 541
283 625 532
744 625 261
665 625 592
0 625 155
724 625 1042
762 625 438
223 625 541
283 631 629
744 631 559
665 631 394
0 631 298
724 631 559
762 631 393
223 631 590
283 657 375
744 657 645
665 657 585
724 657 1042
762 657 494
223 657 375
283 662 532
744 662 502
665 662 351
0 662 156
724 662 643
762 662 545
223 662 541
283 667 415
744 667 322
665 667 592
0 667 693
724 667 482
762 667 485
223 667 316
283 748 532
744 748 529
665 748 419
0 748 207
724 748 1042
762 748 604
223 748 541
283 824 305
744 824 358
665 824 646
0 824 606
724 824 213
762 824 755
223 824 259
744 839 593
665 839 919
0 839 393
762 839 393
755 283 1221
719 283 848
823 283 575
305 283 528
681 283 478
738 283 370
821 283 283
823 744 445
755 744 7
823 665 967
681 665 954
738 665 483
821 665 478
719 665 450
755 665 146
719 0 682
823 0 668
305 0 99
755 0 19
719 724 259
823 724 559
305 724 724
821 724 46
823 762 10
821 223 1294
823 223 115
87 719 712
229 719 963
87 823 98
229 823 26
87 305 1276
170 305 1145
177 305 849
32 305 513
229 305 469
463 305 175
87 755 283
170 755 51
177 755 22
87 821 497
170 821 512
229 821 8
87 738 369
229 738 23
463 681 1186
229 681 1071
177 681 564
87 681 342
375 229 797
403 229 556
403 177 556
375 170 734
403 170 556
375 87 207
403 87 13
375 463 1300
414 463 1299
390 463 1053
415 463 438
403 463 105
402 375 1211
297 375 600
398 375 547
436 375 405
416 375 405
416 403 1201
297 403 764
398 403 655
402 403 655
436 403 655
408 403 335
402 390 1215
416 390 1201
297 390 764
408 390 335
398 390 243
402 414 1151
398 414 983
436 414 956
416 414 763
297 414 420
408 414 335
402 415 1078
416 415 993
398 415 983
436 415 956
297 415 764
408 415 476
140 402 1300
208 402 1300
255 402 227
228 402 163
233 402 153
208 408 1206
140 408 1126
228 408 913
255 408 719
233 408 563
255 398 1074
140 398 1045
208 398 870
233 398 416
228 398 152
208 436 1155
140 436 1155
233 436 973
255 436 717
228 436 152
140 416 1045
233 416 1038
228 416 356
208 416 356
208 297 597
233 297 330
228 297 286
238 140 1139
168 140 126
168 208 1217
214 208 998
152 228 361
214 233 402
168 233 402
152 233 373
152 255 796
214 255 403
152 168 1300
76 152 1272
152 214 1300
76 214 752
152 238 1300
