281
137 36 1121
601 36 5
2 36 11
104 36 365
137 387 655
601 387 316
668 387 433
2 387 539
701 387 651
233 387 957
104 387 1160
137 430 781
601 430 316
668 430 217
2 430 781
701 430 651
233 430 890
104 430 890
137 480 974
601 480 316
668 480 433
2 480 927
701 480 238
233 480 916
104 480 916
137 573 738
601 573 316
668 573 433
2 573 539
701 573 204
233 573 957
104 573 1216
137 618 721
601 618 607
668 618 433
2 618 577
701 618 356
233 618 938
104 618 938
137 686 960
601 686 669
668 686 322
2 686 927
701 686 356
233 686 957
104 686 990
137 692 533
601 692 500
668 692 417
2 692 539
701 692 428
233 692 957
104 692 1210
137 702 263
601 702 342
668 702 187
2 702 539
701 702 651
233 702 957
104 702 1163
137 720 942
601 720 386
668 720 433
2 720 539
701 720 196
233 720 272
104 720 259
137 818 548
601 818 479
668 818 190
2 818 555
701 818 784
233 818 185
104 818 1110
137 826 468
601 826 269
668 826 168
2 826 277
701 826 601
233 826 407
104 826 726
137 854 468
601 854 774
2 854 202
701 854 341
233 854 407
104 854 708
137 869 766
601 869 738
668 869 190
2 869 784
701 869 601
233 869 185
104 869 839
137 878 310
601 878 767
668 878 190
2 878 555
701 878 784
104 878 708
601 301 116
233 301 168
104 301 40
601 840 774
668 840 190
2 840 555
701 840 784
233 840 215
104 840 933
601 866 774
668 866 190
2 866 555
701 866 733
233 866 215
104 866 1115
668 194 645
2 194 17
668 846 168
2 846 555
701 846 784
233 846 215
104 846 726
701 50 21
104 50 906
769 137 1143
691 137 34
626 137 4
626 601 997
691 601 875
611 601 817
646 601 579
769 601 447
691 668 875
769 668 822
611 668 817
646 668 641
626 668 399
769 2 1238
611 701 817
626 701 803
691 701 768
646 701 601
769 701 282
646 233 355
769 233 10
769 104 567
691 104 30
293 769 1228
458 769 12
1 769 3
411 691 889
41 691 869
293 691 798
483 691 778
458 691 561
463 691 561
1 691 248
463 646 1159
483 646 1107
41 646 1103
411 646 889
458 646 877
293 646 798
463 626 1159
483 626 1107
41 626 1103
458 626 877
411 626 631
293 626 603
463 611 1159
483 611 1107
458 611 877
41 611 497
293 611 268
411 611 201
129 1 561
333 458 922
139 458 762
375 458 632
264 458 452
50 458 404
300 458 359
333 411 922
139 411 656
50 411 651
129 411 622
264 411 452
300 411 359
333 483 815
139 483 952
300 483 268
264 483 7
375 41 78
415 41 5
50 293 1013
139 293 525
375 293 388
129 293 388
333 293 260
375 463 1296
333 463 922
139 463 656
264 463 452
50 463 404
415 463 387
300 463 359
408 300 1199
364 300 756
307 300 671
441 300 452
411 300 368
208 300 233
408 333 995
307 333 430
364 333 401
411 333 368
441 333 226
208 50 139
411 50 242
408 50 42
364 50 20
441 50 1
307 129 698
364 129 654
411 129 652
441 129 607
408 129 447
441 139 919
364 139 900
411 139 785
408 139 642
307 139 339
411 264 605
208 264 421
364 264 401
441 375 635
364 375 274
408 415 1141
208 415 474
441 415 287
307 415 267
411 415 188
264 208 856
267 208 856
360 208 560
391 208 469
208 208 315
391 411 688
208 411 647
267 411 355
264 364 876
391 364 727
208 364 315
267 364 254
391 441 688
208 441 647
360 441 449
264 307 876
391 307 684
360 307 552
208 307 537
267 307 408
208 408 1081
267 408 355
391 408 334
214 208 1159
374 208 349
326 208 322
389 264 1211
336 264 348
326 360 968
214 360 299
389 391 877
389 267 898
326 267 666
101 389 721
101 336 1293
101 355 1162
101 374 971
101 214 688
101 326 1296
