303
317 432 785
665 432 295
457 432 319
639 432 596
636 432 373
617 432 439
637 432 377
658 432 607
317 514 727
665 514 731
457 514 820
639 514 449
636 514 192
617 514 439
637 514 290
658 514 477
317 518 785
665 518 731
457 518 741
639 518 259
636 518 373
637 518 331
658 518 477
317 530 785
665 530 633
457 530 612
639 530 187
636 530 304
617 530 425
637 530 331
658 530 511
317 622 785
665 622 271
457 622 737
639 622 495
636 622 363
617 622 173
637 622 331
658 622 303
317 629 785
665 629 477
457 629 456
639 629 262
636 629 304
617 629 287
637 629 331
658 629 477
317 664 785
665 664 206
457 664 633
639 664 596
636 664 441
617 664 439
637 664 331
658 664 303
317 675 785
665 675 696
457 675 157
639 675 618
636 675 373
617 675 439
637 675 331
658 675 477
317 685 661
665 685 661
457 685 196
639 685 322
636 685 251
617 685 322
637 685 230
658 685 657
317 699 785
665 699 731
457 699 918
639 699 185
636 699 353
637 699 331
658 699 477
317 745 282
665 745 264
636 745 472
617 745 425
637 745 403
658 745 588
317 773 959
457 773 221
636 773 786
617 773 494
637 773 454
658 773 669
317 816 842
665 816 180
457 816 795
639 816 213
636 816 611
617 816 759
637 816 131
658 816 669
317 832 657
665 832 506
457 832 127
639 832 213
636 832 503
617 832 342
637 832 933
658 832 228
317 838 473
665 838 506
457 838 221
639 838 213
636 838 514
617 838 561
637 838 515
658 838 367
317 1002 23
665 1002 91
457 1002 6
636 1002 1
658 1002 137
801 317 936
764 317 936
769 317 805
815 317 683
781 317 647
815 665 744
781 665 470
801 665 372
611 665 330
764 665 286
769 665 149
815 457 1178
781 457 1157
769 457 606
633 457 590
764 457 337
611 457 323
801 457 289
801 639 1195
815 639 852
764 639 636
781 639 607
769 639 404
611 639 207
633 639 124
815 636 761
801 636 761
764 636 636
769 636 578
611 636 389
781 636 370
801 617 1195
815 617 852
764 617 636
611 617 330
769 617 206
815 637 959
781 637 891
801 637 738
764 637 520
801 658 1218
815 658 1209
781 658 891
764 658 366
611 658 284
244 633 1230
1 633 783
135 633 651
483 633 293
463 633 213
463 764 53
244 764 99
135 815 1189
1 815 1
244 815 14
156 815 2
463 815 1
1 769 5
135 769 42
244 801 1167
135 801 65
135 781 206
483 781 55
156 781 1
463 611 1216
41 611 819
483 611 782
135 611 707
94 1 831
129 1 615
94 156 1253
129 156 727
367 156 569
375 156 376
361 156 339
130 156 295
361 135 1122
94 135 760
130 135 730
367 135 593
375 135 593
94 483 36
94 244 935
130 244 730
367 244 569
361 244 530
375 244 477
375 41 91
415 41 12
375 463 1292
415 463 508
361 463 377
94 463 266
367 463 157
170 94 984
307 94 39
250 94 670
175 94 5
365 129 616
175 129 584
307 129 515
442 129 323
407 129 276
408 129 258
170 367 572
250 367 504
365 367 368
175 367 318
407 375 1296
442 375 1287
170 375 245
407 361 510
442 361 323
170 361 309
250 361 309
307 130 628
175 130 584
365 130 411
170 130 409
250 130 409
408 130 258
408 415 857
407 415 667
365 415 421
208 407 1299
360 407 680
298 407 567
208 442 1297
298 442 882
360 442 430
289 365 861
298 365 722
208 365 585
360 365 523
411 365 454
428 365 454
298 170 1252
428 170 1058
360 170 523
208 170 452
208 307 852
411 307 619
289 307 450
360 307 390
208 408 1207
298 408 758
428 250 1058
360 250 523
289 250 348
298 250 314
411 250 291
289 175 947
411 175 871
298 175 780
208 175 613
408 208 1201
326 208 333
326 360 1029
408 298 243
326 298 243
341 428 1227
382 428 1075
336 428 856
326 428 332
341 411 1191
382 411 1075
336 411 856
326 411 318
408 289 1156
326 289 754
336 289 396
341 289 366
382 289 366
101 382 1142
96 382 844
101 336 1285
133 336 1269
101 326 1298
133 326 538
101 408 1297
133 408 1004
96 408 844
96 341 1206
101 341 761
