129
495 121 447
391 121 720
495 149 680
512 149 653
391 149 42
768 149 1289
495 231 847
512 231 1097
391 231 148
768 231 1
495 520 956
512 520 480
391 520 480
768 520 1255
495 568 534
512 568 857
391 568 540
768 568 935
495 674 1158
512 674 1208
391 674 579
768 674 1088
495 730 787
512 730 471
391 730 471
768 730 838
512 69 774
391 69 70
768 69 45
512 166 1260
391 166 153
768 166 890
512 175 1170
768 175 1268
512 314 1258
391 314 919
768 314 1
512 371 985
391 371 1079
768 371 614
585 495 911
597 495 726
611 495 508
643 495 438
627 495 339
779 495 232
643 512 1187
585 512 911
597 512 690
779 512 624
611 512 608
627 512 340
597 391 774
585 391 561
779 391 487
611 391 487
627 391 339
643 391 317
627 768 175
585 768 79
779 768 721
428 597 1036
483 597 520
246 597 358
431 597 196
431 643 562
483 643 520
428 643 490
483 627 605
431 627 196
483 611 1176
428 611 624
221 611 318
431 611 196
246 611 102
483 779 989
428 585 954
431 585 826
483 585 520
325 246 723
76 246 601
300 246 352
300 221 652
172 221 465
76 221 430
325 221 346
325 483 896
300 483 859
172 483 678
325 428 1240
172 428 937
325 431 1163
172 431 775
300 431 648
408 300 1252
297 300 1165
355 300 1062
307 300 784
355 76 990
297 172 1056
307 172 784
307 325 953
408 325 854
355 325 854
264 307 1062
303 307 1005
202 307 874
310 307 596
310 408 784
202 408 312
303 297 973
264 297 680
202 297 466
310 297 366
264 355 1024
303 355 973
202 355 768
310 355 689
206 202 895
140 202 891
140 303 603
206 303 603
206 310 1108
140 310 604
206 264 895
140 264 891
179 140 1294
84 305 1299
179 206 790
