282
146 405 148
596 405 457
806 405 1108
655 405 219
719 405 836
159 405 320
146 462 965
596 462 410
806 462 995
655 462 280
468 462 155
719 462 990
159 462 230
146 504 366
596 504 586
806 504 908
657 504 134
655 504 175
468 504 661
719 504 836
159 504 311
146 608 489
596 608 514
806 608 844
655 608 384
468 608 514
719 608 836
159 608 152
146 732 518
596 732 476
806 732 1108
655 732 348
468 732 348
719 732 836
159 732 663
146 772 191
596 772 795
806 772 824
657 772 769
655 772 447
719 772 339
159 772 694
146 798 450
596 798 683
806 798 845
657 798 769
655 798 369
719 798 339
159 798 694
146 812 290
596 812 785
806 812 340
657 812 769
655 812 369
719 812 339
146 820 134
596 820 785
806 820 845
657 820 383
655 820 369
468 820 701
719 820 512
159 820 134
146 853 656
596 853 733
657 853 236
655 853 348
468 853 753
719 853 324
159 853 694
146 883 372
596 883 800
806 883 824
657 883 204
655 883 447
468 883 305
719 883 304
159 883 170
146 892 141
596 892 847
806 892 276
657 892 769
655 892 378
468 892 305
719 892 339
159 892 694
596 771 795
806 771 845
657 771 769
655 771 447
468 771 341
719 771 339
159 771 694
596 806 847
806 806 824
657 806 204
655 806 447
468 806 305
596 845 847
806 845 304
657 845 286
655 845 392
468 845 304
719 845 124
159 845 317
695 146 32
631 596 1153
801 596 1066
656 596 830
695 596 830
772 596 762
796 596 341
801 806 1129
631 806 84
695 806 113
796 806 7
801 657 901
631 657 818
695 657 713
656 657 713
772 657 418
796 657 180
656 655 885
695 655 836
631 655 574
772 655 370
796 655 341
801 655 247
656 468 723
796 468 582
801 468 473
695 468 428
772 468 397
772 719 382
772 159 762
796 159 205
3 656 1007
416 656 822
257 656 557
463 656 336
69 656 283
457 656 179
457 796 43
416 695 1212
457 695 1040
3 695 1007
463 695 607
257 695 557
69 695 221
54 801 1074
457 801 201
463 631 1283
416 631 870
457 631 541
257 772 1119
69 772 104
463 637 1291
416 637 1028
3 637 818
457 637 541
69 637 283
375 416 1116
217 416 293
320 416 277
94 54 961
76 54 86
375 457 1240
77 457 598
217 457 293
415 457 138
368 3 902
375 3 410
76 69 1026
368 69 42
77 257 1025
217 257 588
375 257 502
368 257 491
320 257 277
375 463 1300
77 463 861
415 463 396
320 463 337
94 463 191
407 375 1282
442 375 1259
447 375 942
402 375 883
407 368 677
447 368 677
402 368 677
442 368 677
251 368 270
251 94 594
170 94 998
250 94 609
175 94 23
402 77 270
407 77 31
442 77 40
175 217 731
170 217 480
251 217 389
402 415 740
407 415 709
442 415 356
251 415 314
175 320 731
170 320 480
251 320 389
273 442 1295
208 442 1295
206 442 1036
298 442 936
266 442 304
273 447 1300
208 447 1295
206 447 1071
298 447 834
266 447 304
298 175 686
208 175 605
266 175 267
273 407 1300
208 407 1295
298 407 814
206 407 695
266 407 304
298 170 1216
432 170 1088
208 170 681
273 170 466
266 170 242
273 402 1300
208 402 1295
206 402 1268
298 402 936
266 402 304
298 251 542
273 251 243
432 251 243
432 250 1088
208 250 489
273 250 466
206 250 233
266 250 233
214 208 1127
388 208 824
340 208 270
330 208 270
214 273 1127
355 273 327
368 298 728
355 298 327
340 298 188
355 432 982
368 432 914
336 432 819
330 432 415
214 432 415
214 266 479
355 266 342
388 206 1135
368 206 728
69 377 941
101 377 786
69 355 1293
101 355 1060
134 336 1293
101 336 1248
69 336 1238
134 368 1293
101 368 948
69 330 1116
101 330 911
134 330 814
134 214 1195
101 214 523
134 388 1093
101 388 889
69 388 671
134 340 795
