266
601 44 737
665 44 852
601 54 303
731 54 975
601 356 208
731 356 912
360 356 6
601 408 583
731 408 849
665 408 472
511 408 511
360 408 292
601 520 583
731 520 1206
665 520 490
511 520 348
365 520 387
360 520 537
601 531 586
731 531 658
665 531 312
511 531 398
365 531 317
360 531 326
601 532 441
731 532 1215
665 532 607
365 532 520
360 532 538
601 621 583
731 621 1120
665 621 472
511 621 348
365 621 366
360 621 366
601 682 586
731 682 1215
665 682 326
511 682 131
365 682 459
360 682 357
601 732 426
731 732 1203
665 732 426
511 732 305
365 732 464
360 732 422
601 780 621
731 780 456
665 780 826
511 780 196
365 780 402
360 780 150
601 782 421
731 782 421
665 782 520
511 782 171
365 782 641
360 782 410
601 831 428
731 831 336
665 831 291
511 831 267
365 831 457
360 831 569
601 840 479
731 840 303
665 840 384
511 840 469
365 840 402
360 840 328
601 853 428
665 853 504
511 853 387
365 853 641
360 853 502
601 871 428
731 871 303
665 871 523
511 871 467
365 871 811
360 871 491
601 883 279
731 883 773
665 883 523
511 883 267
365 883 457
360 883 410
601 891 428
731 891 389
665 891 537
511 891 196
365 891 494
360 891 145
731 9 1044
665 9 1
731 177 802
511 177 110
365 177 138
360 177 499
731 865 702
665 865 585
511 865 374
365 865 641
360 865 378
665 924 895
365 924 402
718 601 1132
715 601 927
691 601 749
790 601 703
765 601 605
608 601 394
608 731 229
790 731 759
765 731 631
691 731 36
718 665 1132
790 665 703
691 665 616
608 665 531
715 665 245
765 665 190
718 511 868
790 511 595
765 511 421
715 511 361
691 511 351
608 511 212
715 365 805
790 365 644
765 365 586
608 365 549
691 365 403
718 360 922
765 360 643
790 360 588
715 360 479
691 360 269
608 360 210
227 718 1087
350 718 577
458 718 362
463 718 2
458 715 654
227 715 195
499 715 108
303 765 431
499 765 681
354 765 1037
227 765 58
458 765 9
354 608 733
499 608 614
463 608 415
458 608 344
350 608 276
350 790 693
354 790 1016
139 790 515
458 790 281
227 691 910
350 691 796
458 691 462
354 691 349
463 691 268
303 691 178
499 691 161
333 354 797
368 354 667
375 354 665
16 354 487
375 350 1000
16 350 976
333 350 448
368 350 262
368 458 982
16 458 803
333 458 728
264 458 597
375 458 215
333 499 456
264 499 605
16 303 832
333 303 791
368 303 679
375 303 232
368 227 679
16 227 436
264 227 335
375 227 280
16 139 855
333 139 797
375 139 665
368 139 621
375 463 1296
333 463 728
264 463 597
415 463 313
364 16 716
405 16 645
411 16 132
407 16 9
405 333 1200
408 333 752
411 333 725
364 333 535
411 368 955
405 368 386
407 368 307
411 264 891
405 264 571
364 264 535
407 375 1275
416 375 733
436 375 733
411 375 448
405 375 386
364 375 363
408 415 1065
436 415 706
407 415 692
416 415 604
405 415 522
411 415 386
364 415 317
391 364 644
298 364 394
168 364 337
208 364 272
391 411 608
298 411 577
208 411 469
208 407 1290
298 407 813
391 407 495
298 405 894
391 405 608
208 405 441
208 408 996
298 408 894
298 436 894
208 436 643
391 436 254
208 416 368
391 416 258
298 416 254
388 208 993
342 208 993
340 208 286
330 208 286
330 391 432
343 298 297
388 168 1150
340 168 1140
342 168 490
330 168 500
69 343 1114
134 342 1300
69 342 1004
69 330 1151
134 330 880
69 349 1004
134 349 880
134 340 851
134 388 1180
