200
59 476 117
513 476 246
149 476 182
607 476 726
781 476 771
655 476 765
59 776 246
513 776 198
149 776 339
607 776 280
781 776 527
655 776 686
59 778 246
513 778 173
149 778 613
607 778 343
781 778 527
655 778 686
59 813 246
513 813 580
149 813 232
607 813 386
781 813 590
655 813 684
59 815 345
513 815 396
149 815 339
607 815 293
781 815 527
655 815 686
59 825 345
513 825 396
149 825 384
607 825 384
781 825 605
655 825 546
59 828 246
513 828 97
149 828 339
607 828 506
781 828 527
655 828 686
59 853 345
513 853 410
149 853 339
607 853 271
781 853 437
655 853 684
59 854 345
513 854 396
149 854 339
607 854 703
781 854 527
655 854 686
59 864 246
513 864 173
149 864 602
607 864 602
781 864 527
655 864 686
59 870 246
513 870 174
149 870 610
607 870 647
655 870 684
59 882 246
513 882 265
149 882 339
607 882 116
781 882 755
655 882 686
149 879 706
607 879 951
781 879 435
655 879 435
668 59 207
605 59 650
79 513 836
668 513 808
605 513 630
600 513 477
588 513 397
801 513 300
79 149 792
600 149 136
668 607 680
588 607 586
605 607 541
801 607 511
600 607 511
79 607 258
588 781 15
801 655 743
600 655 740
588 655 557
605 655 540
668 655 344
79 655 258
35 668 551
469 668 482
322 668 468
364 668 468
469 588 863
481 588 855
322 588 353
364 588 231
469 600 959
322 600 715
364 600 327
35 600 153
322 79 899
364 79 1118
469 79 238
1 79 85
481 79 5
481 801 967
35 605 1032
469 605 863
1 605 596
481 605 404
364 605 294
322 605 235
87 1 225
78 481 146
87 481 37
192 469 122
412 469 391
39 364 948
412 364 825
87 364 469
78 364 318
87 35 5
39 322 948
412 322 825
87 322 469
78 322 285
100 78 723
320 192 1094
365 192 448
100 192 437
170 192 332
250 192 296
320 87 5
100 39 47
309 402 612
365 402 343
320 402 126
320 412 366
250 412 264
365 412 230
309 415 628
365 415 436
168 100 293
362 100 29
362 365 834
298 365 714
415 365 629
168 365 503
298 170 1126
168 170 960
415 170 209
358 170 155
362 250 1063
168 250 945
358 250 640
415 250 525
362 309 953
298 309 492
415 309 341
168 309 230
298 320 730
415 320 629
168 320 592
362 320 502
358 320 260
340 415 1105
388 415 1101
324 415 1084
344 358 867
379 358 502
340 358 495
363 358 398
344 298 746
379 298 634
340 298 257
388 298 257
344 362 802
340 362 557
340 168 1079
324 168 1029
388 168 1075
344 168 28
133 363 1129
96 363 732
133 344 870
133 324 890
96 324 732
133 340 1136
96 388 732
133 379 870
