190
486 341 1
219 341 709
704 341 1254
132 341 63
235 341 41
486 394 298
219 394 811
704 394 1187
132 394 949
235 394 1056
486 464 630
219 464 489
704 464 537
132 464 291
235 464 470
486 501 501
219 501 819
704 501 945
132 501 945
235 501 1116
486 585 545
219 585 819
704 585 857
132 585 651
235 585 1097
486 681 288
219 681 267
704 681 1072
132 681 949
235 681 738
486 693 501
219 693 765
704 693 1256
132 693 949
235 693 765
486 699 159
219 699 707
704 699 1083
132 699 890
235 699 738
486 916 4
219 916 992
235 916 779
219 288 352
704 288 1275
219 776 187
704 776 1071
132 776 227
235 776 702
219 873 327
704 873 1172
132 873 192
235 873 702
805 486 839
19 486 648
322 486 648
785 486 366
611 486 275
626 486 236
785 219 810
322 219 537
322 704 528
611 704 79
626 704 31
805 704 5
19 132 978
322 132 812
805 235 1046
785 235 1051
626 235 125
19 235 23
138 19 1270
93 19 57
93 805 1105
138 805 573
93 785 1290
432 626 1004
483 626 841
458 626 717
93 626 460
138 322 562
483 322 493
126 322 423
93 322 313
458 322 163
432 611 1004
483 611 841
458 611 717
504 458 1008
333 458 784
139 458 584
264 458 570
39 458 380
375 458 294
504 432 1008
375 432 786
333 432 784
39 432 755
139 432 584
264 432 570
333 483 726
139 483 828
264 483 23
504 93 746
139 93 79
39 93 1
504 126 965
333 126 622
264 126 452
375 126 424
39 126 396
375 138 1037
333 138 622
264 138 571
504 138 382
405 333 871
408 333 768
193 333 498
100 333 485
411 333 415
364 333 322
364 139 694
411 139 641
408 139 462
193 139 440
405 139 424
100 139 424
411 264 524
193 264 498
405 264 365
364 264 322
100 264 269
17 375 386
411 375 260
100 504 1054
411 504 364
17 39 1296
100 39 29
408 415 953
405 415 327
411 415 193
168 100 209
391 364 655
402 364 588
437 364 485
168 364 333
208 364 299
391 411 648
208 411 595
437 411 467
267 411 405
391 405 648
208 405 595
267 405 405
437 405 277
208 408 914
402 408 749
267 408 405
437 17 299
168 17 1296
267 17 66
168 193 1138
437 193 1121
267 193 612
391 193 349
208 193 212
388 208 979
340 208 423
343 402 514
340 402 514
379 402 512
388 402 395
388 437 1141
340 437 1057
349 437 680
343 437 674
348 391 602
379 391 496
348 267 1140
379 267 496
340 168 1139
388 168 1169
69 343 913
69 349 812
134 388 1173
69 388 760
134 340 973
152 348 1285
69 348 913
134 379 1173
