181
777 52 15
57 52 1
27 52 1215
777 423 1078
57 423 1261
27 423 1011
555 423 394
777 437 965
57 437 682
27 437 1077
555 437 774
777 439 1078
57 439 1261
27 439 976
555 439 708
777 512 1078
57 512 1239
27 512 1077
555 512 774
777 525 635
57 525 449
27 525 635
555 525 388
777 545 1078
57 545 1253
27 545 976
555 545 619
777 570 965
57 570 682
27 570 1077
555 570 774
777 625 817
57 625 817
27 625 817
777 632 965
57 632 883
27 632 1060
555 632 774
777 644 1078
57 644 1218
27 644 976
555 644 325
777 657 1078
57 657 1140
27 657 1077
555 657 774
777 703 599
57 703 490
27 703 354
555 703 326
777 748 1078
57 748 1231
27 748 976
555 748 495
777 903 233
57 903 870
27 903 330
136 777 1106
135 777 999
484 777 125
686 777 1
136 57 1202
135 57 147
686 57 12
484 27 1192
135 27 905
136 27 1251
805 27 253
686 27 1
805 555 975
686 555 532
136 555 414
484 555 203
135 555 109
292 484 1076
121 484 1058
229 484 890
32 484 875
229 136 1283
292 136 1177
121 136 1258
32 136 47
121 135 494
292 135 1039
32 135 1241
121 805 946
292 805 1184
32 805 2
292 686 566
121 686 458
32 686 367
353 32 1135
209 32 39
353 229 1103
4 229 1037
209 229 572
403 229 564
375 229 541
4 292 1037
353 292 976
403 292 564
209 292 278
353 121 1103
4 121 948
403 121 564
209 121 515
375 121 226
436 353 722
232 353 711
398 353 572
416 403 1227
412 403 1197
232 403 902
398 403 787
436 403 500
408 403 272
232 4 12
408 4 1
232 209 572
398 375 633
436 375 572
416 375 572
232 375 445
412 375 359
416 390 1227
412 390 1197
232 390 959
398 390 441
408 390 272
436 414 1121
398 414 1055
416 414 808
232 414 738
412 414 450
408 414 272
208 408 956
298 408 813
402 408 755
267 408 400
168 232 929
298 232 517
402 232 391
168 377 1278
298 377 360
402 377 235
208 398 477
402 398 301
267 398 210
168 398 187
298 436 885
208 436 830
267 436 400
208 416 507
402 416 258
298 416 238
298 412 885
267 412 400
208 412 251
168 412 175
379 402 714
340 402 643
343 402 643
330 402 440
349 402 440
330 208 474
340 208 474
379 298 746
343 298 443
340 298 377
330 298 377
330 168 558
340 168 1065
379 267 461
69 343 1029
146 343 1010
146 330 1290
69 330 1074
69 349 999
150 379 1294
146 340 1290
150 340 1031
