393
685 407 493
464 407 546
300 407 421
638 407 307
657 407 255
667 407 413
22 407 421
719 407 859
685 508 493
464 508 546
300 508 386
638 508 238
657 508 297
667 508 413
22 508 286
266 508 192
719 508 859
685 589 493
464 589 546
300 589 319
638 589 152
657 589 283
667 589 468
22 589 170
266 589 262
719 589 851
685 599 493
464 599 533
300 599 203
638 599 344
657 599 199
667 599 413
22 599 469
266 599 602
719 599 533
685 609 493
464 609 546
300 609 399
638 609 229
657 609 199
667 609 413
22 609 374
266 609 484
719 609 859
685 677 493
464 677 581
300 677 643
638 677 363
657 677 322
667 677 509
22 677 148
266 677 361
719 677 859
685 707 493
464 707 546
300 707 282
638 707 158
657 707 285
667 707 413
22 707 170
266 707 565
719 707 859
685 723 493
464 723 581
300 723 235
638 723 252
657 723 283
667 723 509
22 723 167
266 723 247
719 723 859
685 729 493
464 729 546
300 729 184
638 729 202
657 729 322
667 729 413
22 729 184
266 729 222
719 729 859
685 756 493
464 756 546
300 756 282
638 756 256
657 756 340
667 756 413
22 756 148
266 756 527
719 756 859
685 771 299
464 771 508
638 771 405
657 771 441
667 771 382
22 771 133
266 771 409
719 771 155
685 776 286
464 776 310
638 776 635
667 776 245
22 776 680
266 776 334
685 782 286
464 782 310
300 782 179
638 782 462
657 782 245
667 782 200
22 782 680
266 782 501
719 782 246
685 796 286
464 796 508
638 796 490
657 796 277
667 796 382
22 796 680
266 796 226
685 820 217
638 820 252
657 820 252
667 820 266
22 820 394
266 820 425
719 820 257
685 859 360
464 859 310
638 859 462
657 859 226
667 859 271
22 859 313
266 859 334
719 859 267
685 873 286
464 873 310
667 873 271
22 873 680
266 873 334
719 873 125
685 881 299
464 881 310
300 881 117
638 881 257
657 881 512
667 881 266
22 881 680
266 881 425
719 881 155
685 986 432
300 986 18
266 986 71
464 204 297
300 204 53
638 204 98
667 204 77
464 824 508
638 824 252
657 824 234
667 824 382
22 824 378
266 824 370
719 824 267
464 884 798
638 884 206
657 884 250
667 884 271
22 884 394
266 884 425
719 884 125
677 685 711
71 685 680
581 685 618
579 685 613
790 685 296
658 685 192
636 685 192
723 685 157
636 464 432
677 464 432
790 464 432
283 464 418
71 464 418
723 464 267
579 464 228
581 464 179
658 464 169
790 300 840
71 300 818
677 300 753
579 300 598
283 300 538
723 300 492
636 300 488
658 300 402
581 300 255
677 638 711
71 638 680
581 638 618
636 638 592
658 638 548
723 638 370
579 638 355
790 638 265
579 657 488
581 657 486
723 657 458
636 657 391
283 657 313
658 657 278
790 657 219
71 657 140
723 667 858
579 667 747
677 667 711
71 667 680
581 667 618
636 667 428
658 667 283
790 667 144
71 22 948
283 22 26
677 22 4
677 266 587
723 266 427
636 266 421
658 266 402
71 266 396
283 266 317
579 266 297
283 719 411
71 719 284
636 719 446
658 719 186
581 719 10
414 579 928
297 579 924
322 579 504
1 579 496
35 579 314
1 71 11
414 71 3
297 636 924
1 636 763
414 636 571
463 636 432
322 636 422
297 283 879
463 283 667
321 283 487
35 283 248
321 790 666
35 790 31
414 790 1
297 723 201
1 723 103
35 723 1
414 658 928
322 658 542
35 658 314
297 658 297
463 658 141
35 581 1048
414 581 928
297 581 924
1 581 645
463 581 480
322 581 422
414 677 1011
297 677 924
322 677 542
35 677 314
1 677 134
87 1 191
87 35 7
39 322 1147
412 322 708
390 322 300
414 322 292
39 297 505
375 297 371
412 297 230
375 321 380
390 321 367
415 321 367
39 321 259
87 321 232
375 414 1223
414 414 1223
415 414 997
390 414 997
39 414 881
87 414 567
412 414 527
402 414 400
375 463 1297
414 463 1278
390 463 951
415 463 593
412 463 332
39 463 294
402 463 228
87 463 194
407 375 1277
416 375 780
17 375 686
436 375 623
385 375 463
408 375 262
407 87 134
17 39 1286
385 39 36
416 402 634
385 402 591
408 402 570
377 402 509
407 402 291
17 402 241
407 390 1199
416 390 1173
385 390 933
408 390 480
17 390 149
385 412 1080
408 412 881
436 412 875
17 412 543
407 412 390
416 412 305
385 415 933
408 415 893
407 415 844
416 415 650
436 415 588
436 414 1086
416 414 765
407 414 655
385 414 655
408 414 329
208 407 1277
298 407 795
436 407 230
437 407 230
298 408 927
208 408 856
208 385 1187
298 385 383
437 17 256
168 17 1290
436 17 490
298 17 8
298 436 937
208 436 643
168 377 1272
437 377 309
208 416 402
298 416 316
168 416 296
437 416 232
388 208 1089
342 208 1089
340 208 409
330 208 409
388 436 1203
330 436 1136
349 436 614
340 436 602
342 436 326
388 437 1168
342 437 1141
340 437 1141
330 437 1074
349 437 614
342 298 254
340 298 244
330 298 244
342 168 539
388 168 1145
340 168 1106
330 168 566
69 330 1130
134 330 759
95 330 747
134 342 1299
95 342 1048
69 342 952
69 349 952
95 349 837
134 349 759
134 340 782
95 388 1225
134 388 1119
69 388 649
