382
601 109 405
683 109 241
787 109 179
338 109 184
463 109 14
147 109 238
601 132 284
224 132 201
799 132 56
463 132 666
147 132 158
601 154 367
338 154 300
601 456 320
802 456 459
683 456 151
42 456 362
224 456 209
787 456 700
799 456 691
338 456 341
463 456 489
147 456 740
601 473 390
802 473 459
683 473 459
42 473 362
224 473 459
787 473 644
799 473 307
338 473 341
147 473 644
601 478 429
802 478 419
683 478 337
42 478 631
224 478 199
787 478 570
799 478 278
463 478 156
147 478 555
601 523 310
802 523 453
683 523 196
224 523 209
787 523 510
799 523 331
338 523 313
463 523 165
147 523 461
601 545 390
802 545 459
683 545 459
42 545 362
224 545 459
787 545 510
799 545 380
338 545 341
463 545 165
147 545 294
601 583 429
802 583 487
683 583 186
42 583 579
224 583 259
787 583 700
799 583 436
463 583 436
147 583 740
601 585 268
802 585 459
683 585 146
42 585 362
224 585 252
787 585 700
799 585 307
338 585 341
463 585 165
147 585 740
601 622 373
802 622 453
683 622 196
42 622 631
787 622 570
799 622 429
338 622 501
463 622 429
147 622 555
601 720 373
802 720 487
683 720 214
42 720 631
224 720 298
787 720 700
799 720 307
338 720 335
463 720 147
147 720 740
601 740 373
802 740 286
683 740 233
42 740 631
224 740 233
787 740 570
799 740 667
338 740 237
463 740 489
147 740 555
601 776 237
802 776 415
683 776 247
42 776 113
224 776 267
787 776 463
338 776 222
147 776 534
601 811 273
802 811 171
683 811 171
42 811 673
224 811 550
799 811 188
338 811 429
147 811 605
601 821 364
683 821 322
42 821 673
224 821 608
338 821 472
463 821 356
147 821 553
601 824 464
802 824 193
42 824 531
224 824 260
787 824 193
799 824 188
338 824 264
147 824 605
601 887 171
802 887 150
683 887 338
42 887 1031
224 887 550
787 887 463
799 887 299
147 887 622
601 967 115
42 967 21
224 967 939
787 967 70
338 967 381
147 967 201
601 977 369
683 977 4
42 977 417
787 977 28
338 977 276
463 977 4
601 987 3
802 987 657
683 987 27
42 987 986
224 987 66
147 987 245
683 194 3
224 194 162
683 317 1
224 317 742
799 317 156
338 317 278
463 317 2
147 317 346
224 276 275
787 276 36
338 276 397
463 276 76
718 601 671
691 601 534
827 601 505
611 601 435
741 601 404
736 601 185
632 601 185
827 802 941
632 802 301
736 683 641
741 683 549
719 683 549
718 683 458
691 683 441
632 683 435
611 683 406
827 42 1246
741 42 273
632 42 20
827 224 948
719 224 300
632 224 123
827 787 663
741 787 354
691 787 181
718 787 16
632 799 351
736 799 73
718 799 104
691 799 11
611 799 9
827 338 1183
719 338 1109
736 338 666
718 338 590
741 338 436
611 338 429
632 338 401
691 338 381
719 463 1109
736 463 731
718 463 590
827 463 583
741 463 553
611 463 324
632 463 296
691 463 227
827 147 1243
719 147 204
632 147 29
736 147 575
611 147 90
129 719 560
1 719 984
313 719 303
458 718 257
463 718 28
129 741 223
169 741 934
355 741 719
169 691 627
483 691 471
355 691 357
1 691 352
463 691 287
458 691 287
129 691 266
313 827 922
355 827 39
169 827 2
169 632 680
313 632 630
1 632 586
35 632 586
129 632 510
458 632 393
463 632 363
355 632 357
463 611 1138
483 611 787
458 611 557
35 611 286
129 611 286
169 611 259
355 611 259
129 736 263
35 736 807
355 736 503
169 736 192
87 1 187
413 1 17
78 458 569
333 458 552
87 458 547
412 458 480
16 458 471
375 458 313
413 458 308
413 355 839
78 355 379
375 129 872
78 129 379
16 129 353
333 129 353
87 129 258
412 483 332
16 483 294
333 483 467
413 483 80
78 483 16
375 169 959
78 169 384
16 169 240
413 313 839
78 313 485
412 313 429
87 35 11
375 463 1295
333 463 552
412 463 480
415 463 428
413 463 308
408 333 1007
364 333 334
411 333 320
100 333 270
364 16 422
377 16 22
411 16 54
100 16 5
411 78 254
100 78 663
408 78 54
385 78 3
411 87 4
408 413 1210
436 413 1148
416 413 932
385 413 213
377 413 175
416 375 669
436 375 639
385 375 323
408 375 299
408 412 962
385 412 942
436 412 878
411 412 500
416 412 221
408 415 1031
416 415 742
385 415 742
436 415 653
168 100 210
264 364 753
391 364 585
298 364 474
168 364 355
267 364 288
208 411 592
391 411 584
298 411 482
267 411 469
298 408 937
208 408 838
267 408 469
208 385 1213
298 385 280
298 436 937
208 436 588
267 436 469
208 416 482
298 416 280
391 416 225
168 377 1245
214 208 1135
330 208 383
348 208 290
389 391 890
346 391 638
348 391 638
389 264 1223
346 264 1170
348 264 1130
389 298 714
343 298 375
389 267 1103
348 267 1103
346 267 1103
330 168 486
69 343 1022
101 343 999
69 330 1094
101 330 1027
134 330 759
69 389 1051
101 346 1285
134 346 993
101 349 1285
69 349 923
134 349 759
134 214 1218
101 214 536
101 348 1185
69 348 1051
