229
728 14 763
728 427 150
107 427 452
763 427 330
145 427 927
769 427 1202
581 427 992
167 427 245
728 451 170
107 451 452
763 451 542
145 451 954
769 451 995
581 451 727
167 451 362
728 458 965
107 458 658
763 458 836
145 458 586
769 458 1083
581 458 493
167 458 295
728 489 615
107 489 615
763 489 828
145 489 807
769 489 1051
581 489 493
167 489 451
728 513 374
763 513 181
145 513 807
769 513 1150
581 513 870
167 513 374
728 559 383
107 559 452
763 559 741
145 559 954
769 559 1131
581 559 727
167 559 261
728 613 949
107 613 658
763 613 388
145 613 954
769 613 1056
581 613 727
167 613 295
728 781 337
107 781 457
145 781 378
769 781 991
581 781 468
167 781 145
728 785 733
763 785 275
145 785 158
769 785 1102
581 785 468
167 785 313
728 821 337
107 821 457
763 821 252
769 821 1259
581 821 468
167 821 541
728 822 337
107 822 457
763 822 275
145 822 572
769 822 951
581 822 468
167 822 541
145 266 132
769 266 1298
167 266 400
724 728 955
278 728 17
680 728 1
653 728 1
627 107 401
680 107 861
643 107 109
709 107 96
627 763 431
709 763 664
653 763 95
627 145 211
724 145 82
653 145 6
680 145 6
643 145 1
278 769 843
709 769 1102
724 769 111
680 769 18
627 769 20
643 581 1208
627 581 1081
709 581 1063
653 581 1027
680 581 611
724 581 353
278 167 1
122 709 1280
122 643 1204
462 643 1196
284 643 1022
3 643 970
310 643 673
507 643 521
122 724 474
3 724 47
284 724 1138
190 724 190
310 724 11
122 627 1204
3 627 1194
284 627 1022
310 627 655
462 627 626
507 627 323
190 627 166
3 278 955
507 278 911
122 278 704
190 278 274
462 653 1196
122 653 1191
3 653 1004
507 653 733
310 653 655
284 653 644
3 680 1244
284 680 965
310 680 655
507 680 595
122 680 214
190 680 159
375 122 952
235 122 654
276 122 451
245 122 399
296 122 337
276 507 1083
235 507 164
235 3 796
375 3 226
375 284 1237
296 284 1075
241 284 473
245 284 384
2 284 345
276 284 246
235 284 246
2 310 612
245 310 500
235 310 453
276 310 330
296 190 1075
2 190 710
235 190 698
245 190 545
375 190 414
375 462 1033
245 462 666
296 462 279
241 462 219
369 2 219
369 241 297
255 241 248
465 241 248
465 276 1134
255 276 988
369 276 869
402 276 741
297 276 542
465 235 1014
369 235 1014
402 235 785
255 235 699
402 375 1138
465 375 992
255 375 988
369 375 869
297 375 757
255 296 875
465 296 875
369 296 869
297 296 842
297 245 1213
465 245 1200
369 245 1150
255 245 769
402 245 718
140 402 1300
208 402 1299
339 402 412
492 402 242
475 402 202
475 369 1096
492 369 1062
208 369 739
339 369 642
198 369 328
475 255 1096
492 255 1062
198 255 705
339 255 568
411 255 502
208 255 314
492 465 1175
475 465 1232
411 465 153
411 297 1061
339 297 770
475 297 744
492 297 234
238 140 1148
152 475 866
377 475 1
377 198 661
377 492 1
152 339 578
377 411 777
162 152 979
152 377 1050
152 238 1300
