253
601 274 2
665 274 538
633 274 15
601 398 134
633 398 373
684 398 676
294 398 737
712 398 438
630 398 226
601 452 158
665 452 158
633 452 373
684 452 676
712 452 738
630 452 630
601 492 191
665 492 241
633 492 291
684 492 737
294 492 753
712 492 737
630 492 217
601 546 234
665 546 239
633 546 536
684 546 616
294 546 607
712 546 616
601 549 407
665 549 239
633 549 488
684 549 768
294 549 226
712 549 401
630 549 372
601 588 254
665 588 254
633 588 536
684 588 573
294 588 578
712 588 425
601 595 336
633 595 536
684 595 491
294 595 296
712 595 478
630 595 478
601 610 190
665 610 195
633 610 536
684 610 868
294 610 680
712 610 1092
630 610 195
601 673 154
633 673 215
684 673 676
294 673 769
712 673 458
630 673 283
601 766 353
665 766 355
633 766 473
684 766 316
294 766 160
712 766 450
665 473 447
633 473 536
684 473 676
712 473 458
630 473 237
665 674 359
633 674 488
684 674 868
294 674 176
712 674 913
665 675 113
633 675 465
684 675 154
294 675 154
712 675 738
630 675 630
665 842 770
633 842 975
684 842 726
294 842 418
712 842 353
665 860 770
633 860 993
684 860 726
294 860 356
712 860 394
630 860 166
665 915 8
633 915 184
684 915 58
633 69 226
684 69 538
630 69 659
715 601 1123
626 601 1097
794 601 1026
611 601 732
646 601 551
611 665 611
646 665 486
626 665 486
715 665 486
794 665 486
715 633 762
626 633 762
794 633 762
611 633 560
646 633 551
626 684 1082
715 684 1082
794 684 1026
646 684 606
611 684 560
626 294 868
715 294 748
794 294 558
646 294 508
611 294 508
715 712 942
794 712 793
715 630 1123
626 630 1097
794 630 1026
611 630 560
646 630 551
458 794 947
432 794 1131
463 794 2
458 715 550
432 715 1065
432 646 1203
41 646 1143
483 646 1141
463 646 1140
458 646 940
303 646 231
432 626 1203
41 626 1143
483 626 1141
463 626 1140
458 626 940
303 626 145
432 611 1203
483 611 1141
463 611 1140
458 611 940
41 611 590
306 611 115
112 458 1060
333 458 961
264 458 867
225 458 842
234 458 665
333 432 961
264 432 867
225 432 842
112 432 509
234 432 509
415 432 174
264 483 68
333 483 897
112 483 512
234 483 157
333 303 1013
112 303 1010
225 303 910
234 303 556
234 41 37
415 41 12
264 41 6
333 306 1015
225 306 573
264 306 535
333 463 961
264 463 867
225 463 842
415 463 436
234 463 412
405 333 1192
408 333 854
411 333 509
364 333 435
364 112 500
408 112 1
405 234 1033
408 234 854
398 234 644
436 234 644
364 234 435
411 234 184
405 264 631
411 264 581
364 264 435
405 225 530
408 225 530
364 225 435
411 225 421
408 415 1174
398 415 732
436 415 732
405 415 517
364 415 259
264 364 775
265 364 525
267 364 332
208 364 259
307 411 874
267 411 492
208 411 444
265 411 155
307 405 746
265 405 686
267 405 561
208 405 444
265 408 1042
208 408 958
267 408 561
265 398 1042
307 398 462
208 398 408
267 398 303
267 436 561
208 436 560
307 436 224
265 436 186
214 208 1170
368 307 1278
349 307 255
368 267 617
368 264 401
368 265 1278
379 265 466
101 343 1033
69 343 1032
134 336 1299
101 336 1294
69 336 1277
69 355 1299
101 355 1135
134 368 1300
101 368 1019
134 214 1238
101 214 610
101 349 1294
69 349 1006
134 349 854
134 379 1231
