185
513 466 320
149 466 332
270 466 444
646 466 546
812 466 301
513 649 787
149 649 647
270 649 488
646 649 324
812 649 774
513 787 254
149 787 746
270 787 760
646 787 166
812 787 257
513 823 790
149 823 664
270 823 644
646 823 173
812 823 404
513 825 559
149 825 383
270 825 562
646 825 310
812 825 235
513 842 525
149 842 725
270 842 827
646 842 207
812 842 728
513 858 790
149 858 599
270 858 457
646 858 128
812 858 404
513 866 274
149 866 665
270 866 683
646 866 315
513 878 274
149 878 837
270 878 513
646 878 177
812 878 117
513 903 781
149 903 590
270 903 816
646 903 614
513 972 165
646 972 269
812 972 56
513 1013 52
149 1013 837
270 1013 774
149 105 696
270 105 671
646 105 288
812 105 565
149 890 646
270 890 857
646 890 701
812 890 716
270 899 85
812 899 711
79 513 880
605 513 822
158 513 731
723 513 569
651 513 501
158 149 872
79 149 943
723 149 271
79 270 880
605 270 869
158 270 869
723 270 455
651 270 356
79 646 1082
723 646 957
605 646 896
651 646 492
158 646 451
79 812 347
723 812 1
364 723 835
256 723 264
256 79 1031
364 79 1126
469 79 458
256 651 905
469 651 837
364 651 397
161 651 384
469 605 968
256 605 577
161 605 561
364 605 408
469 158 1135
256 158 9
170 469 948
313 469 1040
413 469 34
402 469 7
170 364 719
402 364 326
313 364 244
415 364 239
170 256 505
402 256 420
313 256 416
170 161 719
402 161 471
313 161 150
320 170 1113
408 170 941
433 170 755
222 170 711
223 170 687
309 170 436
408 413 1086
309 413 780
320 413 519
433 413 412
222 413 184
433 402 1082
309 402 780
408 402 658
320 402 190
222 402 134
309 313 719
433 313 647
408 313 599
222 313 539
320 313 317
408 415 1074
309 415 780
433 415 335
222 415 303
320 415 202
362 408 912
298 408 803
423 408 446
266 408 328
423 433 391
266 433 199
362 222 886
298 222 628
423 222 470
266 222 334
362 309 886
423 309 545
298 309 512
266 309 273
168 309 252
168 320 681
423 320 681
298 320 606
362 320 481
362 223 846
298 223 636
423 223 470
168 223 398
266 223 334
379 298 575
340 298 122
388 423 1078
340 423 1073
324 423 1058
379 423 768
397 423 404
340 362 458
324 362 268
397 266 350
324 168 1005
340 168 1038
388 168 1058
133 397 956
95 397 807
133 379 916
95 324 1125
133 324 826
96 324 631
95 388 1125
96 388 631
133 340 1154
