465
601 427 267
438 427 258
531 427 261
150 427 831
457 427 359
636 427 286
704 427 803
497 427 526
613 427 233
779 427 521
595 427 312
601 436 242
438 436 258
531 436 261
150 436 831
457 436 177
149 436 230
636 436 203
704 436 803
497 436 526
779 436 536
595 436 527
623 436 196
601 466 195
438 466 164
531 466 172
150 466 831
457 466 148
149 466 257
636 466 331
704 466 803
497 466 526
613 466 345
779 466 667
595 466 527
601 473 263
531 473 197
150 473 831
457 473 218
149 473 255
704 473 803
497 473 526
613 473 258
779 473 296
595 473 417
623 473 236
601 483 263
438 483 171
531 483 415
150 483 831
457 483 210
149 483 338
636 483 185
704 483 803
497 483 526
613 483 345
779 483 560
595 483 527
623 483 196
601 511 195
531 511 205
150 511 831
457 511 249
149 511 366
636 511 199
704 511 803
497 511 526
613 511 225
779 511 825
595 511 527
601 521 184
438 521 340
531 521 414
150 521 831
457 521 172
149 521 338
636 521 206
704 521 803
497 521 526
779 521 554
595 521 173
623 521 327
601 606 146
438 606 231
531 606 231
150 606 831
149 606 276
636 606 206
704 606 803
497 606 526
779 606 554
595 606 218
601 676 145
438 676 188
531 676 188
150 676 831
457 676 203
149 676 388
636 676 301
704 676 803
497 676 526
613 676 175
779 676 296
595 676 175
601 686 263
438 686 164
531 686 205
150 686 822
149 686 473
636 686 307
704 686 803
497 686 526
613 686 307
779 686 382
595 686 382
623 686 262
601 699 182
438 699 258
531 699 261
150 699 831
457 699 478
149 699 193
636 699 206
704 699 803
497 699 526
613 699 306
779 699 296
595 699 295
601 733 238
438 733 258
531 733 414
150 733 831
149 733 529
636 733 227
704 733 803
497 733 526
613 733 200
779 733 371
595 733 216
601 789 319
438 789 157
150 789 307
457 789 692
149 789 442
636 789 254
704 789 502
613 789 266
779 789 269
595 789 343
623 789 271
601 839 130
438 839 140
150 839 306
457 839 692
149 839 442
704 839 296
595 839 343
623 839 271
601 844 331
438 844 175
531 844 134
150 844 405
457 844 660
149 844 442
595 844 343
623 844 145
601 853 130
438 853 176
531 853 181
150 853 405
149 853 216
704 853 404
595 853 194
623 853 433
601 854 319
438 854 175
531 854 228
150 854 405
149 854 330
636 854 584
704 854 502
613 854 181
595 854 194
623 854 271
601 878 331
438 878 175
150 878 350
457 878 692
149 878 442
636 878 244
704 878 374
613 878 324
779 878 269
595 878 343
623 878 281
438 426 277
531 426 308
150 426 831
457 426 210
149 426 205
636 426 304
704 426 803
497 426 526
613 426 304
779 426 469
595 426 295
623 426 277
438 832 140
150 832 483
149 832 483
636 832 278
704 832 703
779 832 269
595 832 132
623 832 219
626 601 644
611 601 476
742 601 449
79 601 449
815 601 348
769 601 227
742 438 714
605 438 582
815 438 521
769 438 521
626 438 298
606 438 265
79 438 237
611 438 196
769 531 954
605 531 535
742 531 481
79 531 328
611 531 286
815 531 242
606 531 171
611 150 356
769 150 130
815 457 716
769 457 600
605 457 578
742 457 471
611 457 300
79 457 295
626 457 264
79 149 799
742 149 1105
769 149 241
742 636 972
79 636 968
769 636 556
605 636 547
626 636 513
611 636 476
815 636 366
742 704 283
611 704 171
626 704 54
769 704 55
605 497 578
769 497 574
815 497 415
79 497 415
742 497 415
606 497 336
611 497 306
626 497 224
742 613 1098
79 613 968
815 613 454
626 613 319
605 613 195
769 613 193
611 613 182
742 779 42
742 595 1149
79 595 968
605 595 510
769 595 510
815 595 348
626 595 229
611 595 182
742 623 831
769 623 492
605 623 492
79 623 482
815 623 454
626 623 398
456 606 992
322 606 676
483 606 633
463 606 633
364 606 594
42 606 524
334 606 298
364 742 604
322 742 841
42 769 842
456 769 138
1 769 4
364 79 1162
322 79 871
1 79 102
41 79 6
322 815 46
364 815 378
1 815 3
483 815 1
463 815 1
41 626 1131
463 626 1052
483 626 833
42 626 342
364 626 315
334 626 309
463 611 1052
483 611 833
41 611 657
364 611 315
334 611 298
322 611 209
41 605 845
1 605 659
456 605 444
42 605 299
334 605 298
364 605 291
463 605 272
322 605 209
375 456 797
39 456 705
412 456 586
77 456 370
50 456 277
333 456 240
129 456 230
129 1 417
77 1 93
412 483 338
333 483 489
50 42 783
375 41 116
412 41 212
415 41 21
39 364 1065
412 364 971
375 364 289
39 322 1202
77 322 876
412 322 752
129 322 474
50 322 301
333 322 277
77 334 988
412 334 745
39 334 716
50 334 623
129 334 243
375 463 1293
77 463 883
333 463 570
412 463 470
415 463 469
50 463 277
39 463 218
408 333 854
193 333 453
365 333 274
408 50 44
100 50 16
365 50 1
365 129 779
17 129 613
193 129 559
100 129 476
407 129 422
408 129 406
416 129 396
407 77 59
100 77 5
407 375 1292
416 375 563
17 375 556
17 39 1299
100 39 29
408 412 843
433 412 335
407 412 330
320 412 330
17 412 280
416 412 201
408 415 1031
407 415 909
416 415 612
365 415 296
433 415 187
168 100 209
424 100 5
208 407 1291
298 407 714
424 407 421
415 407 360
436 407 278
437 407 278
298 365 648
168 365 555
436 365 547
437 365 547
415 365 492
208 365 487
208 408 949
298 408 849
424 408 493
415 408 331
208 433 1298
424 433 493
415 433 331
168 17 1293
436 17 461
415 17 552
437 17 246
298 17 4
437 320 669
436 320 669
168 320 669
298 320 538
208 320 502
415 320 492
168 193 1065
437 193 1056
436 193 1039
415 193 521
424 193 396
208 193 263
298 193 178
208 416 370
424 416 350
415 416 331
298 416 306
437 416 246
214 208 1161
388 208 952
330 208 352
385 424 1002
388 424 566
330 424 309
388 436 1177
214 436 1130
330 436 1095
388 437 1169
214 437 1130
385 437 1065
330 437 1027
388 415 1228
330 415 1027
214 415 520
385 415 292
385 298 670
388 168 1189
330 168 527
101 330 959
152 214 1300
101 388 852
96 388 593
101 385 745
