163
452 587 379
197 587 278
93 587 616
75 587 604
452 593 547
197 593 483
93 593 652
75 593 496
452 601 404
197 601 660
93 601 557
75 601 557
452 605 489
197 605 591
93 605 575
75 605 651
452 613 404
197 613 654
93 613 514
75 613 514
452 738 162
197 738 499
93 738 575
75 738 617
452 764 547
197 764 554
93 764 425
75 764 425
452 813 553
197 813 353
93 813 680
75 813 389
452 862 339
197 862 638
93 862 762
75 862 700
452 887 553
197 887 424
93 887 308
75 887 382
452 936 359
197 936 394
93 936 1
197 207 245
75 207 74
197 371 686
93 371 692
75 371 10
197 798 334
93 798 680
75 798 589
197 853 619
93 853 660
75 853 428
796 452 745
776 452 745
57 452 534
640 452 519
57 197 793
776 197 867
640 197 98
776 93 877
57 93 103
57 75 676
796 75 797
776 75 167
491 776 258
419 776 578
376 776 681
370 776 318
305 776 178
370 640 557
376 640 518
395 640 346
491 640 305
419 640 170
305 640 91
491 57 604
395 57 763
419 57 557
376 57 715
370 57 81
370 796 758
305 796 62
491 796 23
87 419 732
490 419 511
181 419 485
412 419 385
490 305 802
87 305 646
181 305 235
415 305 191
87 370 809
490 370 573
412 370 354
181 370 120
87 395 715
490 395 463
412 395 354
181 491 266
412 491 219
87 491 73
490 491 115
490 376 355
412 376 332
181 376 299
87 376 219
193 181 466
223 181 211
438 87 599
223 87 5
250 490 687
170 490 494
223 412 258
250 412 248
169 412 244
438 412 205
169 415 645
223 415 137
417 438 854
403 438 826
298 438 400
402 438 222
168 438 123
298 170 874
168 170 748
402 170 196
403 170 160
168 169 472
403 169 224
298 223 408
403 223 325
417 223 325
402 223 289
168 223 225
168 250 713
417 250 427
168 193 714
417 193 453
403 193 453
298 193 113
379 402 516
340 402 408
343 402 408
349 402 328
379 417 791
340 417 434
349 417 356
343 417 270
340 403 834
343 403 602
379 403 516
379 298 684
343 298 421
340 298 263
349 298 143
340 168 814
95 343 599
133 349 856
95 349 617
133 379 579
133 340 889
