165
622 14 104
622 69 1
763 69 554
702 69 367
331 69 647
622 292 1032
763 292 1188
702 292 755
622 398 600
763 398 857
769 398 1071
702 398 310
331 398 632
622 406 671
763 406 1032
769 406 505
702 406 387
331 406 252
622 457 508
763 457 1187
769 457 750
702 457 451
331 457 425
622 458 591
763 458 1117
769 458 611
702 458 608
331 458 405
622 465 591
763 465 1151
769 465 596
702 465 603
331 465 212
622 493 338
763 493 1171
769 493 505
702 493 374
331 493 212
622 506 591
763 506 775
769 506 778
702 506 683
331 506 295
622 513 662
769 513 1073
331 513 632
622 571 517
763 571 1204
769 571 809
702 571 517
331 571 632
622 590 765
763 590 744
769 590 409
702 590 184
331 590 189
622 602 369
763 602 1093
769 602 505
331 602 161
763 28 1210
331 28 224
771 622 1121
627 622 953
709 622 731
678 622 535
589 622 535
771 763 1202
709 763 545
627 763 231
709 769 1179
771 769 294
627 769 44
678 769 20
627 702 1085
678 702 1065
589 702 935
709 702 245
589 331 877
709 331 636
678 331 337
771 331 235
627 331 217
385 709 212
256 709 125
322 771 522
507 771 1203
385 771 21
385 627 929
284 627 914
507 627 540
66 627 172
507 589 949
284 589 859
256 589 555
322 589 337
66 589 172
385 678 929
284 678 560
256 678 555
507 678 266
66 678 172
143 66 396
50 66 1199
276 507 1152
50 507 12
143 507 12
271 507 2
143 256 736
271 256 736
296 256 269
296 322 1072
271 322 723
50 322 401
143 322 297
296 284 949
50 284 219
271 284 158
50 385 940
143 385 929
296 385 904
271 385 787
276 385 394
175 50 582
408 50 42
408 276 602
175 276 578
297 276 497
290 276 273
175 271 978
290 271 682
408 271 391
297 296 1016
290 296 1016
290 143 682
297 143 675
175 143 405
408 143 338
288 175 898
339 175 197
339 408 561
288 290 1075
339 290 245
360 290 195
339 297 860
288 297 716
326 360 887
161 360 596
154 360 323
408 288 1123
154 288 313
326 288 289
154 339 1053
161 339 991
408 339 287
101 382 924
96 382 685
101 161 798
70 161 791
101 326 1208
101 408 1208
96 408 685
70 154 738
96 341 1158
101 341 678
