273
703 420 831
707 420 400
777 420 604
308 420 500
581 420 356
405 420 456
586 420 500
703 427 831
707 427 233
777 427 604
308 427 628
581 427 233
405 427 456
586 427 500
703 433 403
707 433 518
777 433 833
308 433 380
581 433 135
405 433 336
586 433 746
703 452 831
707 452 435
777 452 754
308 452 533
581 452 603
405 452 488
586 452 788
703 476 413
707 476 378
777 476 988
308 476 801
581 476 712
405 476 336
586 476 321
703 530 831
707 530 467
777 530 604
308 530 801
405 530 456
586 530 746
703 547 418
707 547 294
777 547 988
308 547 421
581 547 749
405 547 363
586 547 506
703 566 418
707 566 314
777 566 610
308 566 801
581 566 749
405 566 336
586 566 500
703 629 412
707 629 583
777 629 484
308 629 801
581 629 401
405 629 443
586 629 500
703 661 412
707 661 680
777 661 940
308 661 477
581 661 452
405 661 336
586 661 343
703 733 403
707 733 241
777 733 610
308 733 315
581 733 280
405 733 483
586 733 746
703 774 652
707 774 550
777 774 749
308 774 415
581 774 721
405 774 752
586 774 954
703 781 416
707 781 931
308 781 123
581 781 555
405 781 555
586 781 555
703 792 709
707 792 989
777 792 131
308 792 856
581 792 145
405 792 113
703 807 709
707 807 371
777 807 154
308 807 583
581 807 386
405 807 896
586 807 225
703 864 709
707 864 359
777 864 192
308 864 676
581 864 204
405 864 755
703 866 709
581 866 721
405 866 752
586 866 1103
703 878 283
707 878 235
777 878 152
308 878 225
581 878 482
703 884 488
707 884 502
777 884 749
581 884 721
405 884 990
586 884 959
703 890 724
707 890 788
777 890 749
405 890 665
613 703 602
738 703 541
804 703 541
632 703 416
591 703 300
591 707 684
632 707 4
632 777 91
738 777 139
804 308 967
738 308 845
632 308 687
613 308 667
591 308 345
738 581 1034
804 581 808
613 581 698
591 581 596
632 581 209
804 405 965
613 405 667
632 405 490
591 405 377
738 405 140
804 586 1003
613 586 821
738 586 696
591 586 300
632 586 209
414 591 1060
401 591 806
243 591 680
169 591 680
456 591 678
169 738 171
243 632 1229
456 632 922
414 632 922
169 632 709
401 632 575
273 632 199
243 613 429
169 613 325
273 613 199
273 804 887
169 804 583
401 804 344
2 456 1196
143 456 1147
447 456 662
412 456 657
434 456 203
434 169 656
78 169 461
447 169 440
143 169 380
2 169 341
2 401 1124
143 401 1080
415 401 942
412 401 657
78 401 553
447 401 439
434 401 203
2 273 1092
447 273 1011
415 273 568
434 273 525
143 273 380
447 243 1011
2 243 993
143 243 337
434 243 290
2 414 1196
415 414 1155
447 414 898
412 414 657
78 414 246
143 414 246
408 434 1283
373 434 1201
297 434 427
223 434 193
373 447 1201
408 78 75
223 78 29
408 2 687
297 143 834
223 143 677
408 143 465
373 143 459
263 143 310
175 143 285
373 412 897
408 412 838
223 412 332
263 412 328
175 412 302
408 415 1153
373 415 1013
297 415 890
263 415 328
223 415 193
264 175 1002
303 175 713
298 175 686
374 175 585
339 175 165
374 408 1068
298 408 863
339 408 471
374 263 652
264 263 644
339 263 622
298 263 552
303 263 525
303 373 1167
264 373 632
374 373 465
339 373 465
298 373 416
374 223 1143
339 223 875
264 223 773
298 223 493
339 297 800
264 297 662
303 297 582
298 297 223
374 297 207
389 264 1205
348 264 912
152 374 556
152 303 629
389 298 656
382 298 427
389 339 645
152 339 629
397 339 435
101 397 1295
133 397 1063
133 389 923
101 382 1046
76 152 1279
133 348 1050
101 348 1050
