210
632 513 641
611 513 286
59 513 654
581 513 641
702 513 654
312 513 373
632 673 763
611 673 275
59 673 584
581 673 754
702 673 150
312 673 375
632 776 952
611 776 504
59 776 399
702 776 398
312 776 262
632 813 952
611 813 144
59 813 399
581 813 722
702 813 507
312 813 200
632 849 612
611 849 590
59 849 304
581 849 714
702 849 132
312 849 823
632 864 952
611 864 582
59 864 399
581 864 550
312 864 550
632 881 341
611 881 406
59 881 515
581 881 714
702 881 816
312 881 944
632 887 952
611 887 309
59 887 399
581 887 213
702 887 700
312 887 131
680 632 1208
645 632 1141
796 632 793
613 632 487
627 632 152
680 611 1208
645 611 1141
796 611 793
613 611 396
627 611 239
645 59 79
680 59 26
613 581 1134
645 581 1132
680 581 1132
627 581 1027
796 581 793
680 702 1208
645 702 1141
613 702 935
627 702 935
796 702 793
680 312 1018
796 312 813
645 312 605
627 312 329
613 312 249
284 627 1174
406 627 1129
41 627 1123
3 627 1089
457 627 891
192 627 147
456 627 102
41 645 1224
457 645 1216
406 645 1129
3 645 1089
284 645 753
192 645 147
456 645 102
457 796 13
406 796 79
192 796 3
3 680 1129
457 680 1113
284 680 1050
456 680 689
406 680 599
406 613 1129
41 613 1123
3 613 1018
457 613 891
284 613 753
192 613 147
2 456 1173
83 456 1011
375 456 741
129 456 411
87 456 346
129 406 757
87 406 672
78 406 528
83 406 431
226 406 424
375 457 1268
83 457 1011
87 457 968
129 457 757
226 457 550
78 457 203
375 3 86
83 3 477
375 41 88
2 41 11
78 41 9
226 192 630
83 192 533
87 192 533
78 192 391
2 192 303
241 192 297
375 284 1244
129 284 1150
226 284 630
83 284 557
2 284 303
241 284 222
100 78 475
223 78 12
408 78 7
112 226 826
175 226 550
223 226 527
373 226 377
408 2 274
407 2 649
263 129 720
175 129 643
373 129 550
408 129 360
100 129 315
112 129 266
112 87 1256
407 87 32
223 87 2
112 83 757
175 83 242
408 83 104
100 241 568
112 241 490
407 241 224
263 241 216
407 375 1296
263 375 258
416 100 209
289 100 13
289 175 1077
411 175 999
416 175 996
298 175 499
208 175 417
208 407 1294
416 407 661
298 407 580
416 112 558
416 408 1140
208 408 1084
298 408 736
411 373 783
416 373 774
208 373 417
298 373 283
208 223 859
298 223 354
416 223 338
411 223 270
289 263 786
416 263 692
298 263 296
408 208 1085
326 208 469
377 416 1252
326 416 504
408 298 600
382 298 522
326 298 508
341 411 1058
382 411 965
377 411 930
326 411 504
408 289 1098
326 289 910
377 289 441
382 289 441
341 289 365
101 382 1140
96 382 894
101 377 954
101 326 1298
101 408 1298
96 408 894
96 341 1220
101 341 874
