225
342 1 1040
535 1 649
150 1 1170
342 34 1
150 34 1023
777 34 1056
342 457 597
535 457 704
150 457 930
777 457 704
595 457 610
342 458 440
535 458 465
150 458 945
777 458 931
595 458 740
342 547 915
535 547 490
150 547 908
777 547 372
595 547 590
342 614 402
535 614 490
150 614 907
777 614 266
595 614 740
342 652 483
535 652 490
150 652 1004
777 652 931
595 652 740
342 661 195
535 661 490
150 661 577
777 661 458
595 661 740
342 826 574
535 826 658
150 826 1146
777 826 604
595 826 405
342 879 585
535 879 658
150 879 1144
777 879 408
595 879 713
342 895 585
535 895 658
150 895 896
777 895 162
595 895 717
342 950 378
535 950 228
150 950 75
777 950 908
535 846 416
150 846 971
777 846 277
595 846 503
535 972 827
777 972 496
150 241 1084
595 241 158
785 342 950
792 342 937
736 342 412
804 342 152
792 535 937
804 535 914
785 535 516
736 535 456
756 535 403
556 535 322
804 150 1001
792 150 1210
756 150 638
736 150 2
556 777 679
792 777 285
785 777 20
804 595 692
756 595 612
792 595 380
556 595 340
785 595 331
736 595 293
419 792 753
526 792 909
352 792 900
183 792 630
93 792 44
183 756 1023
419 756 1014
49 785 743
526 785 441
491 785 488
93 785 1240
352 785 282
183 785 3
352 736 717
491 736 1163
93 736 136
526 736 60
419 804 520
526 804 84
352 804 1187
183 804 199
49 804 3
526 556 963
491 556 706
352 556 383
143 419 825
78 419 640
447 419 607
434 419 552
241 419 421
78 49 1277
447 352 1186
143 352 683
434 352 497
375 352 492
78 352 420
447 455 1099
143 455 825
78 455 640
375 455 160
143 93 96
447 183 699
143 183 683
241 183 595
434 183 497
375 183 434
241 491 1103
434 491 254
241 526 655
143 526 140
375 526 17
78 526 1
491 447 1275
237 447 1134
407 447 920
433 447 423
250 447 202
170 447 110
491 78 252
433 78 210
100 78 825
217 78 117
491 434 1275
250 434 466
407 434 434
237 434 434
433 434 309
100 241 971
237 241 799
491 241 710
217 241 245
407 375 1291
250 375 342
170 375 342
217 375 318
491 143 1041
237 143 799
433 143 451
208 407 1294
415 407 742
298 407 663
168 100 210
298 170 1258
168 170 988
208 170 547
276 170 475
264 170 262
415 170 178
168 237 988
208 237 714
276 237 710
298 237 348
264 237 262
208 217 1005
276 217 895
298 217 678
264 217 678
168 217 234
208 433 1300
415 433 450
168 491 793
276 491 1178
264 491 103
168 250 988
415 250 475
276 250 475
264 250 262
208 250 238
388 208 856
340 208 430
348 208 279
388 415 1239
340 415 1202
382 415 1049
379 276 943
385 276 830
382 276 692
348 276 361
388 276 265
379 298 936
385 298 830
382 298 537
388 298 265
340 298 243
348 264 1175
379 264 687
388 168 1189
340 168 1181
95 382 1267
101 382 1095
133 340 1300
95 388 1267
101 388 848
95 385 833
101 385 698
95 348 1207
101 348 1106
133 348 1106
133 379 873
