238
295 427 425
500 427 369
778 427 1016
93 427 999
364 427 547
295 563 270
500 563 254
638 563 207
634 563 353
778 563 1016
93 563 999
364 563 547
295 619 425
500 619 780
634 619 324
778 619 1015
93 619 999
364 619 789
295 622 128
638 622 364
634 622 153
778 622 1016
93 622 999
364 622 910
295 627 537
638 627 179
634 627 353
778 627 777
93 627 777
364 627 547
295 738 472
500 738 587
638 738 221
778 738 1016
93 738 999
364 738 547
295 768 495
500 768 706
638 768 411
634 768 357
778 768 678
93 768 382
364 768 505
295 786 376
500 786 471
638 786 546
634 786 376
778 786 586
93 786 554
364 786 601
295 843 247
500 843 908
638 843 468
634 843 247
778 843 290
93 843 821
295 854 225
500 854 908
638 854 847
634 854 867
778 854 877
93 854 901
364 854 207
295 866 598
500 866 908
638 866 455
634 866 444
778 866 313
93 866 382
364 866 517
500 598 368
778 598 1016
93 598 999
364 598 547
500 767 780
638 767 216
634 767 324
778 767 1016
93 767 999
364 767 547
638 207 77
778 207 514
638 853 528
634 853 867
778 853 896
93 853 901
364 853 224
796 295 877
6 295 813
776 295 797
732 295 758
743 295 451
643 295 378
796 500 1017
6 500 813
732 500 782
743 500 593
776 500 378
643 500 238
776 638 1048
643 638 904
743 638 703
796 638 509
6 638 230
732 638 159
776 634 1048
796 634 683
6 634 568
732 634 396
643 634 374
796 778 727
643 778 157
743 778 5
6 93 623
743 93 1240
776 93 1263
732 93 1029
732 364 715
776 364 513
743 364 513
796 364 392
643 364 355
6 364 292
1 6 743
370 6 565
254 6 111
254 732 247
69 732 60
456 732 10
456 643 664
1 643 528
56 643 337
370 643 337
254 643 305
68 776 874
370 776 426
456 776 8
254 776 1
1 743 2
370 796 1038
56 796 587
1 796 129
412 456 726
375 456 597
87 456 424
94 1 736
87 1 614
94 370 1221
87 370 1206
412 370 639
78 370 407
87 69 78
87 254 1158
78 254 466
412 254 396
94 254 287
415 254 229
78 68 697
87 68 693
78 56 735
87 56 1152
412 56 2
100 78 604
169 78 223
408 78 13
223 78 11
250 94 701
170 94 999
208 94 1
223 87 6
223 375 408
169 375 274
250 375 259
170 375 259
408 412 830
169 412 652
208 412 480
223 412 366
250 412 274
408 415 1119
169 415 652
208 415 600
289 208 1201
298 208 802
416 208 565
358 208 359
208 208 314
416 100 91
289 100 14
298 170 1233
208 170 775
416 170 775
266 170 438
358 170 273
416 408 1149
208 408 1085
358 408 879
298 408 786
266 408 435
208 169 742
266 169 542
289 169 518
358 250 838
416 250 598
289 250 526
208 250 378
266 250 267
208 223 742
416 223 598
298 223 499
358 223 499
266 223 310
408 208 1219
214 208 1126
326 208 441
374 208 426
397 358 1002
214 416 1084
374 416 1049
397 416 429
326 416 371
374 298 997
408 298 395
374 266 1291
408 266 1100
326 266 964
214 266 583
397 266 304
408 289 1119
326 289 903
397 289 721
214 289 500
101 397 1300
101 374 1182
101 214 838
101 326 1300
101 408 1297
96 408 919
