335
601 55 612
665 55 285
753 55 546
104 55 307
601 121 324
601 249 89
722 249 176
104 249 725
601 438 356
665 438 278
53 438 423
722 438 372
753 438 613
704 438 824
636 438 281
630 438 210
104 438 613
601 439 574
665 439 305
53 439 811
722 439 216
704 439 937
636 439 281
630 439 272
104 439 552
601 445 483
665 445 305
53 445 700
722 445 372
753 445 690
704 445 678
636 445 263
630 445 182
104 445 976
601 471 416
665 471 278
53 471 486
722 471 372
753 471 690
704 471 902
636 471 190
630 471 240
104 471 956
601 475 598
665 475 305
53 475 423
722 475 372
753 475 690
704 475 708
636 475 267
104 475 1101
601 498 570
665 498 305
53 498 766
722 498 372
753 498 659
704 498 585
636 498 288
630 498 213
104 498 659
601 530 405
665 530 238
53 530 195
722 530 372
753 530 690
704 530 792
636 530 347
630 530 272
104 530 1116
601 644 513
665 644 323
53 644 790
722 644 354
753 644 275
704 644 787
636 644 332
104 644 388
601 685 491
665 685 289
53 685 262
722 685 372
753 685 690
704 685 653
636 685 284
630 685 145
104 685 784
601 702 494
665 702 278
53 702 423
722 702 372
753 702 690
704 702 642
636 702 347
630 702 238
104 702 1115
601 747 661
665 747 401
53 747 346
722 747 372
753 747 690
704 747 346
636 747 384
104 747 1142
601 769 659
665 769 648
53 769 472
722 769 198
753 769 458
636 769 354
104 769 589
601 826 342
665 826 255
53 826 472
722 826 198
753 826 206
704 826 123
636 826 495
630 826 153
104 826 589
601 830 319
665 830 534
53 830 195
753 830 402
704 830 746
636 830 532
104 830 195
601 871 471
665 871 255
53 871 330
722 871 131
753 871 402
636 871 156
104 871 275
665 326 433
753 326 369
104 326 21
715 601 894
626 601 841
717 601 837
794 601 807
817 601 717
611 601 625
817 665 717
611 665 588
717 665 487
626 665 347
794 665 300
715 665 300
717 53 1063
715 53 653
817 53 855
794 53 27
717 722 221
717 753 779
715 753 692
717 704 803
626 704 57
611 704 129
794 704 512
817 704 898
715 636 894
626 636 841
794 636 807
717 636 653
611 636 588
817 636 459
717 630 987
715 630 884
626 630 841
794 630 807
611 630 588
817 630 459
717 104 830
715 104 63
432 794 807
458 794 867
211 794 25
463 794 14
432 715 744
458 715 674
458 817 693
211 817 462
432 817 158
463 626 1138
483 626 962
432 626 913
458 626 862
211 626 547
212 626 267
463 611 1138
483 611 962
432 611 913
458 611 862
211 611 461
212 611 371
211 717 1231
483 717 383
333 458 848
112 458 833
264 458 676
139 458 660
234 458 604
375 458 477
308 458 371
139 483 905
112 483 347
264 483 32
333 483 793
234 483 47
333 432 848
375 432 737
264 432 676
139 432 660
234 432 430
112 432 430
308 432 371
308 212 802
375 212 491
264 212 247
112 212 167
308 211 1038
112 211 633
264 211 534
139 211 413
333 211 413
375 211 264
375 463 1299
333 463 832
264 463 676
139 463 660
234 463 339
415 463 296
405 333 968
408 333 899
214 333 760
411 333 528
364 333 407
411 308 1067
364 308 728
407 308 698
214 308 643
405 308 420
408 308 278
407 375 1282
436 375 520
398 375 494
405 375 285
214 375 285
411 375 280
214 112 590
364 112 467
408 112 1
405 234 890
214 234 760
408 234 712
398 234 488
436 234 488
364 234 407
364 139 889
411 139 797
408 139 593
214 139 407
405 139 340
214 264 700
411 264 673
405 264 420
364 264 407
408 415 1057
398 415 847
436 415 847
407 415 425
405 415 385
214 415 318
411 415 237
364 415 182
264 364 815
391 364 716
298 364 423
267 364 250
374 411 807
391 411 706
208 411 608
298 411 493
267 411 370
267 214 1039
264 214 1010
208 214 890
391 214 679
208 407 1295
298 407 712
374 407 662
267 407 370
391 407 356
298 405 867
391 405 706
208 405 494
374 405 493
267 405 370
208 408 970
374 408 959
298 408 864
267 408 370
391 408 163
374 398 1167
208 398 531
391 398 263
374 436 918
298 436 867
208 436 717
267 436 370
214 208 1145
389 391 886
348 391 325
214 374 382
389 298 588
379 298 512
343 298 184
389 264 1181
348 264 1060
379 264 343
389 267 954
348 267 954
379 267 343
101 343 943
134 389 633
134 336 1291
101 336 1268
101 415 943
152 214 1300
134 214 1146
101 349 1268
134 349 714
152 348 1275
101 348 1056
134 379 1145
