171
419 222 40
482 222 410
810 222 1100
812 222 79
419 308 560
482 308 576
810 308 1202
812 308 159
419 354 392
482 354 2
810 354 1073
419 463 275
482 463 857
810 463 1192
812 463 563
419 675 781
482 675 261
149 675 445
810 675 781
812 675 293
419 782 871
482 782 427
149 782 766
810 782 807
812 782 310
419 786 477
482 786 871
149 786 500
810 786 1083
812 786 740
419 808 871
482 808 499
149 808 499
810 808 871
812 808 482
419 811 673
482 811 771
149 811 537
810 811 1023
812 811 360
419 813 871
482 813 192
149 813 481
810 813 819
812 813 549
419 878 644
482 878 497
149 878 766
810 878 985
812 878 365
419 879 644
482 879 723
149 879 957
810 879 952
812 879 359
419 885 644
482 885 497
149 885 766
810 885 829
742 419 1258
79 419 1212
805 419 644
796 419 376
742 482 1258
79 482 1212
796 482 585
805 482 302
79 149 1113
742 149 1254
805 149 100
796 149 2
742 810 129
805 810 394
79 810 744
796 812 635
79 812 465
322 742 1056
364 742 979
142 742 69
322 79 1025
364 79 1273
142 79 300
480 79 19
495 805 1209
480 805 850
364 805 186
142 796 1161
206 495 115
39 495 829
206 480 581
39 364 1220
387 364 1168
206 364 870
87 364 676
415 364 216
39 322 1187
387 322 1168
206 322 870
87 322 676
387 142 1168
402 142 1106
87 142 538
39 142 280
438 87 600
320 87 25
320 206 1170
438 206 699
309 206 513
365 206 438
193 206 264
17 39 1299
309 402 578
320 402 339
365 402 298
320 387 627
438 387 538
193 387 319
309 415 694
320 415 521
365 415 486
415 438 1039
436 438 661
437 438 535
298 438 516
168 438 357
437 365 843
436 365 843
168 365 843
415 365 836
298 365 670
415 17 910
168 17 1299
436 17 541
437 17 350
298 17 2
298 309 549
436 309 542
437 309 542
168 309 542
415 309 542
168 193 1226
437 193 1182
436 193 1149
415 193 837
436 320 996
168 320 996
437 320 996
415 320 836
298 320 680
388 436 1221
379 436 1057
340 436 838
343 436 630
388 437 1235
340 437 1199
343 437 763
388 415 1252
340 415 1250
343 415 763
379 298 889
343 298 561
340 298 272
340 168 1201
388 168 1199
95 343 939
134 379 1226
133 379 861
133 340 1300
134 340 643
95 388 1284
134 388 1039
