322
601 505 344
722 505 483
161 505 184
42 505 460
22 505 401
346 505 518
781 505 716
601 612 344
722 612 218
161 612 491
42 612 412
22 612 491
346 612 703
781 612 748
601 694 335
722 694 528
161 694 580
42 694 319
22 694 491
346 694 703
781 694 949
601 776 206
722 776 473
161 776 482
22 776 858
346 776 223
781 776 882
601 778 339
722 778 295
161 778 507
42 778 429
22 778 526
781 778 882
601 788 396
722 788 473
161 788 507
42 788 434
22 788 623
346 788 311
781 788 815
601 807 237
722 807 257
161 807 627
42 807 613
22 807 419
346 807 257
781 807 882
601 815 396
722 815 432
161 815 405
42 815 425
22 815 430
346 815 624
781 815 787
601 826 206
722 826 473
161 826 482
42 826 189
22 826 334
781 826 772
601 840 387
722 840 473
161 840 822
42 840 1030
22 840 383
346 840 150
781 840 772
601 851 387
722 851 451
161 851 928
42 851 551
22 851 451
346 851 150
781 851 577
601 854 387
722 854 432
161 854 292
42 854 330
22 854 419
346 854 624
781 854 882
601 867 339
722 867 178
161 867 507
42 867 243
22 867 414
346 867 223
781 867 815
601 882 339
722 882 473
161 882 297
42 882 429
22 882 505
346 882 208
781 882 970
601 891 237
722 891 451
161 891 928
42 891 770
22 891 419
781 891 764
601 967 117
161 967 756
42 967 18
346 967 2
781 967 369
722 336 551
42 336 28
22 336 5
781 336 771
679 601 713
715 601 706
658 601 688
614 601 472
593 601 436
827 601 412
593 722 166
796 722 102
719 722 617
679 161 146
715 161 3
658 161 32
593 42 370
827 42 1227
679 42 118
658 42 158
614 42 59
593 22 131
614 22 224
796 22 68
679 22 83
593 346 614
719 346 578
614 346 447
679 346 383
827 346 368
796 346 368
715 346 314
658 346 220
679 781 251
614 781 652
827 781 335
208 593 690
319 593 554
414 593 502
52 593 433
35 593 360
458 593 342
1 593 274
463 593 257
158 593 240
1 719 925
208 719 1004
52 719 451
1 715 845
458 715 413
208 715 5
35 715 3
414 614 841
319 614 718
208 614 690
458 614 342
1 614 274
414 658 841
319 658 635
208 658 548
458 658 394
35 658 360
355 658 231
414 679 828
319 679 718
35 679 360
458 679 247
158 679 240
463 679 201
208 827 276
158 827 789
319 827 3
355 827 4
1 796 175
414 796 20
458 796 10
440 458 773
87 458 673
7 458 539
333 458 518
412 458 469
420 458 297
375 458 210
87 1 288
7 1 11
7 208 1044
87 208 599
420 208 551
440 208 342
7 355 1044
420 355 551
440 355 342
440 319 1163
420 319 446
7 319 446
412 319 328
375 319 265
415 319 265
87 35 8
440 158 918
375 158 643
415 158 643
7 158 459
420 158 385
87 158 241
375 52 1
375 414 1119
415 414 1024
87 414 520
412 414 505
7 414 491
333 414 388
440 414 356
420 414 297
375 463 1295
333 463 518
412 463 469
415 463 459
7 463 425
440 463 160
408 333 762
411 333 311
364 333 306
436 420 1034
416 420 720
244 420 335
411 420 318
364 420 302
250 420 195
416 375 673
436 375 672
408 375 218
244 87 232
411 87 8
250 7 241
244 7 1213
416 440 1184
411 440 538
244 440 335
364 440 302
377 440 262
250 440 188
408 412 906
436 412 839
411 412 401
244 412 335
408 415 898
436 415 678
416 415 652
298 364 611
358 364 457
362 364 451
168 364 389
208 411 771
298 411 544
267 411 386
362 411 357
358 411 328
362 250 1121
168 250 1028
358 250 723
208 250 218
362 408 1017
298 408 996
208 408 825
358 408 772
267 408 386
298 244 583
362 244 431
358 244 387
208 244 291
298 436 1026
208 436 650
267 436 386
358 436 284
362 416 1017
358 416 772
208 416 418
298 416 406
168 377 1276
362 377 391
342 208 997
340 208 380
330 208 380
348 358 911
379 358 731
330 358 718
340 358 718
349 358 553
340 168 1090
330 168 470
342 168 518
379 298 713
343 298 432
340 298 193
330 298 193
348 267 1082
379 267 406
340 362 445
330 362 445
343 362 321
69 343 1056
69 330 1136
134 330 784
134 342 1299
133 342 1216
69 342 924
133 349 1218
69 349 924
134 349 784
133 340 1300
134 340 795
69 348 1056
133 348 925
134 379 1220
133 379 794
