251
531 500 118
680 500 843
132 500 195
637 500 531
254 500 693
658 500 432
383 500 174
531 569 567
680 569 544
132 569 650
254 569 693
658 569 149
383 569 650
531 639 122
680 639 544
132 639 799
254 639 955
658 639 736
383 639 708
531 752 340
680 752 544
132 752 250
637 752 386
254 752 871
658 752 541
383 752 390
531 790 152
680 790 525
132 790 565
637 790 247
254 790 207
658 790 591
383 790 237
531 814 311
680 814 146
132 814 339
637 814 780
254 814 891
658 814 696
383 814 258
531 830 152
680 830 177
132 830 158
637 830 559
254 830 328
658 830 591
383 830 333
531 854 208
680 854 208
132 854 419
637 854 522
254 854 891
658 854 655
383 854 804
531 861 302
680 861 512
132 861 845
637 861 559
254 861 891
658 861 540
531 880 152
680 880 824
132 880 565
637 880 559
254 880 891
658 880 540
383 880 168
680 887 146
132 887 565
637 887 158
254 887 161
658 887 422
383 887 204
132 869 158
637 869 624
254 869 811
658 869 378
383 869 333
254 84 237
658 84 899
383 84 332
693 531 1022
781 531 781
815 531 310
668 531 303
801 531 145
815 680 1239
781 680 1177
668 680 474
813 680 428
693 680 315
801 680 137
781 132 1085
693 132 831
813 132 201
668 132 532
815 132 741
815 637 1171
781 637 1171
801 637 987
668 637 911
813 637 606
693 637 498
815 254 1121
781 254 964
801 254 342
668 254 13
815 658 1239
801 658 1196
781 658 1177
668 658 815
693 658 418
781 383 1235
693 383 1053
815 383 1018
801 383 937
813 383 912
59 668 1276
54 668 1113
375 668 809
135 668 453
94 668 444
59 815 998
135 815 1216
94 815 729
375 815 218
54 801 1148
135 801 69
463 693 1208
54 693 1113
135 693 869
94 693 484
59 693 245
138 781 973
59 781 1250
54 781 148
375 781 150
135 781 96
59 813 1060
94 813 326
375 813 175
54 813 36
138 813 2
50 94 1020
94 54 1181
50 54 91
412 54 30
361 135 1203
94 135 837
412 135 651
50 135 509
375 135 425
94 375 735
361 375 721
375 375 682
50 375 284
412 375 234
361 59 645
50 59 980
129 59 158
94 59 56
375 138 834
412 138 569
361 138 524
94 138 446
129 138 414
375 463 1298
415 463 726
50 463 470
361 463 280
412 463 261
94 463 257
175 50 293
208 50 145
408 50 38
250 94 691
170 94 1005
175 94 14
408 94 1
208 94 1
263 129 823
175 129 684
408 129 412
263 375 450
263 361 823
377 361 315
208 361 214
408 412 769
208 412 484
263 412 335
250 412 294
175 412 213
408 415 727
208 415 635
263 415 335
298 208 795
233 208 771
360 208 668
358 208 295
208 208 269
233 175 1131
298 175 846
358 175 789
208 175 370
360 175 345
360 250 778
358 250 767
208 250 274
298 250 256
298 170 1255
233 170 871
360 170 778
208 170 456
358 170 258
208 408 939
358 408 815
298 408 755
233 408 250
360 408 175
233 263 1063
298 263 657
360 263 443
358 263 217
360 377 677
233 377 347
298 377 188
214 208 1059
374 208 383
395 208 383
395 360 339
214 360 309
395 358 581
336 358 564
379 358 548
395 233 1005
379 233 551
336 233 370
395 298 1237
374 298 1042
379 298 551
355 298 322
101 382 1112
101 336 1272
133 336 1267
101 395 765
96 395 738
101 355 1061
101 374 907
101 214 593
133 379 909
101 379 640
