187
538 204 824
411 204 722
538 211 1096
777 211 1260
308 211 5
538 263 375
777 263 1
432 263 777
538 433 612
777 433 612
411 433 612
308 433 572
432 433 603
538 520 739
777 520 374
411 520 735
308 520 762
432 520 521
538 607 468
777 607 1144
411 607 115
308 607 354
432 607 115
538 761 578
777 761 1147
411 761 390
308 761 328
432 761 301
538 776 585
411 776 959
308 776 1010
432 776 878
538 815 863
777 815 244
411 815 506
308 815 1064
432 815 206
538 830 699
777 830 134
411 830 839
308 830 548
432 830 596
538 865 863
777 865 405
411 865 647
308 865 1103
432 865 900
777 906 575
411 906 448
308 906 28
432 264 554
804 538 677
797 538 511
600 538 279
611 538 176
611 777 135
657 777 690
797 411 1188
657 411 416
600 411 279
804 411 260
611 411 158
611 308 802
804 308 802
797 308 649
600 308 555
657 308 407
797 432 1116
600 432 555
657 432 492
804 432 320
611 432 234
483 600 1217
401 600 1175
304 600 840
322 600 722
397 600 556
483 657 1180
401 657 1175
304 657 840
1 657 800
322 657 762
397 657 762
304 797 79
322 797 34
397 797 277
483 611 1264
304 611 840
401 611 417
322 611 139
401 804 419
304 804 1226
1 804 226
483 804 16
129 304 869
78 304 350
129 1 739
413 1 17
300 483 456
412 483 277
413 483 101
78 483 18
300 401 1094
129 401 799
78 401 693
76 401 591
412 401 449
413 401 357
129 397 1189
412 397 798
76 397 280
300 322 1071
129 322 681
412 322 674
76 322 541
78 322 356
408 300 1271
297 300 996
307 300 832
355 300 798
307 78 207
408 78 36
297 129 955
307 129 930
408 129 440
237 129 294
408 413 1284
436 413 1159
297 413 874
237 413 509
355 413 468
307 413 290
436 412 1159
408 412 996
355 412 996
237 412 875
307 412 434
355 76 651
264 307 1014
303 307 953
202 307 740
208 307 575
267 307 375
374 408 1083
208 408 863
267 408 292
202 408 207
374 436 997
208 436 577
267 436 292
303 436 258
202 436 207
267 297 829
264 297 829
303 297 581
202 297 283
208 297 214
374 237 1196
264 237 706
208 237 647
202 237 596
267 237 386
374 355 1196
264 355 953
202 355 617
303 355 581
208 355 540
267 355 386
214 208 947
340 208 480
389 202 998
214 202 572
346 202 300
346 374 401
389 303 443
389 264 1237
346 264 1202
348 264 990
389 267 974
346 267 974
348 267 974
133 346 955
133 389 955
123 214 653
133 340 1300
133 348 1053
96 348 801
