195
174 325 892
399 325 90
174 474 163
399 474 1006
447 474 384
470 474 199
655 474 267
658 474 1087
174 622 716
399 622 712
447 622 473
470 622 188
655 622 351
658 622 637
174 666 878
399 666 934
447 666 334
470 666 237
655 666 644
658 666 387
174 686 176
399 686 1006
447 686 442
655 686 341
658 686 1087
174 699 220
399 699 934
447 699 473
655 699 351
658 699 803
174 752 603
399 752 1006
655 752 603
658 752 1087
174 782 500
399 782 941
447 782 723
470 782 310
655 782 528
658 782 459
174 787 516
399 787 780
447 787 403
470 787 403
655 787 394
658 787 636
174 816 354
399 816 979
447 816 741
470 816 310
655 816 567
658 816 871
174 876 386
399 876 1074
447 876 313
470 876 310
655 876 703
658 876 171
174 945 61
399 945 1011
655 945 274
658 945 67
399 834 1173
447 834 262
470 834 354
655 834 394
658 834 171
399 918 1133
655 918 9
663 174 645
656 174 37
801 174 8
801 399 1132
668 399 899
663 399 536
656 399 334
801 447 1213
668 447 793
656 447 399
663 447 131
668 470 916
656 470 871
663 470 747
801 470 607
663 655 1145
801 655 1145
668 655 692
656 655 546
801 658 1248
668 658 845
656 658 596
663 658 259
41 656 1280
223 656 1192
234 656 1134
244 656 941
204 656 312
364 656 207
244 668 1293
41 668 1271
234 668 1134
223 668 1129
364 668 596
204 668 312
244 801 1282
244 663 1291
223 663 1192
41 663 316
364 663 203
234 663 178
94 244 974
453 244 529
78 244 476
180 244 354
180 234 1036
78 234 561
192 234 402
94 364 1071
180 364 598
453 364 598
78 364 284
453 41 25
192 41 137
180 41 13
415 41 3
180 223 1036
192 223 737
415 223 364
78 223 268
94 223 268
180 204 1036
192 204 895
78 204 303
311 453 821
250 453 981
170 453 820
192 453 775
287 453 632
175 180 760
287 180 748
192 180 582
170 180 426
311 180 375
250 180 367
311 78 365
175 192 1151
192 192 664
170 192 426
250 192 367
170 94 1100
250 94 813
175 94 6
192 415 742
266 192 1063
298 192 592
289 175 1123
298 175 867
208 175 351
266 175 351
298 170 1259
208 170 706
266 170 449
208 311 1215
289 311 305
298 311 243
208 250 517
289 250 446
266 250 294
298 250 238
208 287 779
266 287 458
298 287 257
289 287 257
214 208 1145
326 208 588
374 208 421
395 208 421
395 298 1219
344 298 1051
374 298 971
326 298 321
374 266 1278
326 266 962
214 266 615
395 266 432
344 289 1078
326 289 938
395 289 784
101 344 1299
96 395 863
101 395 791
101 374 1180
101 214 888
101 326 1299
96 326 388
