283
657 427 363
722 427 227
715 427 665
182 427 239
797 427 563
189 427 439
607 427 476
781 427 812
657 434 321
722 434 499
715 434 374
182 434 398
797 434 563
189 434 255
607 434 476
781 434 812
657 437 402
722 437 499
715 437 517
182 437 623
797 437 563
189 437 470
607 437 476
781 437 812
657 720 581
722 720 314
715 720 350
182 720 692
797 720 563
189 720 470
607 720 476
781 720 812
657 743 468
722 743 499
715 743 403
182 743 671
797 743 464
189 743 470
607 743 464
781 743 464
657 779 326
722 779 244
715 779 499
182 779 326
797 779 455
189 779 489
607 779 679
781 779 661
657 799 117
722 799 337
715 799 294
182 799 371
797 799 241
189 799 193
781 799 373
657 815 257
722 815 373
715 815 490
182 815 446
189 815 702
607 815 655
781 815 626
657 826 384
722 826 244
182 826 497
797 826 216
189 826 312
607 826 234
781 826 579
657 882 281
722 882 244
715 882 294
182 882 505
797 882 241
189 882 489
607 882 212
781 882 877
722 169 812
715 169 809
182 169 31
189 169 1
781 169 387
722 776 244
715 776 145
182 776 371
797 776 518
189 776 702
607 776 701
781 776 661
722 778 143
715 778 294
182 778 505
797 778 241
189 778 489
607 778 255
781 778 745
722 880 244
715 880 294
182 880 456
797 880 484
189 880 489
607 880 589
781 880 561
715 94 725
182 94 993
797 94 12
189 94 13
607 94 1
781 94 498
715 980 16
797 980 576
189 980 270
781 980 56
715 1002 445
182 1002 1107
797 1002 630
781 1002 115
182 59 719
182 973 695
189 973 60
781 973 955
686 657 640
719 657 568
805 657 366
581 657 210
588 657 210
827 657 207
705 657 175
719 722 439
805 722 132
588 722 3
705 715 857
719 182 470
705 182 1243
805 182 92
705 797 909
581 797 184
719 797 13
686 797 17
805 189 1060
588 189 259
581 607 885
686 607 640
705 607 544
588 607 478
827 607 420
719 607 262
805 607 162
705 781 865
827 781 387
686 781 105
588 781 28
313 705 408
389 705 537
208 719 912
313 719 271
49 719 1
49 588 740
217 588 461
313 588 343
389 588 317
463 588 307
208 588 300
35 581 1151
463 581 919
313 581 728
217 581 448
355 581 429
389 581 394
355 805 85
35 805 87
208 805 28
313 827 987
208 827 99
355 827 28
463 686 1269
313 686 644
389 686 545
49 686 482
35 686 345
4 49 1259
78 49 1237
413 49 166
440 49 2
413 208 419
440 208 417
78 208 358
4 355 1142
413 355 753
78 355 541
440 355 417
440 217 753
413 217 643
375 217 405
4 217 284
4 313 1142
413 313 753
78 313 665
440 313 616
4 35 1121
375 35 1
4 389 1142
413 389 753
440 389 448
78 389 444
375 389 405
415 389 354
375 463 1296
415 463 450
413 463 414
440 463 207
100 78 933
408 78 26
385 78 3
436 375 641
385 375 471
408 375 300
436 413 1132
408 413 1114
208 413 539
385 413 306
175 413 235
377 413 203
100 4 984
175 4 16
208 4 5
385 440 1042
377 440 265
408 440 263
175 440 234
408 415 855
385 415 743
436 415 637
208 415 539
255 208 824
233 208 824
298 208 823
267 208 723
168 208 602
168 100 232
233 100 2
233 175 1173
255 175 1167
298 175 850
168 175 555
267 175 521
298 408 866
267 408 390
233 408 349
255 408 253
255 385 1124
233 385 788
298 385 437
168 377 1233
233 377 513
255 377 299
233 436 1158
255 436 1055
298 436 1040
267 436 390
348 255 618
389 255 581
349 255 274
340 233 766
379 233 731
349 233 400
348 233 400
379 298 731
389 298 629
363 298 265
340 298 265
348 298 173
348 267 1027
389 267 1027
363 267 507
379 267 448
340 168 1040
133 363 1272
133 389 794
133 349 1204
133 340 1298
133 348 914
133 379 794
