128
150 34 1241
282 34 3
150 204 1233
282 204 1
150 241 1274
595 241 149
150 270 943
282 270 10
150 362 739
150 400 1147
308 400 594
595 400 556
150 513 1097
308 513 203
595 513 556
282 513 238
150 614 1100
308 614 386
595 614 790
282 614 227
150 835 1099
308 835 110
595 835 744
282 835 568
150 876 1148
308 876 741
595 876 744
282 876 568
804 150 1284
741 150 1
804 308 1231
731 308 467
741 308 281
606 308 184
804 595 1215
741 595 885
731 595 474
804 282 1163
741 282 763
731 282 260
606 282 260
352 741 1120
169 741 1200
352 606 1162
417 606 918
455 606 838
352 731 1187
169 731 18
352 804 1288
169 804 627
447 417 1228
143 417 1218
447 169 1092
434 169 885
78 169 823
143 169 573
447 352 1295
434 352 1074
143 352 1060
78 352 551
447 455 1289
143 455 1066
78 455 831
434 455 547
491 434 1298
373 434 1206
179 434 1064
237 434 710
491 78 534
217 78 231
491 447 1298
237 447 1292
373 447 1206
179 447 1064
491 143 1193
237 143 1098
373 143 725
494 217 979
264 217 794
276 217 792
298 217 658
168 237 932
276 237 637
264 237 499
298 237 252
168 491 641
494 491 460
276 491 1126
264 491 203
494 373 1212
168 373 932
276 373 792
264 373 499
298 373 421
264 179 1025
168 179 932
298 179 658
415 179 452
494 179 439
276 179 432
348 494 1060
379 494 150
389 494 143
346 494 385
389 264 1255
348 264 1211
346 264 1172
379 264 464
389 276 868
379 276 809
382 276 693
348 276 484
346 276 453
340 415 1216
382 415 1114
389 298 868
379 298 826
382 298 693
346 298 304
340 168 1170
137 389 811
133 346 926
137 382 811
133 340 1300
137 348 1272
133 348 1069
96 348 756
133 379 800
