341
622 432 320
728 432 1038
114 432 468
769 432 632
94 432 587
581 432 523
151 432 497
167 432 362
622 447 504
728 447 542
114 447 542
769 447 239
94 447 470
581 447 405
151 447 203
167 447 462
622 513 334
728 513 563
114 513 429
769 513 654
94 513 1019
581 513 889
151 513 497
167 513 362
622 649 258
728 649 1060
114 649 468
769 649 384
94 649 770
581 649 384
151 649 497
167 649 362
622 789 486
728 789 1075
114 789 339
769 789 256
94 789 254
581 789 233
151 789 153
167 789 343
622 800 182
728 800 1045
114 800 537
769 800 398
94 800 377
581 800 398
151 800 153
622 815 629
728 815 224
114 815 385
769 815 616
94 815 254
581 815 487
151 815 616
167 815 541
622 821 418
728 821 571
114 821 273
769 821 789
581 821 483
151 821 153
167 821 361
622 849 278
728 849 1143
114 849 535
769 849 522
94 849 254
581 849 472
151 849 144
167 849 522
622 862 137
728 862 727
114 862 218
769 862 994
581 862 238
151 862 480
167 862 957
622 868 629
728 868 571
114 868 385
769 868 915
94 868 115
581 868 436
151 868 720
167 868 587
622 881 486
728 881 1115
114 881 339
769 881 554
94 881 203
581 881 472
151 881 192
167 881 343
622 891 284
728 891 632
114 891 658
769 891 679
94 891 207
151 891 480
167 891 670
622 895 284
728 895 936
114 895 658
94 895 254
151 895 153
167 895 284
622 915 493
728 915 72
94 915 83
151 915 14
167 915 16
728 208 42
114 208 433
769 208 1
94 208 225
151 208 792
167 208 932
728 792 727
114 792 658
769 792 994
581 792 92
151 792 480
167 792 957
728 845 571
114 845 226
769 845 915
94 845 254
581 845 289
151 845 200
167 845 169
167 12 805
627 622 655
353 622 596
158 622 538
643 622 530
709 622 526
585 622 506
680 622 362
730 622 237
353 728 927
730 728 436
353 114 384
643 114 555
680 114 552
585 114 131
627 114 906
158 114 44
730 114 169
709 769 843
680 769 31
627 769 35
585 769 7
353 94 959
730 94 560
627 94 1099
643 581 1113
627 581 843
585 581 843
709 581 646
680 581 616
353 581 386
730 581 237
158 581 172
643 151 606
353 151 175
730 151 8
353 167 169
122 709 1137
469 709 116
463 643 1231
3 643 889
122 643 861
360 643 532
507 643 357
225 643 258
469 730 808
68 730 218
360 730 80
507 730 9
225 730 2
463 627 1247
3 627 979
469 627 886
122 627 818
360 627 401
507 627 185
225 627 109
50 353 1007
360 353 961
225 353 794
507 353 371
68 353 241
3 353 196
3 680 1070
469 680 886
507 680 498
360 680 281
50 680 178
122 680 162
360 158 657
469 158 1243
50 158 9
3 585 979
469 585 886
122 585 818
360 585 281
225 585 258
507 585 185
413 225 993
143 225 924
83 225 607
241 225 597
375 225 283
245 225 250
422 225 250
422 50 372
83 50 64
241 50 16
143 360 843
413 360 801
375 360 777
415 360 446
83 360 425
241 360 312
375 3 200
83 3 482
375 122 846
415 122 504
413 122 467
83 122 425
422 122 413
245 122 340
143 122 260
422 469 856
413 469 104
143 507 6
413 68 16
375 463 1297
83 463 580
415 463 492
143 463 492
413 463 415
433 422 1255
297 422 729
465 422 445
175 422 122
408 413 1072
402 413 1057
297 413 729
433 413 498
465 413 445
175 413 266
175 83 301
408 83 217
290 241 366
433 241 285
402 375 1070
465 375 664
290 375 644
297 375 644
433 143 603
290 143 507
297 143 507
402 143 397
408 143 376
175 143 231
408 415 905
402 415 796
297 415 729
433 415 498
465 415 445
297 245 1073
465 245 974
433 245 603
290 245 523
402 245 397
408 245 301
411 175 921
264 175 832
310 175 820
416 175 779
298 175 475
208 175 458
208 402 1297
298 402 686
310 402 191
416 408 955
208 408 920
298 408 686
310 408 396
208 433 1299
416 433 955
310 433 396
411 290 1106
416 290 750
310 290 499
411 465 192
411 297 1048
264 297 350
208 297 251
310 297 226
408 208 1105
214 208 937
154 208 793
374 208 405
326 208 310
214 310 403
379 310 356
377 310 285
377 416 1132
214 416 997
379 416 801
374 416 767
326 416 355
154 416 268
379 264 338
154 264 298
374 298 747
379 298 526
408 298 243
326 298 243
382 298 203
214 411 1121
154 411 1015
382 411 1000
377 411 831
374 411 545
326 411 355
379 411 259
101 382 1090
152 377 940
101 377 878
152 374 1185
101 374 878
152 214 1299
101 214 553
101 326 1295
101 408 1295
96 408 597
101 379 788
152 154 1299
