138
290 445 684
57 445 1177
125 445 249
27 445 919
290 512 408
57 512 1267
125 512 348
27 512 922
290 545 407
57 545 1274
125 545 564
27 545 623
290 595 461
57 595 1259
125 595 461
27 595 922
290 644 495
57 644 1256
125 644 709
27 644 623
290 672 684
57 672 1259
125 672 356
27 672 666
290 726 495
57 726 1261
125 726 581
27 726 824
57 52 18
125 52 7
27 52 1131
516 290 981
136 290 974
719 290 816
705 290 618
198 290 260
705 57 783
516 57 835
136 57 1250
719 57 247
705 125 1199
719 125 179
705 27 1158
136 27 1282
198 27 34
121 719 810
291 719 1036
229 719 1231
226 705 1138
291 705 1250
229 705 28
121 198 982
291 198 140
291 136 1037
229 136 1273
121 136 1280
226 136 422
229 516 1218
121 516 400
291 516 210
353 229 1178
212 229 547
353 226 1176
212 226 693
353 121 1211
212 121 772
353 291 1178
212 291 946
398 353 609
402 353 609
436 353 609
408 212 243
398 212 243
436 212 243
416 390 1220
402 390 1216
412 390 1201
398 390 411
408 390 294
398 414 1068
436 414 1051
402 414 973
416 414 881
412 414 391
408 414 294
208 408 1050
206 408 1019
140 408 966
218 408 790
291 408 488
267 408 266
140 402 1300
208 402 1299
206 402 1249
218 402 790
267 402 266
206 398 1255
140 398 749
208 398 600
291 398 406
206 436 1100
208 436 938
140 436 938
218 436 790
267 436 266
206 416 1255
140 416 749
208 416 369
291 416 350
218 416 286
140 412 1152
218 412 790
267 412 266
206 412 250
208 412 241
291 412 199
238 140 1169
388 208 926
342 208 926
330 208 341
348 291 1144
342 291 349
330 291 340
348 264 1144
330 218 1202
348 218 399
342 218 368
348 267 1063
388 206 1082
342 206 1082
152 342 1121
69 342 925
69 330 1020
69 388 621
152 348 1295
69 348 943
152 238 1300
200 238 993
