270
15 90 61
22 90 435
710 90 437
55 90 294
156 90 92
15 420 656
22 420 844
710 420 844
27 420 804
196 420 804
55 420 222
156 420 804
15 427 804
22 427 719
710 427 718
27 427 852
196 427 852
55 427 602
156 427 843
15 628 406
22 628 288
710 628 810
27 628 836
196 628 836
55 628 520
156 628 836
15 629 225
22 629 991
710 629 915
27 629 412
196 629 762
55 629 412
156 629 795
15 637 383
22 637 1021
710 637 915
27 637 872
196 637 950
55 637 222
156 637 843
15 714 446
22 714 985
710 714 915
27 714 846
196 714 846
55 714 397
156 714 843
15 738 223
22 738 238
710 738 793
27 738 872
196 738 904
55 738 520
156 738 843
15 771 734
22 771 177
710 771 750
196 771 490
55 771 326
156 771 583
15 824 579
22 824 575
710 824 688
27 824 306
196 824 453
156 824 710
15 842 413
22 842 810
710 842 350
27 842 123
196 842 1006
55 842 822
156 842 710
15 855 722
22 855 499
710 855 417
27 855 109
196 855 488
55 855 792
156 855 710
15 941 724
55 941 891
22 313 209
710 313 585
22 599 1026
710 599 915
27 599 322
196 599 762
55 599 322
156 599 795
22 803 387
710 803 439
27 803 177
196 803 1006
55 803 999
156 803 708
22 971 743
27 971 385
196 971 641
156 971 305
717 15 865
827 15 37
71 15 98
743 15 60
656 15 66
611 15 19
71 22 808
656 22 316
626 22 62
717 22 16
796 22 47
827 22 1
743 710 641
656 710 292
71 710 45
717 27 1078
626 27 236
827 196 554
717 196 805
656 196 440
611 196 172
717 55 15
626 55 13
827 55 1
796 156 62
49 656 717
211 656 674
35 656 643
1 656 643
402 656 382
463 656 291
262 71 30
1 71 8
35 743 79
262 743 249
49 743 2
1 743 3
31 827 71
402 827 412
262 827 36
463 626 1179
211 626 692
402 626 641
31 796 1027
1 796 195
402 796 128
463 611 1179
211 611 692
35 611 173
211 717 1264
402 717 41
31 717 4
1 717 2
241 32 781
413 1 58
87 1 268
241 1 5
413 49 235
87 49 47
87 31 997
39 31 172
413 262 740
412 262 503
241 262 306
308 262 288
375 262 278
39 262 276
87 262 241
308 35 247
87 35 10
413 402 884
375 402 741
39 402 581
87 402 467
308 402 326
412 402 217
308 211 1216
413 211 830
241 211 591
87 211 375
375 211 196
375 463 1298
415 463 523
412 463 483
413 463 429
39 463 186
407 308 763
433 308 522
17 308 456
175 308 383
408 308 352
416 308 267
208 308 252
408 413 1189
416 413 827
208 413 534
433 413 307
377 413 242
175 413 225
407 413 194
433 87 106
407 87 67
416 241 267
17 241 234
407 241 200
407 375 1283
416 375 603
17 375 405
17 39 1296
175 39 510
408 412 978
208 412 429
433 412 427
407 412 333
17 412 217
408 415 1054
407 415 783
416 415 642
208 415 534
433 415 307
298 175 804
358 175 784
208 175 373
168 175 326
298 208 751
168 208 651
358 208 545
208 208 361
208 407 1292
358 407 638
298 407 608
208 408 1015
298 408 829
358 408 730
208 433 1300
168 17 1296
358 17 31
298 17 9
358 416 730
208 416 478
298 416 355
168 377 1272
214 208 1166
388 208 905
342 208 905
330 208 429
340 208 429
340 358 754
330 358 754
349 358 472
343 298 309
388 168 1170
340 168 1110
330 168 500
342 168 436
69 343 997
101 343 963
69 330 1117
101 330 1013
134 330 747
101 349 1287
69 349 867
134 349 747
134 342 1300
69 342 867
134 214 1248
101 214 528
134 388 1135
101 388 903
134 340 774
