197
513 300 1
149 300 707
270 300 951
810 300 94
513 478 354
149 478 354
376 478 258
270 478 385
810 478 341
513 786 517
149 786 681
376 786 510
270 786 944
810 786 928
513 866 171
149 866 681
376 866 171
270 866 946
810 866 474
513 870 269
149 870 618
376 870 845
270 870 843
810 870 483
513 878 219
149 878 913
376 878 195
270 878 335
810 878 796
513 885 269
149 885 913
376 885 195
270 885 305
810 885 796
513 889 269
149 889 580
376 889 195
270 889 837
810 889 685
513 903 725
149 903 541
270 903 934
810 903 34
149 322 414
376 322 259
810 322 799
149 879 981
376 879 780
270 879 167
810 879 796
79 513 1158
742 513 1158
605 513 939
158 513 819
602 513 327
79 149 1091
742 149 1137
158 149 1062
79 376 1196
742 376 1196
605 376 1110
602 376 975
158 376 360
79 270 1106
742 270 1106
158 270 809
605 270 784
602 270 583
79 810 769
158 810 509
742 810 47
602 810 1
322 742 1115
364 742 973
256 742 911
469 742 238
256 79 1115
322 79 1058
364 79 1272
469 79 581
480 79 3
469 605 1203
256 605 470
364 605 449
322 605 340
480 605 175
322 158 999
469 158 1291
256 158 2
469 602 1203
480 602 781
256 602 470
364 602 401
322 602 340
413 480 1
412 469 455
313 469 1101
413 469 35
402 469 5
39 364 1157
412 364 1024
402 364 373
39 322 1157
412 322 1024
313 322 204
412 256 1024
402 256 518
313 256 309
408 413 1193
309 413 739
320 413 404
433 413 403
193 413 221
17 39 1299
433 402 1228
309 402 696
408 402 482
320 402 156
17 402 142
17 313 1101
193 313 797
309 313 628
433 313 626
408 313 550
320 313 341
408 412 917
17 412 478
433 412 459
320 412 335
408 415 1111
309 415 739
433 415 346
298 408 999
208 408 682
415 408 483
423 408 450
208 433 1299
415 433 483
423 433 323
423 17 1050
168 17 1297
415 17 788
437 17 158
298 17 4
423 309 714
415 309 556
298 309 425
168 309 390
437 309 390
168 320 875
437 320 875
423 320 875
415 320 734
298 320 670
208 320 646
423 193 1152
168 193 1132
437 193 1062
415 193 842
208 193 133
388 208 982
324 208 602
340 208 429
348 208 241
388 437 1204
340 437 1200
324 437 1200
343 437 618
349 437 510
388 415 1251
340 415 1234
324 415 1214
343 415 618
349 415 510
343 298 413
340 298 170
324 298 170
388 423 1251
340 423 1234
324 423 1214
343 423 618
349 423 510
340 168 1203
388 168 1215
324 168 1125
95 343 868
133 349 1206
95 349 897
95 324 1284
133 324 1009
96 324 696
133 340 1300
95 388 1284
96 388 696
95 348 1174
133 348 1005
96 348 793
