272
685 458 544
63 458 347
109 458 797
412 458 625
613 458 392
542 458 450
685 505 539
63 505 367
109 505 367
412 505 141
409 505 616
613 505 539
542 505 274
235 505 786
685 514 375
63 514 556
109 514 747
412 514 625
409 514 395
613 514 595
542 514 435
235 514 284
685 541 204
63 541 470
109 541 672
412 541 625
409 541 372
613 541 242
542 541 378
235 541 786
685 585 226
63 585 556
109 585 765
412 585 625
409 585 474
613 585 561
542 585 378
235 585 786
685 591 588
63 591 305
109 591 512
412 591 175
409 591 348
613 591 289
542 591 299
235 591 693
685 641 214
63 641 226
109 641 784
412 641 625
409 641 217
613 641 392
542 641 378
685 642 280
63 642 305
109 642 776
412 642 625
409 642 326
613 642 392
542 642 378
235 642 745
685 821 673
63 821 208
109 821 396
412 821 750
409 821 473
542 821 197
235 821 355
685 822 314
63 822 164
109 822 396
412 822 164
409 822 643
542 822 619
235 822 354
685 848 603
109 848 396
412 848 672
409 848 246
613 848 365
542 848 532
235 848 246
685 883 415
63 883 208
109 883 323
412 883 750
409 883 643
613 883 396
542 883 619
235 883 354
685 892 233
63 892 251
109 892 125
412 892 603
613 892 396
542 892 150
235 892 633
63 315 15
109 315 5
412 315 98
409 315 754
613 315 711
109 1013 1
412 1013 547
409 1013 652
235 1013 644
412 30 504
409 30 318
613 30 188
542 30 333
235 30 293
412 1000 6
613 1000 172
138 685 779
640 685 777
805 685 667
785 685 471
632 685 422
605 685 211
632 63 454
605 63 375
640 63 403
785 63 52
138 63 4
805 109 434
138 109 643
632 109 91
138 412 807
785 412 803
605 412 678
805 412 675
632 412 528
640 412 358
605 409 786
805 409 606
785 409 576
632 409 532
138 409 297
640 409 159
640 613 964
138 613 779
805 613 617
605 613 344
632 613 294
785 613 292
138 542 807
805 542 675
785 542 627
632 542 493
640 542 416
605 542 304
805 235 1150
785 235 1009
640 235 131
93 640 970
450 640 816
52 640 765
11 640 444
522 640 230
11 138 328
522 138 590
450 138 240
93 805 845
450 805 110
313 785 321
450 785 354
11 785 508
522 785 600
93 785 1244
11 632 807
450 632 617
93 632 568
313 632 433
52 632 422
522 632 363
93 605 813
11 605 785
52 605 765
450 605 669
313 605 433
522 605 363
39 450 1067
375 450 986
29 450 863
329 450 540
329 313 760
29 313 728
181 313 435
181 93 805
329 93 165
256 93 82
39 93 2
329 522 566
39 52 45
375 52 11
256 11 687
375 11 788
39 11 163
329 11 350
181 11 6
226 181 1053
193 181 801
100 181 735
241 181 254
241 375 642
17 375 611
226 375 284
17 39 1287
226 39 683
100 39 26
226 29 975
226 256 1097
100 256 735
241 256 351
193 256 351
438 256 316
226 329 1108
100 329 884
193 329 842
17 329 611
241 329 536
168 100 270
208 438 661
407 438 596
437 438 499
426 438 396
402 438 307
168 438 242
426 226 542
407 226 441
402 226 338
208 226 338
168 17 1283
437 17 387
437 193 1056
168 193 1056
407 193 790
426 193 638
208 193 215
437 241 1083
168 241 1083
426 241 513
407 241 513
208 241 163
402 241 163
379 402 649
340 402 623
343 402 623
349 402 462
340 208 361
340 437 1052
359 437 929
349 437 777
343 437 774
359 426 929
379 426 649
343 426 449
349 426 275
379 407 1164
359 407 812
340 407 587
343 407 449
349 407 433
340 168 1176
150 359 1261
134 359 970
95 343 705
95 349 812
150 340 1061
134 340 970
150 379 1261
134 379 970
