106
665 445 439
242 445 1053
27 445 1123
235 445 741
665 512 439
242 512 1102
27 512 1214
235 512 852
665 625 443
242 625 916
27 625 1075
235 625 911
665 626 255
242 626 812
27 626 1138
235 626 867
665 711 245
242 711 672
27 711 1214
235 711 968
665 733 121
242 733 1102
27 733 1107
235 733 821
242 52 1090
27 52 1275
823 665 1066
484 665 832
136 665 220
136 242 1247
805 242 1194
484 242 5
823 242 1
484 27 1262
136 27 1280
805 27 169
805 235 1108
484 235 87
121 484 1188
292 484 1065
229 484 837
226 484 422
229 823 187
226 136 710
229 136 1285
292 136 1161
121 136 1290
121 805 1151
292 805 1201
4 229 1091
353 229 951
353 121 1028
4 121 943
212 121 307
414 121 231
353 226 1021
4 226 721
212 226 421
4 292 1091
353 292 833
39 292 524
212 292 307
17 353 719
402 353 719
100 353 675
436 353 635
398 353 515
100 212 453
17 212 267
100 4 929
17 4 594
17 39 1299
100 39 32
402 390 1244
416 390 1237
224 390 764
398 390 334
17 390 121
402 414 1065
436 414 1010
398 414 975
416 414 833
224 414 352
50 100 904
168 100 244
208 224 1000
168 224 499
50 224 426
208 402 1300
168 17 1296
208 436 1038
239 436 286
168 436 172
208 398 726
239 398 645
168 398 172
239 416 550
208 416 459
340 208 579
385 50 1244
340 168 1138
340 239 1093
343 239 374
146 343 1024
146 340 1294
146 385 1024
