202
215 66 1243
34 66 978
702 66 155
215 72 69
171 72 1008
702 72 3
75 72 6
215 116 292
824 116 551
171 116 44
702 116 659
215 483 1025
824 483 1025
34 483 377
171 483 1021
702 483 263
75 483 276
215 528 904
824 528 897
34 528 226
171 528 950
702 528 378
75 528 487
215 609 1208
824 609 1099
34 609 727
171 609 1021
702 609 257
75 609 438
215 674 869
824 674 681
34 674 226
171 674 988
702 674 536
75 674 140
215 697 830
824 697 879
171 697 830
702 697 537
75 697 913
215 746 1208
824 746 1099
34 746 231
171 746 1021
702 746 344
75 746 223
215 834 875
824 834 225
34 834 475
171 834 474
702 834 1036
75 834 434
215 851 295
824 851 1125
34 851 280
702 851 885
75 851 414
215 895 603
824 895 395
34 895 690
702 895 568
75 895 461
215 899 597
824 899 455
34 899 47
215 969 579
75 969 62
824 11 227
34 11 906
171 11 831
824 114 65
34 114 312
171 114 721
702 114 607
824 222 1245
702 222 438
824 223 59
34 223 409
171 223 56
824 928 980
702 928 671
75 928 379
589 215 204
643 215 484
788 215 519
636 215 285
663 824 903
643 824 233
589 824 115
643 34 530
788 34 985
788 171 1257
636 702 1155
589 702 877
643 702 841
663 702 240
788 75 1065
643 75 92
280 643 1234
516 643 755
56 643 755
69 643 264
1 643 258
516 636 1273
297 636 1106
1 636 1078
56 636 544
516 589 1216
297 589 1106
56 589 544
280 589 349
1 589 217
69 589 209
516 788 1221
56 788 1261
1 788 141
280 788 41
516 663 1099
1 663 1078
56 663 803
297 663 513
280 663 349
69 663 195
87 1 291
43 1 33
375 280 1201
69 280 1144
69 516 1284
87 516 250
43 516 235
76 69 1271
43 69 1295
87 69 19
43 297 819
69 297 496
78 297 486
375 297 345
87 297 315
87 56 972
69 56 856
78 56 234
307 78 27
274 43 17
407 43 7
178 375 1299
407 375 1297
442 375 1272
402 375 666
407 87 48
93 69 1152
274 69 524
407 415 822
402 415 544
178 415 483
274 415 335
93 415 236
140 93 549
208 93 99
208 274 1171
140 274 1171
264 274 704
273 274 595
140 407 1299
273 407 1299
208 407 1298
416 407 786
208 178 1088
140 178 1088
344 178 732
289 178 687
264 178 398
273 178 294
140 442 1294
208 442 1294
273 442 1294
416 442 974
416 307 1035
208 307 940
140 307 872
344 307 732
264 307 704
289 307 414
140 402 1299
273 402 1299
208 402 1298
416 402 196
238 140 1169
214 208 1222
154 208 913
214 416 1252
154 416 598
214 273 1222
154 273 913
154 264 390
214 344 782
214 289 879
154 289 496
101 382 1153
152 214 1299
133 403 893
152 154 1299
152 238 1299
