171
149 334 548
327 334 28
613 334 92
264 334 160
149 664 1027
513 664 168
485 664 399
327 664 369
613 664 168
264 664 168
149 697 663
513 697 468
485 697 500
327 697 254
264 697 253
149 772 1033
513 772 317
485 772 410
327 772 289
613 772 611
264 772 520
149 789 978
513 789 317
485 789 494
327 789 289
613 789 278
264 789 249
149 816 978
485 816 459
327 816 168
613 816 168
264 816 487
149 839 978
513 839 317
485 839 226
327 839 289
613 839 170
264 839 135
149 842 1049
513 842 380
485 842 489
327 842 504
264 842 247
149 844 665
513 844 641
485 844 727
327 844 187
264 844 313
149 870 780
513 870 192
485 870 385
327 870 257
613 870 482
264 870 739
149 878 978
513 878 160
485 878 494
613 878 728
264 878 194
149 879 1100
485 879 540
613 879 728
264 879 313
485 951 186
264 951 429
742 149 1168
79 149 1066
79 513 1142
742 513 1142
605 513 653
606 513 495
742 485 759
79 485 566
606 485 355
605 485 355
742 327 1164
605 327 740
79 327 610
606 327 304
742 613 1173
79 613 1138
605 613 364
606 613 233
79 264 612
606 264 390
605 264 327
742 264 327
322 742 1142
364 742 923
469 742 12
416 742 1
322 606 1130
364 606 1016
469 606 626
416 606 580
469 79 152
322 79 1156
364 79 1161
35 605 945
322 605 728
364 605 694
416 605 682
469 605 626
387 416 967
422 416 930
39 416 851
87 416 761
375 416 669
422 469 973
39 364 1134
387 364 1121
422 364 574
87 364 530
375 364 284
422 35 172
87 35 8
375 35 1
39 322 1134
387 322 1045
87 322 530
375 322 167
365 422 446
309 422 199
17 375 826
320 375 672
320 87 13
17 39 1186
320 387 571
193 387 502
365 415 568
320 415 533
309 415 503
415 365 921
436 365 866
437 365 866
436 17 736
415 17 949
437 17 467
415 309 708
436 309 518
437 309 518
437 320 967
436 320 967
415 320 921
437 193 1097
436 193 1091
415 193 865
424 193 501
379 424 1020
324 424 425
388 424 425
340 424 212
388 436 1140
379 436 1008
324 436 979
340 436 971
343 436 399
388 437 1127
324 437 1105
340 437 1105
343 437 550
340 415 1175
388 415 1169
324 415 1131
343 415 550
95 343 927
133 379 687
95 324 1172
133 324 1036
133 340 1187
95 388 1172
