124
703 432 712
550 432 478
405 432 148
432 432 237
703 476 712
550 476 961
405 476 368
432 476 118
703 629 591
550 629 908
405 629 621
432 629 211
703 661 555
550 661 343
405 661 337
432 661 534
703 698 618
550 698 923
405 698 262
432 698 320
703 740 400
550 740 413
405 740 798
432 740 437
703 876 1069
550 876 614
405 876 822
432 876 356
703 890 1069
550 890 614
405 890 1162
550 365 354
405 365 10
804 703 979
632 703 764
591 703 483
632 550 1085
804 550 1057
591 550 1007
804 405 1242
591 405 568
632 405 515
632 432 1151
804 432 698
591 432 568
484 591 1137
169 591 1034
173 591 854
273 591 212
169 632 1147
484 632 946
173 632 854
273 632 392
273 804 1210
169 804 1045
484 804 1269
173 804 322
447 173 1186
181 173 837
78 173 663
434 173 605
434 484 977
181 484 1116
434 169 944
78 169 663
447 169 531
181 169 493
447 273 1186
434 273 831
181 273 335
373 447 1273
179 447 1149
385 447 675
217 78 263
100 78 745
385 78 1
373 181 1220
179 181 1184
217 181 867
100 181 631
373 434 1273
179 434 1149
385 434 675
168 100 193
494 100 67
494 217 1173
303 217 1168
264 217 900
208 217 836
208 385 1181
303 385 739
264 385 245
494 373 1207
303 373 1168
168 373 801
264 373 663
264 179 1107
168 179 801
303 179 540
494 179 468
342 208 774
389 494 151
352 494 837
348 494 992
349 494 505
346 494 425
342 494 156
389 303 280
389 264 1256
346 264 1214
348 264 1151
342 168 483
133 342 1263
96 342 842
101 346 1289
133 346 908
133 389 908
101 382 1131
101 352 1272
101 349 1293
133 349 1090
101 348 1151
133 348 1074
96 348 842
