335
673 430 522
819 430 709
335 430 649
411 430 176
376 430 299
828 430 493
576 430 233
671 430 629
167 430 717
673 451 236
819 451 709
335 451 282
411 451 393
828 451 493
576 451 460
671 451 629
637 451 170
167 451 717
673 521 522
819 521 709
335 521 649
376 521 201
828 521 493
576 521 233
671 521 629
637 521 201
167 521 717
673 554 522
819 554 709
335 554 649
828 554 493
576 554 267
671 554 629
167 554 717
673 586 522
819 586 709
335 586 680
411 586 204
376 586 487
828 586 493
576 586 233
671 586 629
167 586 717
673 670 522
819 670 709
335 670 649
376 670 221
828 670 493
576 670 488
671 670 629
167 670 717
673 677 192
819 677 709
335 677 227
411 677 204
828 677 782
576 677 476
671 677 629
167 677 717
673 783 724
819 783 315
335 783 227
411 783 633
576 783 425
671 783 441
637 783 402
167 783 584
673 792 767
819 792 315
335 792 460
411 792 281
376 792 192
576 792 272
671 792 564
637 792 523
167 792 864
673 842 247
819 842 249
411 842 663
828 842 699
576 842 403
671 842 417
673 846 317
819 846 315
335 846 460
411 846 663
376 846 414
576 846 403
671 846 650
637 846 501
167 846 406
673 853 317
819 853 315
335 853 460
411 853 281
376 853 414
828 853 146
576 853 370
671 853 650
637 853 523
167 853 447
673 865 587
335 865 154
411 865 663
376 865 414
576 865 403
671 865 650
637 865 154
167 865 864
673 866 644
819 866 249
335 866 225
411 866 663
576 866 425
671 866 359
637 866 237
167 866 309
819 387 709
335 387 159
411 387 216
828 387 493
671 387 629
167 387 717
819 502 709
335 502 227
411 502 291
376 502 341
828 502 493
576 502 358
671 502 629
637 502 274
167 502 717
819 691 709
335 691 381
411 691 151
376 691 134
828 691 493
576 691 380
671 691 629
637 691 395
167 691 717
71 673 509
605 673 478
656 673 392
617 673 247
808 673 228
520 673 215
520 819 678
617 819 301
656 819 124
602 335 757
808 335 574
656 335 387
520 335 248
71 335 248
602 411 757
617 411 592
71 411 517
656 411 485
808 411 448
79 411 345
520 411 321
605 411 218
808 376 1118
79 376 951
71 376 886
602 376 745
656 376 657
605 376 527
520 376 404
617 376 151
602 828 66
808 828 89
71 576 995
79 576 844
808 576 635
656 576 443
602 576 443
520 576 314
605 576 313
79 671 1063
71 671 883
808 671 635
656 671 564
520 671 314
605 671 313
602 671 302
617 671 174
71 637 1072
602 637 915
656 637 778
79 637 544
808 637 544
605 637 380
71 167 520
520 167 327
808 167 7
525 71 1259
432 71 4
469 656 1104
456 656 1076
256 656 847
321 656 262
525 656 246
256 79 1158
525 79 464
469 79 208
525 605 1075
469 605 997
432 605 647
256 605 532
456 605 507
256 808 552
321 808 185
469 808 63
456 617 905
256 617 847
432 617 288
321 520 873
456 520 669
256 520 526
469 520 239
525 520 239
456 602 1076
525 602 1075
469 602 997
432 602 647
256 602 532
394 456 1014
387 456 990
375 456 808
39 456 783
412 456 622
375 432 808
39 432 783
412 432 500
415 432 402
394 432 228
387 432 196
412 525 778
39 525 1192
412 469 448
402 469 5
394 256 1219
387 256 1192
412 256 962
402 256 729
375 256 411
394 321 569
412 321 519
387 321 519
375 321 438
402 321 391
415 321 239
39 321 239
407 375 1269
416 375 833
436 375 832
398 375 703
17 375 676
408 375 428
17 39 1300
433 402 1215
416 402 738
408 402 444
407 402 252
433 394 914
416 394 818
408 394 788
436 394 505
398 394 439
407 394 252
436 387 1070
398 387 857
416 387 818
408 387 788
433 387 540
407 387 252
408 412 884
436 412 604
398 412 604
433 412 496
17 412 394
407 412 334
416 412 309
408 415 1060
407 415 828
416 415 582
436 415 437
398 415 437
433 415 383
208 407 1291
298 407 785
415 407 372
298 408 926
208 408 868
415 408 426
208 433 1299
415 433 426
415 17 775
168 17 1296
208 398 491
415 398 426
298 436 926
208 436 672
415 436 225
415 416 340
208 416 340
298 416 277
388 208 957
324 208 424
330 208 373
340 208 373
388 415 1246
340 415 1214
324 415 1136
330 415 1033
343 415 470
349 415 437
343 298 294
330 168 475
324 168 1047
388 168 1211
340 168 1198
69 343 1030
101 343 1013
69 330 1182
101 330 981
134 330 687
101 349 1294
69 349 934
134 340 678
134 388 1117
101 388 929
101 324 607
