140
695 759 606
460 759 492
202 759 1118
671 759 789
504 759 420
695 782 495
460 782 659
202 782 903
671 782 744
504 782 136
695 821 590
460 821 782
202 821 903
671 821 889
504 821 136
695 833 751
460 833 137
202 833 903
671 833 744
504 833 739
695 838 564
202 838 903
671 838 744
504 838 136
695 841 204
460 841 140
202 841 140
671 841 747
504 841 204
695 845 620
202 845 903
671 845 744
504 845 136
695 873 635
460 873 173
202 873 903
671 873 744
504 873 136
695 883 341
460 883 221
202 883 221
671 883 889
504 883 155
460 807 659
202 807 645
671 807 793
460 823 659
202 823 903
671 823 744
504 823 136
658 695 1237
675 695 1032
656 695 920
617 695 728
516 695 126
516 460 810
617 460 501
656 460 437
675 460 387
658 460 219
656 202 393
675 671 869
656 671 866
658 671 317
516 504 1192
656 504 1083
675 504 930
617 504 874
112 656 1235
416 656 1026
416 675 1026
112 675 964
54 675 942
109 675 464
416 658 1274
109 658 1165
54 658 324
112 658 297
109 516 1236
112 516 844
416 516 144
416 617 1271
109 617 1265
112 617 1204
54 617 324
375 416 1120
307 109 334
375 112 739
77 112 327
415 112 250
407 375 1273
402 375 1074
374 375 909
416 375 763
402 77 521
407 77 29
170 307 854
250 307 823
402 415 1027
407 415 849
416 415 706
374 415 410
273 250 823
208 250 363
206 250 280
140 250 280
140 407 1300
273 407 1300
208 407 1299
206 407 752
140 402 1300
273 402 1300
208 402 1299
206 402 1257
273 170 823
208 170 743
206 170 227
206 416 1257
140 416 911
273 416 439
208 416 409
206 374 1074
140 374 156
388 208 825
324 208 444
330 208 266
238 140 1130
309 273 995
355 273 378
388 206 1125
324 206 444
101 330 814
139 309 1237
101 355 1023
152 324 908
101 324 870
101 388 830
152 238 1300
139 238 651
101 238 500
