203
317 84 11
589 84 20
658 84 1133
317 494 497
680 494 1256
457 494 828
589 494 307
637 494 377
658 494 579
317 500 497
680 500 1256
457 500 240
589 500 307
637 500 422
658 500 579
317 787 380
680 787 1040
457 787 477
589 787 809
637 787 712
658 787 380
317 788 219
680 788 1040
589 788 809
637 788 840
658 788 694
317 804 795
680 804 1037
589 804 712
637 804 263
658 804 910
317 816 795
680 816 481
457 816 763
589 816 712
637 816 355
658 816 1043
317 832 630
680 832 1186
589 832 273
637 832 1002
658 832 837
317 833 795
680 833 1040
589 833 809
637 833 572
658 833 860
317 854 795
680 854 144
589 854 712
637 854 564
658 854 870
589 359 257
658 359 1063
801 317 906
764 317 906
815 317 664
781 317 634
680 317 369
692 317 318
815 680 1254
781 680 1085
680 680 500
764 680 430
692 680 251
801 680 212
781 457 1183
815 457 1160
692 457 790
801 457 343
764 457 334
680 457 302
815 589 1134
781 589 1085
692 589 399
801 589 314
764 589 314
680 589 251
815 637 1187
801 637 1107
781 637 1085
764 637 557
680 637 500
692 637 399
815 658 1278
801 658 1270
781 658 1085
680 658 500
764 658 331
692 658 202
59 692 1172
1 692 354
41 692 170
375 692 148
244 764 94
138 764 10
59 764 17
375 815 330
59 815 1053
244 815 23
1 815 2
244 801 1199
138 781 1007
59 781 1274
375 781 247
1 680 873
244 680 825
138 680 726
375 680 700
59 680 543
83 1 893
129 1 785
130 244 870
83 244 810
361 244 661
367 244 575
83 375 810
361 375 672
367 375 575
129 375 289
415 41 3
361 59 648
83 59 1274
129 59 239
129 138 786
367 138 638
361 138 551
83 138 388
175 83 373
263 129 961
175 129 752
192 129 683
365 129 552
292 129 552
474 129 296
208 367 816
263 367 748
292 367 539
192 367 489
365 367 348
175 367 332
263 361 910
192 361 606
263 130 961
175 130 752
292 130 693
192 130 606
474 130 296
192 415 822
292 415 815
208 415 617
263 415 471
365 415 416
474 415 206
289 208 1183
298 208 741
360 208 469
416 208 361
208 208 295
289 175 1092
298 175 812
416 175 650
208 175 488
266 175 308
266 192 1028
298 192 535
416 192 472
289 365 897
298 365 741
360 365 621
208 365 543
416 365 368
208 292 964
266 292 336
298 263 621
289 263 547
360 263 432
416 263 361
208 474 840
416 474 620
408 208 1243
214 208 1223
326 208 483
326 360 1152
214 360 408
214 416 1200
326 416 432
408 298 405
326 298 405
408 266 1197
326 266 929
214 266 802
408 289 1158
326 289 845
214 289 566
101 382 1259
96 382 1010
101 214 689
101 326 1300
101 408 1300
96 408 1010
96 341 1211
101 341 836
