142
677 474 226
763 474 1076
290 474 682
331 474 312
361 474 134
677 513 290
763 513 124
290 513 697
331 513 660
361 513 332
677 780 756
763 780 880
290 780 713
331 780 213
677 816 756
763 816 702
290 816 147
331 816 218
361 816 212
677 825 405
763 825 891
290 825 582
331 825 405
361 825 732
677 844 756
763 844 232
290 844 778
331 844 432
361 844 334
677 895 756
763 895 891
290 895 147
331 895 315
361 895 434
677 916 3
763 916 1132
290 916 734
677 931 417
763 931 878
361 931 3
763 253 1147
290 253 684
331 253 23
361 253 376
763 738 925
290 738 697
331 738 372
361 738 283
627 677 1017
680 677 455
589 677 451
604 677 305
627 763 268
604 763 134
198 763 1
589 290 931
604 290 747
680 290 744
198 290 598
627 290 471
589 331 840
198 331 780
604 331 747
627 331 423
627 361 861
589 361 818
198 361 780
604 361 747
680 361 413
231 198 1100
168 198 572
507 198 40
401 604 1209
91 604 857
168 604 756
507 604 387
168 627 869
507 627 648
401 627 329
91 589 966
507 589 948
168 589 869
401 589 329
231 589 118
91 680 966
507 680 948
168 680 869
231 680 715
401 680 329
143 91 356
2 91 1298
271 91 166
143 401 1239
2 401 753
302 401 200
302 168 1079
296 168 854
143 168 846
2 168 509
143 507 11
302 231 1269
296 231 854
271 231 729
2 231 729
143 231 427
369 302 1097
297 302 526
175 302 238
408 302 238
408 2 629
369 2 388
175 271 1064
369 271 741
408 271 611
369 296 1049
297 296 986
175 296 205
297 143 952
369 143 687
408 143 400
175 143 380
303 175 600
202 175 487
339 175 251
339 408 668
202 408 158
339 369 962
303 369 442
202 369 363
339 297 911
303 297 617
202 297 617
296 202 409
154 202 348
154 303 789
296 303 519
154 339 1104
296 339 869
70 296 904
70 154 858
123 154 677
162 154 605
