243
601 103 1
232 103 440
665 103 55
601 163 10
48 163 997
232 163 1
665 163 1
549 163 628
601 421 370
48 421 226
232 421 576
665 421 521
549 421 746
487 421 331
739 421 403
601 426 296
48 426 161
232 426 576
665 426 317
633 426 339
549 426 746
487 426 331
739 426 599
601 439 296
48 439 161
232 439 1017
665 439 198
633 439 339
549 439 657
487 439 321
739 439 803
601 553 729
48 553 193
232 553 576
665 553 202
633 553 223
549 553 746
487 553 331
739 553 313
601 554 342
48 554 527
232 554 440
665 554 310
633 554 197
549 554 330
487 554 205
601 585 296
48 585 161
232 585 923
665 585 263
633 585 339
549 585 746
487 585 331
739 585 477
601 595 443
48 595 217
232 595 837
665 595 539
633 595 339
549 595 746
487 595 331
739 595 514
601 607 639
48 607 571
232 607 576
665 607 157
633 607 151
549 607 746
487 607 554
739 607 513
601 616 645
48 616 155
232 616 750
665 616 633
633 616 339
549 616 657
739 616 627
601 791 513
48 791 189
232 791 837
665 791 265
633 791 250
549 791 461
487 791 416
739 791 241
601 891 513
48 891 492
232 891 686
665 891 492
633 891 596
549 891 420
487 891 152
739 891 596
601 1007 868
232 1007 89
665 1007 1
549 1007 2
232 957 398
549 957 176
715 601 1122
794 601 885
611 601 696
808 601 322
648 601 303
715 48 671
808 48 463
611 48 313
648 48 8
648 232 706
808 232 1092
611 232 62
794 665 620
715 665 620
611 665 540
808 665 461
648 665 303
794 633 777
715 633 777
808 633 711
611 633 540
648 633 514
808 549 1167
715 549 800
648 549 800
611 549 662
794 549 179
808 487 931
715 487 800
794 487 734
611 487 652
648 487 470
715 739 465
458 648 945
432 648 945
135 648 871
437 648 715
442 648 432
437 794 192
432 794 1028
442 794 842
458 794 1054
458 715 841
442 715 553
432 715 928
432 611 1121
458 611 1044
437 611 715
135 611 655
442 611 432
135 808 1176
437 808 971
333 458 982
139 458 885
264 458 858
234 458 798
193 135 1041
234 135 610
333 135 610
264 135 438
333 432 982
139 432 885
264 432 858
234 432 690
333 442 982
234 442 858
264 442 858
139 442 723
193 442 347
333 437 982
193 437 873
264 437 858
139 437 723
234 437 634
405 333 1238
493 333 816
408 333 693
411 333 686
364 333 590
405 234 934
493 234 816
408 234 693
364 234 590
411 234 348
493 193 811
411 193 769
405 193 671
408 193 641
364 193 590
364 139 1021
411 139 1019
405 139 462
408 139 385
493 139 358
411 264 886
493 264 816
405 264 671
364 264 590
391 364 918
298 364 484
201 364 399
368 364 385
391 411 886
298 411 581
208 411 452
368 411 392
267 411 378
201 411 319
391 391 886
368 391 392
208 391 383
201 391 365
298 405 929
391 405 886
368 405 392
267 405 378
208 405 315
201 405 248
298 408 929
208 408 816
201 408 418
267 408 378
201 493 726
368 493 745
379 368 744
349 368 417
388 208 973
340 208 292
379 391 393
379 298 703
343 298 287
379 267 457
340 168 1111
388 168 1166
69 343 1096
101 343 1020
101 349 1289
69 349 984
134 349 868
134 340 771
134 388 1151
101 388 927
69 388 649
134 379 1251
