169
680 156 216
139 156 721
680 330 548
139 330 566
680 494 928
694 494 474
581 494 236
93 494 1033
139 494 722
680 498 928
581 498 526
93 498 1033
139 498 252
680 600 928
694 600 531
581 600 526
93 600 1033
139 600 800
680 603 928
694 603 892
581 603 526
93 603 1033
139 603 753
680 686 928
694 686 855
581 686 526
93 686 1033
139 686 753
680 740 744
581 740 526
93 740 484
139 740 545
680 751 548
694 751 316
581 751 526
93 751 548
139 751 701
680 771 864
581 771 415
93 771 833
139 771 1125
680 795 681
581 795 907
93 795 421
139 795 792
680 798 612
694 798 846
581 798 772
93 798 833
139 798 1125
581 858 775
93 858 833
139 858 1125
776 680 1118
643 680 942
157 680 408
675 680 233
776 694 1183
157 694 1139
663 694 1058
643 694 942
776 581 1183
643 581 942
157 581 568
675 581 315
776 93 1298
663 93 129
675 93 126
157 139 1220
675 139 462
663 139 924
776 139 4
424 776 1148
443 776 1067
476 776 49
445 643 1037
424 643 1025
468 643 783
476 643 705
244 643 606
443 643 215
468 675 1191
424 675 736
476 675 685
443 675 436
244 675 239
424 157 603
468 157 1261
476 157 1300
445 157 115
244 663 1255
468 663 1191
476 663 705
424 663 308
415 424 841
412 424 578
94 424 429
94 468 1028
192 468 1138
129 476 258
94 476 906
192 476 876
192 443 691
94 244 1047
412 244 662
412 445 578
129 445 286
94 445 213
175 192 1134
208 192 1082
192 192 601
474 192 513
170 192 441
250 192 369
175 129 872
192 129 758
474 129 513
170 129 316
250 129 316
170 94 1141
250 94 820
175 94 4
192 412 827
208 412 608
250 412 344
474 412 315
175 412 277
192 415 827
208 415 646
474 415 315
289 208 1280
298 208 873
358 208 476
208 208 295
266 208 250
266 192 1049
298 192 606
298 170 1270
208 170 813
266 170 439
358 170 259
358 250 820
289 250 561
208 250 486
266 250 250
289 175 1212
298 175 845
358 175 791
208 175 277
266 175 194
208 474 529
408 208 1272
374 208 491
344 358 1181
344 298 1137
374 298 874
408 298 448
382 298 448
341 298 294
374 266 1277
408 266 1219
344 289 1197
408 289 1193
133 344 1127
96 382 951
96 408 951
133 408 748
133 374 1030
96 341 1199
