233
685 387 576
451 387 337
22 387 279
828 387 998
710 387 549
719 387 777
781 387 475
685 407 576
451 407 115
22 407 567
828 407 1096
710 407 1012
719 407 1183
781 407 838
685 446 568
451 446 475
22 446 724
828 446 763
710 446 194
719 446 568
781 446 816
685 517 600
451 517 475
22 517 576
828 517 478
710 517 587
719 517 522
781 517 816
685 593 576
451 593 337
22 593 731
828 593 1096
710 593 823
719 593 1183
781 593 395
685 652 576
451 652 155
22 652 778
828 652 1096
710 652 351
719 652 1114
781 652 346
685 677 576
451 677 263
22 677 279
828 677 1096
710 677 559
719 677 1183
781 677 446
685 756 576
22 756 437
828 756 1096
710 756 437
719 756 1183
781 756 614
685 776 381
451 776 399
22 776 793
710 776 341
719 776 186
781 776 656
685 778 209
451 778 399
22 778 627
710 778 364
719 778 186
781 778 851
685 782 381
451 782 397
22 782 654
828 782 161
710 782 341
719 782 405
781 782 851
685 787 470
451 787 226
22 787 432
828 787 601
710 787 658
719 787 398
781 787 778
685 825 945
22 825 408
828 825 601
710 825 169
781 825 730
685 854 209
451 854 301
22 854 555
828 854 555
719 854 595
781 854 656
685 866 470
451 866 304
22 866 231
828 866 376
710 866 311
719 866 595
781 866 624
685 871 253
451 871 214
22 871 479
828 871 601
719 871 771
781 871 778
451 826 399
22 826 404
828 826 601
719 826 186
781 826 705
581 685 757
801 685 700
71 685 677
624 685 640
617 685 589
668 685 294
658 685 121
617 451 949
668 451 727
624 451 404
71 451 176
658 451 139
71 22 832
624 22 31
581 828 151
801 828 25
617 710 271
71 710 62
617 719 430
658 719 134
71 719 103
581 719 3
617 781 1
1 71 5
54 668 589
35 668 412
60 668 265
49 624 840
1 624 789
35 624 412
60 624 265
35 658 412
60 658 265
54 658 144
35 581 1132
54 581 880
1 581 641
60 581 570
49 581 133
54 801 1154
49 617 903
35 617 412
60 617 265
220 54 598
94 54 1080
78 54 11
94 1 785
78 49 1172
440 49 4
307 35 270
440 60 32
94 60 111
78 60 153
307 60 5
408 78 41
385 78 9
377 220 1248
385 220 1230
175 220 285
416 375 886
436 375 651
385 375 536
377 94 16
175 94 13
175 307 1217
408 307 1201
377 307 1179
436 307 383
416 307 289
416 440 1239
385 440 943
377 440 494
408 415 961
385 415 796
416 415 750
436 415 617
298 175 883
358 175 859
168 175 612
208 175 300
208 385 1262
298 385 463
358 385 415
298 408 979
358 408 857
208 408 833
168 377 1291
298 436 1067
208 436 711
358 436 264
358 416 857
208 416 348
298 416 313
168 416 253
342 208 1004
388 208 1004
340 208 454
330 208 454
343 298 279
340 298 254
330 298 254
340 358 844
330 358 844
349 358 511
330 168 561
340 168 1136
388 168 1107
342 168 446
134 342 1296
69 342 985
101 342 615
69 343 1048
101 343 1037
69 330 1159
101 330 1041
134 330 744
101 349 1289
69 349 985
134 349 744
134 388 1086
101 388 895
69 388 755
134 340 773
