196
435 118 17
435 126 26
521 126 1126
613 126 107
435 451 307
486 451 439
523 451 506
521 451 938
529 451 736
613 451 468
435 499 438
486 499 598
523 499 882
521 499 313
613 499 438
435 660 307
523 660 882
521 660 872
529 660 736
613 660 250
435 813 371
486 813 428
521 813 786
529 813 467
613 813 261
435 819 407
486 819 555
521 819 668
529 819 384
613 819 673
435 822 283
486 822 555
521 822 1028
529 822 287
435 844 266
486 844 770
521 844 579
529 844 230
613 844 134
435 878 449
486 878 770
521 878 461
529 878 384
613 878 673
435 892 123
486 892 403
521 892 971
529 892 851
613 892 250
486 95 320
521 95 1035
613 95 466
486 313 5
523 313 462
521 313 1
529 313 744
486 343 126
523 343 141
521 343 1161
529 343 542
486 427 215
523 427 882
521 427 938
529 427 736
613 427 335
486 788 770
521 788 439
529 788 231
785 435 1202
736 435 1052
576 435 703
701 435 596
632 435 248
785 486 1089
736 486 1052
701 486 937
576 486 703
632 486 582
736 523 842
632 523 833
785 523 813
701 523 796
576 523 256
632 521 833
785 521 813
701 521 796
576 521 616
736 521 144
736 529 842
701 529 755
785 529 741
576 529 703
632 529 460
576 613 1242
736 613 862
701 613 793
632 613 402
785 613 377
49 701 1084
313 701 603
450 701 482
93 576 1128
35 576 622
313 576 622
49 785 973
93 785 1289
313 785 584
450 785 220
169 632 1068
35 632 944
313 632 719
93 632 632
450 632 567
35 736 893
169 736 263
93 736 236
78 49 1294
329 169 959
78 169 769
39 169 636
181 169 553
375 169 553
39 450 1168
375 450 924
78 450 745
329 450 642
329 313 1061
78 313 962
181 313 540
181 93 966
329 93 268
39 93 3
329 35 979
226 181 1160
100 181 1073
193 181 792
346 181 254
100 78 1139
193 78 2
17 375 853
241 375 657
226 375 382
346 375 309
226 39 894
17 39 1295
100 39 40
226 329 1203
100 329 1138
193 329 852
17 329 635
241 329 320
168 100 252
426 226 496
407 226 361
208 226 348
402 226 348
168 346 1256
426 346 448
407 346 448
168 17 1299
168 193 1211
407 193 789
426 193 637
208 193 267
168 241 1232
426 241 463
407 241 463
343 402 554
340 402 554
379 402 526
330 402 415
388 402 400
388 208 1123
340 208 370
330 208 370
388 426 987
330 426 815
379 426 526
343 426 451
330 407 1255
379 407 1058
340 407 735
343 407 451
330 168 705
340 168 1206
388 168 1198
69 330 1214
95 330 793
134 330 653
69 343 927
95 343 775
95 388 1240
134 388 1102
69 388 878
134 340 1102
134 379 1102
