158
673 3 847
646 3 1017
673 406 566
646 406 991
607 406 628
673 776 938
646 776 936
607 776 892
673 782 648
646 782 830
607 782 984
673 784 351
646 784 499
607 784 935
673 838 938
646 838 595
607 838 1084
673 852 923
646 852 718
607 852 935
673 867 923
646 867 1092
607 867 1045
673 877 889
646 877 1089
607 877 1045
673 887 884
646 887 319
607 887 1084
646 31 964
607 31 34
588 673 924
579 673 795
593 673 551
605 673 471
579 646 1227
588 646 1098
605 646 943
593 646 906
588 607 1098
605 607 890
579 607 737
593 607 312
469 579 960
339 579 960
494 579 947
330 579 885
339 593 1173
469 593 1057
494 593 1012
330 593 885
339 588 1173
494 588 1106
469 588 1057
330 588 885
339 605 1173
469 605 1057
494 605 1048
330 605 885
413 339 1138
422 339 769
402 339 740
422 494 709
413 494 114
402 330 1077
422 330 882
413 330 826
415 330 171
413 469 314
422 469 1144
402 469 30
433 422 1248
416 422 819
380 422 674
435 422 605
309 422 174
435 413 1012
416 413 929
433 413 746
309 413 543
320 413 217
380 413 189
433 402 1248
435 402 925
416 402 808
380 402 726
309 402 439
416 415 788
433 415 746
380 415 726
435 415 631
309 415 543
423 380 1159
437 380 1077
436 380 1032
208 380 695
362 380 492
298 380 224
208 435 1237
423 435 583
436 435 570
298 435 530
437 435 416
362 435 299
208 433 1299
423 433 349
362 433 192
362 309 1062
298 309 613
423 309 566
437 309 387
436 309 387
423 320 976
436 320 976
437 320 976
298 320 750
208 320 640
362 320 584
423 193 1159
437 193 1077
436 193 1032
362 193 360
208 193 211
362 416 1122
208 416 505
298 416 505
437 416 316
388 208 1121
342 208 1121
330 208 373
340 208 373
388 436 1216
330 436 1180
340 436 675
349 436 605
342 436 461
388 437 1239
340 437 1202
342 437 1202
330 437 1106
349 437 605
342 298 294
342 423 1244
388 423 1242
340 423 1236
330 423 1106
349 423 605
340 362 555
330 362 555
95 330 794
133 342 1259
95 342 1151
96 342 730
133 349 1226
95 349 900
95 388 1277
96 388 598
133 340 1300
