138
727 408 622
24 408 734
665 408 690
761 408 746
242 408 561
727 426 614
24 426 835
665 426 368
761 426 913
242 426 738
727 445 146
24 445 860
665 445 524
761 445 913
242 445 864
727 512 674
24 512 1011
665 512 488
761 512 913
242 512 738
727 570 848
24 570 734
665 570 643
761 570 262
242 570 738
727 603 644
24 603 734
665 603 524
761 603 913
242 603 884
727 625 614
24 625 1085
665 625 524
761 625 418
242 625 669
727 690 614
24 690 912
665 690 879
761 690 262
242 690 561
727 767 487
24 767 426
665 767 964
761 767 845
242 767 884
758 727 1271
823 727 400
60 727 1101
60 24 1269
758 24 1295
758 665 1127
823 665 1050
774 665 720
60 665 717
758 761 1157
823 761 136
774 761 16
774 242 627
60 242 316
758 242 3
823 242 1
2 823 1259
229 823 305
229 774 65
214 758 716
121 758 672
2 758 1294
229 758 88
378 758 2
121 60 1029
2 60 612
229 60 386
214 60 308
378 60 2
107 214 1118
455 214 886
403 214 734
104 214 595
375 214 375
455 229 977
107 229 774
403 229 742
104 229 341
107 2 1298
455 121 977
107 121 916
403 121 742
104 121 506
107 378 1134
455 378 977
403 378 614
104 378 515
375 378 204
390 378 204
259 455 1085
139 107 1290
11 107 1295
224 403 800
259 403 747
402 403 535
436 403 535
402 375 1172
436 375 511
139 375 460
11 375 396
224 375 271
402 390 1236
224 390 800
259 390 747
11 390 110
402 104 1193
139 104 1298
259 104 69
305 11 820
424 11 2
208 11 2
208 224 1184
168 224 563
305 224 563
424 224 349
298 224 252
208 402 1293
298 402 897
168 259 573
424 259 504
305 259 448
208 259 424
305 139 511
168 139 2
208 436 1123
298 436 897
305 436 479
424 436 267
342 208 968
342 424 586
342 305 441
342 168 567
152 342 985
