172
744 437 941
665 437 450
777 437 764
57 437 485
27 437 908
744 439 658
665 439 681
777 439 920
57 439 1110
27 439 788
744 512 941
665 512 608
777 512 920
57 512 1110
27 512 908
744 525 348
665 525 585
777 525 553
57 525 394
27 525 901
744 562 557
665 562 525
777 562 557
57 562 693
27 562 525
744 570 941
665 570 404
777 570 764
57 570 485
27 570 908
744 595 941
665 595 374
777 595 920
57 595 1110
27 595 908
744 625 466
665 625 585
777 625 566
57 625 566
27 625 901
744 657 941
665 657 361
777 657 920
57 657 988
27 657 908
744 748 452
665 748 681
777 748 920
57 748 1110
27 748 788
777 52 31
57 52 1
27 52 1120
136 744 736
823 744 323
686 665 933
823 665 883
821 665 230
484 665 157
136 665 101
136 777 850
484 777 73
136 57 1057
821 57 881
686 57 22
136 27 1182
484 27 991
805 27 98
686 27 1
229 823 125
462 823 1224
292 823 3
121 484 872
292 484 850
229 484 721
32 484 498
229 136 1215
121 136 1236
292 136 1038
32 136 42
229 821 75
292 821 655
121 821 1
121 805 806
292 805 1033
32 805 2
463 686 1297
462 686 1191
121 686 324
32 686 281
292 686 232
403 229 858
353 229 845
375 229 607
353 32 888
353 292 788
403 292 788
375 292 343
353 121 917
403 121 858
375 462 893
390 462 671
353 462 551
414 462 215
375 463 1298
414 463 1297
390 463 1099
353 463 551
403 463 285
402 375 1230
398 375 533
232 375 460
416 375 386
436 375 386
412 375 308
402 353 979
232 353 754
436 353 574
398 353 528
416 403 1214
412 403 1185
232 403 900
398 403 719
402 403 409
436 403 409
402 390 1223
416 390 1214
412 390 1185
232 390 929
398 390 392
402 414 1160
436 414 1009
398 414 977
416 414 783
232 414 779
412 414 451
140 402 1298
208 402 1298
267 402 278
233 402 129
228 402 126
140 232 1020
168 232 697
228 232 310
233 232 299
233 416 1020
140 416 1004
208 416 505
228 416 505
208 436 1150
140 436 1150
233 436 979
228 436 285
267 436 278
140 398 1004
208 398 941
233 398 377
228 398 161
140 412 1231
233 412 357
208 412 290
228 412 290
267 412 278
214 208 967
238 140 1151
152 228 312
214 233 323
152 233 301
76 152 1232
152 214 1298
76 214 680
152 238 1298
