298
575 416 211
596 416 612
715 416 599
120 416 667
758 416 280
756 416 657
433 416 312
575 459 139
632 459 406
665 459 348
596 459 451
715 459 844
120 459 667
758 459 785
756 459 657
433 459 139
575 772 319
632 772 309
665 772 334
596 772 699
715 772 190
120 772 514
758 772 729
756 772 331
433 772 451
575 779 319
665 779 224
596 779 560
715 779 308
120 779 483
758 779 729
756 779 331
433 779 384
575 790 640
632 790 128
665 790 334
596 790 517
120 790 324
758 790 540
756 790 296
433 790 451
575 817 319
632 817 498
665 817 334
596 817 560
715 817 370
120 817 242
758 817 729
756 817 354
433 817 451
575 821 434
632 821 429
665 821 199
596 821 560
715 821 364
120 821 134
758 821 729
756 821 401
433 821 451
575 832 382
632 832 452
665 832 438
596 832 560
715 832 300
120 832 775
758 832 729
756 832 250
433 832 451
575 833 640
632 833 407
665 833 438
596 833 560
715 833 364
120 833 134
758 833 729
756 833 354
433 833 451
575 845 319
632 845 123
665 845 334
596 845 734
120 845 324
758 845 729
433 845 149
575 861 319
632 861 498
665 861 175
596 861 700
715 861 364
120 861 324
758 861 729
575 873 616
632 873 187
665 873 438
596 873 689
715 873 319
120 873 420
758 873 729
756 873 331
433 873 226
575 889 640
632 889 381
665 889 334
596 889 560
715 889 220
120 889 523
758 889 729
756 889 296
433 889 364
632 402 123
665 402 354
596 402 451
715 402 599
120 402 667
758 402 581
756 402 657
433 402 131
632 766 107
665 766 318
596 766 451
715 766 611
120 766 667
758 766 611
756 766 657
433 766 196
756 324 704
433 324 2
796 575 899
751 575 686
801 575 517
783 575 385
695 575 204
680 575 190
801 632 798
783 632 798
680 632 751
796 632 745
751 632 377
695 632 251
783 665 787
801 665 714
796 665 466
695 665 302
751 665 237
801 596 1077
695 596 779
796 596 710
680 596 487
783 596 345
751 596 344
801 715 1182
695 120 480
751 120 160
695 758 97
783 758 396
801 756 832
796 756 762
751 756 191
801 433 814
796 433 673
751 433 673
680 433 599
695 433 281
783 433 136
41 783 30
463 783 63
52 783 6
141 796 708
370 796 938
41 796 2
54 796 1
54 801 1003
416 695 1049
3 695 956
463 695 537
141 695 499
370 695 493
41 695 209
52 695 201
416 680 1049
3 680 1021
370 680 611
52 680 548
463 680 166
141 680 156
370 751 616
141 751 26
375 416 1091
87 416 745
428 416 493
453 416 426
94 54 1084
453 54 19
94 370 1065
87 370 1025
77 370 283
428 370 253
428 3 158
375 3 328
428 41 142
375 41 316
453 41 38
415 41 8
94 141 855
87 141 784
77 141 696
375 141 429
453 141 429
415 141 271
428 52 160
375 52 18
453 52 48
375 463 1299
77 463 762
415 463 521
453 463 329
428 463 329
87 463 329
94 463 293
250 453 1001
170 453 853
402 453 212
311 453 797
407 375 1287
402 375 983
311 375 742
170 94 1115
250 94 832
175 94 17
402 428 1117
170 428 555
407 428 447
175 428 163
100 77 14
407 77 44
402 77 296
210 87 391
407 87 97
311 87 34
407 415 900
402 415 711
208 210 987
273 210 481
266 210 290
298 210 201
208 100 1
273 407 1300
208 407 1276
298 407 693
266 407 311
441 170 1202
298 170 1183
208 170 823
273 170 494
266 170 301
219 170 126
208 175 680
298 175 673
441 175 568
266 175 355
441 250 1134
208 250 571
273 250 494
298 250 255
266 250 229
273 402 1300
208 402 1276
298 402 917
266 402 311
208 311 1074
214 208 1130
374 208 419
320 208 327
377 219 709
320 219 358
214 273 1130
374 273 635
320 273 507
377 273 456
355 273 372
374 298 727
355 298 372
374 266 1265
214 266 735
355 266 381
377 441 1130
214 441 1027
374 441 968
320 441 826
336 441 813
355 441 447
101 320 1004
101 377 909
101 336 1274
133 336 1144
101 355 1106
101 374 933
101 214 645
