310
695 428 211
128 428 480
680 428 317
347 428 546
607 428 483
623 428 371
612 428 292
655 428 546
695 432 351
128 432 318
680 432 410
347 432 625
607 432 266
623 432 232
612 432 490
655 432 553
695 476 211
128 476 480
680 476 329
607 476 483
623 476 496
612 476 510
655 476 418
695 514 151
128 514 480
680 514 150
347 514 262
607 514 483
623 514 530
612 514 515
695 531 387
128 531 480
680 531 292
347 531 191
607 531 483
623 531 496
612 531 632
655 531 399
695 594 163
128 594 597
680 594 193
607 594 483
623 594 371
612 594 292
655 594 266
695 673 351
128 673 480
680 673 244
347 673 451
607 673 483
623 673 371
612 673 312
655 673 505
695 770 190
128 770 719
347 770 400
607 770 402
623 770 538
612 770 751
655 770 603
695 772 277
128 772 593
347 772 688
607 772 402
623 772 422
612 772 698
655 772 833
695 790 438
128 790 502
680 790 490
347 790 615
607 790 457
623 790 422
612 790 370
655 790 603
695 825 133
128 825 593
347 825 679
607 825 323
623 825 497
612 825 346
655 825 833
695 844 319
128 844 174
347 844 332
607 844 301
623 844 163
612 844 333
655 844 421
695 878 350
128 878 440
347 878 387
607 878 658
623 878 440
612 878 638
655 878 342
128 399 671
680 399 317
347 399 257
607 399 483
612 399 292
655 399 159
128 816 441
680 816 681
347 816 387
607 816 366
623 816 441
612 816 452
655 816 643
128 826 593
347 826 474
607 826 170
623 826 273
612 826 751
655 826 833
658 695 1085
668 695 393
79 695 388
516 695 384
556 695 254
801 695 181
79 128 884
556 128 993
668 128 432
79 680 1069
516 680 688
658 680 454
668 680 371
556 680 254
801 680 202
79 347 886
801 347 886
730 347 575
668 347 403
516 347 403
556 347 391
668 607 730
801 607 681
79 607 628
730 607 520
556 607 254
79 623 796
801 623 634
668 623 371
556 623 254
658 623 140
801 612 1073
516 612 688
658 612 563
79 612 535
668 612 463
556 612 254
801 655 801
79 655 573
668 655 500
516 655 379
730 655 352
556 655 303
244 668 1148
364 668 905
54 668 812
457 668 789
481 730 261
364 730 293
244 730 625
54 730 8
364 79 1269
1 79 155
244 79 46
481 79 4
457 658 1126
481 658 972
364 658 537
54 658 164
1 658 160
54 801 997
481 801 1089
244 801 1034
457 801 272
1 556 889
32 556 766
364 556 659
457 556 494
244 556 472
54 556 336
32 516 1233
364 516 659
457 516 262
244 516 190
241 32 1001
72 32 1291
94 54 1090
394 54 1
94 1 776
241 1 8
394 481 49
387 481 14
375 481 1300
307 481 49
307 244 963
241 244 899
72 244 790
375 244 740
394 244 587
387 244 587
94 244 587
375 457 1243
387 457 1060
394 457 997
307 457 480
241 457 166
415 457 151
387 364 1258
394 364 1250
307 364 963
241 364 899
94 364 744
72 364 732
415 364 162
170 94 1086
250 94 828
175 94 12
170 241 251
250 241 187
175 307 1180
320 307 1028
170 307 923
250 307 898
416 307 326
416 375 813
385 375 409
320 375 324
175 72 114
416 394 893
385 394 535
320 394 292
170 394 292
250 394 253
175 394 121
385 415 894
416 415 739
320 415 242
416 387 829
385 387 535
170 387 419
320 387 358
298 175 852
358 175 712
266 175 328
362 175 299
208 175 265
362 250 1185
358 250 614
208 250 481
298 250 401
415 250 365
266 250 190
362 351 952
298 351 521
208 351 224
298 170 1258
208 170 705
266 170 254
415 170 232
358 170 167
362 170 145
208 385 1173
298 385 462
415 385 444
358 385 305
362 385 295
266 385 277
208 320 711
298 320 632
415 320 604
362 320 373
358 320 197
362 416 1088
358 416 694
415 416 312
208 416 312
298 416 221
388 208 873
340 208 410
374 208 410
395 208 410
388 415 1212
340 415 1188
395 415 880
355 415 611
395 298 1214
374 298 1000
355 298 285
340 298 131
340 358 656
395 358 618
336 358 618
340 362 312
374 362 312
395 362 312
374 266 1271
355 266 401
395 266 327
101 336 1297
133 336 1243
101 355 1108
101 395 770
101 374 1003
101 388 951
133 340 1300
