459
654 446 229
231 446 179
657 446 346
611 446 211
764 446 346
578 446 336
281 446 297
683 446 239
797 446 446
719 446 794
607 446 409
654 583 229
231 583 173
657 583 295
611 583 211
764 583 414
578 583 331
281 583 196
683 583 239
797 583 488
719 583 420
607 583 409
654 703 178
231 703 711
657 703 327
611 703 239
764 703 691
578 703 312
281 703 338
683 703 202
797 703 285
719 703 645
607 703 217
654 710 313
231 710 430
657 710 305
611 710 239
764 710 403
578 710 151
683 710 688
797 710 300
719 710 237
607 710 443
654 717 313
231 717 954
657 717 464
611 717 179
764 717 691
578 717 312
281 717 338
683 717 335
797 717 367
719 717 410
607 717 375
654 774 285
231 774 1062
657 774 521
611 774 252
764 774 195
578 774 192
797 774 300
719 774 245
607 774 197
654 776 152
611 776 252
764 776 706
578 776 455
281 776 321
683 776 325
797 776 445
607 776 662
654 794 285
231 794 919
657 794 468
611 794 296
764 794 706
578 794 192
281 794 322
683 794 198
797 794 300
719 794 420
607 794 650
654 798 140
231 798 513
657 798 909
764 798 625
578 798 455
281 798 436
683 798 325
797 798 445
719 798 241
607 798 276
654 821 152
231 821 275
657 821 502
611 821 242
764 821 195
578 821 455
281 821 321
683 821 473
797 821 445
719 821 241
607 821 456
654 834 122
231 834 122
657 834 214
611 834 242
578 834 455
281 834 321
683 834 483
797 834 445
719 834 193
607 834 483
654 844 152
231 844 307
764 844 366
578 844 455
281 844 436
683 844 199
797 844 445
607 844 141
654 848 113
231 848 849
611 848 252
764 848 706
578 848 455
281 848 321
683 848 503
797 848 445
607 848 662
654 860 140
657 860 414
611 860 242
764 860 366
578 860 455
281 860 436
683 860 468
797 860 445
719 860 137
607 860 468
654 874 358
231 874 333
657 874 468
611 874 228
764 874 366
578 874 455
281 874 323
683 874 198
797 874 445
719 874 364
607 874 421
654 887 152
231 887 284
657 887 209
611 887 223
764 887 706
578 887 455
281 887 323
683 887 507
797 887 445
719 887 132
607 887 761
654 891 152
231 891 1081
657 891 468
611 891 115
764 891 301
578 891 455
281 891 436
797 891 445
719 891 420
654 895 173
231 895 881
657 895 295
611 895 252
764 895 471
578 895 141
281 895 323
683 895 473
797 895 141
607 895 492
231 445 692
657 445 493
611 445 156
764 445 201
578 445 395
281 445 175
683 445 162
797 445 366
719 445 819
607 445 217
231 609 540
657 609 450
611 609 239
764 609 471
578 609 331
281 609 338
683 609 239
797 609 446
719 609 370
607 609 409
231 708 675
657 708 164
611 708 234
764 708 675
578 708 312
281 708 338
683 708 239
797 708 446
719 708 628
607 708 409
231 767 625
657 767 151
611 767 239
764 767 416
578 767 152
683 767 630
797 767 446
719 767 183
607 767 409
231 871 264
657 871 468
611 871 357
578 871 111
683 871 473
719 871 420
607 871 392
657 799 255
611 799 208
764 799 706
578 799 274
683 799 473
797 799 139
719 799 241
607 799 226
657 825 521
611 825 142
764 825 366
578 825 289
281 825 323
683 825 473
797 825 289
607 825 261
657 826 521
611 826 208
764 826 706
578 826 455
281 826 323
683 826 473
797 826 445
607 826 213
787 654 960
581 654 846
736 654 617
711 654 612
785 654 497
810 654 482
678 654 390
686 654 389
772 654 140
581 231 441
772 231 405
810 231 730
711 231 289
787 231 38
736 657 502
678 657 502
581 657 454
810 657 404
686 657 389
772 657 363
785 657 334
581 611 1018
736 611 613
810 611 532
772 611 296
711 611 288
785 611 210
678 611 130
787 764 351
785 764 33
581 578 1018
810 578 532
678 578 351
772 578 296
785 578 198
686 578 185
787 281 713
678 281 582
772 281 582
785 281 570
581 281 518
711 281 400
736 281 396
810 281 172
581 683 1018
736 683 613
686 683 389
711 683 288
785 683 210
810 683 200
772 683 183
810 797 913
678 797 400
581 797 141
686 797 29
785 797 3
772 719 317
810 719 31
581 719 13
787 719 1
581 607 846
736 607 613
810 607 532
686 607 389
678 607 351
772 607 319
711 607 288
785 607 198
217 787 832
490 787 833
257 787 55
257 810 715
49 810 144
490 810 215
35 711 749
54 711 8
463 581 1049
414 581 941
35 581 862
54 581 678
217 581 332
257 581 209
490 581 179
35 678 862
49 678 826
54 678 804
414 678 539
257 678 401
217 678 332
490 678 286
463 678 216
414 772 227
257 772 1104
463 686 1283
414 686 740
49 686 498
54 686 336
257 686 187
490 686 180
35 686 164
217 785 310
49 785 872
257 785 4
35 736 708
257 736 417
220 54 499
412 54 60
78 54 6
78 49 1137
307 490 5
220 490 1
375 217 461
220 217 461
307 35 282
412 257 684
375 257 487
78 257 443
414 414 1275
375 414 1217
415 414 1162
390 414 1149
412 414 577
220 414 435
375 463 1295
414 463 1288
390 463 973
220 463 433
415 463 369
412 463 232
100 78 780
408 78 42
385 78 4
175 307 1047
408 307 1047
100 307 550
398 307 531
436 307 350
416 307 242
436 375 607
416 375 607
398 375 512
385 375 458
408 375 271
416 390 1220
385 390 980
408 390 497
398 390 414
175 390 101
408 412 1065
385 412 1047
436 412 880
398 412 880
416 412 278
175 412 202
385 415 917
416 415 824
408 415 767
436 415 742
398 415 742
436 414 1130
398 414 1122
416 414 821
385 414 515
408 414 497
175 414 188
385 220 1178
398 220 640
436 220 268
175 220 254
233 175 1081
298 175 789
267 175 617
168 175 427
362 175 215
168 100 208
362 100 25
233 100 3
362 408 1027
298 408 949
267 408 432
233 408 408
233 385 839
298 385 338
362 385 280
267 385 239
362 398 1027
233 398 575
267 398 196
233 436 1102
298 436 949
267 436 432
233 416 1102
362 416 1027
298 416 338
340 233 737
379 233 721
349 233 312
379 298 721
389 298 675
340 298 243
389 267 996
379 267 442
340 362 497
340 168 1028
133 389 759
133 349 1196
133 340 1300
133 379 759
