278
827 406 439
149 406 439
787 406 284
754 406 507
710 406 628
781 406 507
188 406 507
827 425 460
438 425 251
149 425 652
787 425 388
754 425 460
710 425 116
613 425 214
781 425 240
188 425 309
827 439 667
438 439 334
149 439 1026
787 439 262
754 439 628
710 439 211
613 439 524
781 439 518
188 439 533
827 483 287
438 483 251
149 483 582
787 483 388
754 483 319
781 483 128
188 483 279
827 548 484
438 548 251
149 548 583
787 548 388
754 548 484
613 548 163
781 548 200
188 548 279
827 612 228
438 612 251
149 612 763
787 612 388
754 612 423
710 612 228
613 612 317
781 612 164
188 612 279
827 698 416
438 698 265
149 698 304
787 698 328
754 698 447
710 698 416
613 698 211
781 698 234
188 698 279
827 765 206
438 765 271
149 765 441
787 765 439
754 765 590
710 765 628
613 765 311
781 765 276
188 765 158
827 772 260
149 772 1011
787 772 343
754 772 359
710 772 344
613 772 584
781 772 306
188 772 268
827 780 367
438 780 269
149 780 1011
787 780 246
754 780 228
710 780 350
613 780 213
781 780 238
188 780 122
827 885 589
438 885 269
149 885 774
787 885 271
754 885 258
613 885 339
781 885 374
188 885 804
438 35 278
710 35 474
188 35 434
438 468 381
149 468 304
787 468 365
754 468 319
710 468 525
613 468 413
188 468 309
438 512 205
149 512 497
787 512 365
754 512 391
710 512 211
613 512 413
781 512 130
188 512 445
438 770 239
149 770 1011
787 770 183
754 770 228
613 770 494
781 770 486
188 770 282
438 794 239
149 794 683
787 794 294
754 794 508
710 794 350
613 794 494
781 794 217
188 794 786
438 870 295
149 870 514
787 870 294
754 870 477
613 870 494
781 870 123
188 870 431
149 300 492
787 300 287
754 300 788
613 300 214
188 300 12
742 827 813
640 827 146
605 827 18
522 827 2
742 438 1066
605 438 695
522 438 638
739 438 555
700 438 373
640 438 250
742 149 1173
522 149 310
700 149 350
605 787 48
700 787 56
605 754 51
739 754 899
742 754 1119
700 754 371
742 710 494
739 710 244
640 710 756
700 710 462
742 613 1168
739 613 1131
640 613 970
700 613 428
605 613 169
522 781 173
700 781 75
640 781 68
742 188 1199
522 188 93
700 188 74
45 640 1135
416 640 627
322 640 580
212 640 544
364 742 367
140 742 1076
322 742 989
416 742 8
140 522 1068
322 522 598
364 522 228
140 739 741
35 605 863
416 605 847
322 605 552
364 605 199
140 605 186
322 700 680
45 700 676
416 700 531
140 700 525
35 700 431
39 416 1065
422 416 914
29 416 907
375 416 876
329 416 130
29 140 863
77 140 400
375 140 370
422 140 227
39 364 1160
29 364 436
422 364 428
375 364 314
329 35 712
422 35 111
375 35 8
77 35 3
39 322 1195
77 322 992
375 322 210
29 322 195
29 45 19
375 45 224
39 212 1180
329 212 740
77 212 436
375 212 436
422 212 259
407 422 871
226 422 391
241 422 153
17 422 98
407 375 1216
17 375 818
241 375 438
407 77 75
226 29 848
17 39 1220
226 39 508
226 329 943
193 329 920
17 329 568
241 329 438
407 415 871
226 415 391
415 438 1048
436 438 881
424 438 852
437 438 712
415 226 358
424 226 259
424 407 741
415 407 408
436 407 314
437 407 314
436 17 822
415 17 928
437 17 567
437 193 1166
436 193 1165
415 193 816
424 193 701
437 241 1166
436 241 1165
415 241 816
379 424 1135
385 424 1123
388 424 490
340 424 230
388 436 1126
379 436 1123
340 436 839
385 437 1149
388 437 1117
340 437 1012
388 415 1205
340 415 1201
385 415 257
134 379 1157
134 340 1029
95 388 1179
134 388 1157
69 388 911
69 385 961
95 385 831
