163
253 266 42
209 266 40
9 266 1194
253 454 778
209 454 788
85 454 857
9 454 1133
253 478 979
209 478 843
85 478 938
9 478 1203
253 514 712
209 514 979
85 514 805
9 514 800
253 542 979
209 542 1044
85 542 409
9 542 1042
253 714 754
209 714 1110
9 714 1054
253 721 979
209 721 788
85 721 977
9 721 1142
85 116 1033
9 116 1099
729 253 1276
255 253 156
605 253 614
677 253 4
729 209 1226
605 85 243
255 85 523
703 85 473
729 9 92
297 677 1208
491 677 722
386 677 528
220 677 298
185 677 175
386 255 1101
185 255 1232
19 255 78
297 255 742
220 255 92
185 605 968
297 605 449
220 605 386
491 605 366
386 605 211
297 703 983
185 703 912
491 703 722
386 703 626
220 703 222
297 729 926
212 220 733
412 220 711
332 220 670
260 220 554
105 220 472
87 220 434
105 386 954
260 386 935
412 386 788
332 386 758
212 386 602
87 386 361
212 19 318
105 19 16
260 19 9
332 185 670
260 185 654
212 185 634
105 185 565
412 185 435
87 185 434
212 297 812
260 297 654
105 297 298
87 297 238
260 491 380
105 491 511
412 491 308
87 491 55
462 260 760
226 260 715
330 260 664
226 87 231
330 212 820
462 212 691
408 212 662
436 212 662
226 212 518
330 332 1172
462 332 691
226 332 518
462 105 226
330 105 26
436 412 873
408 412 771
416 412 509
226 412 297
462 412 217
417 226 1241
440 226 679
402 226 487
324 226 358
324 462 969
402 462 1136
267 462 119
440 462 14
402 408 884
324 408 739
440 408 631
267 408 431
417 408 105
324 436 814
267 436 431
402 436 373
440 436 373
417 436 266
324 416 814
440 416 462
417 416 452
402 416 435
267 416 222
402 330 1031
417 330 1031
440 330 919
324 330 586
267 330 296
342 402 715
379 402 662
343 402 557
349 402 466
330 402 459
330 417 1066
379 417 991
342 417 715
349 417 354
343 417 302
379 440 1000
342 440 737
330 440 683
349 440 605
379 267 583
342 324 767
379 324 583
349 324 581
343 324 439
330 324 296
134 342 1295
152 342 1043
69 342 994
69 343 1069
69 330 1083
134 330 954
69 349 1019
134 349 954
134 379 1235
