205
215 72 48
171 72 987
581 72 2
702 72 1
215 194 156
581 194 477
756 194 96
215 244 1242
171 244 462
581 244 547
756 244 204
215 288 865
756 288 10
215 353 31
824 353 861
171 353 89
756 353 1091
215 483 946
824 483 946
171 483 946
756 483 424
702 483 310
215 506 1233
824 506 968
171 506 981
581 506 491
756 506 585
702 506 491
215 531 1068
824 531 432
171 531 844
581 531 371
756 531 585
702 531 414
215 572 677
824 572 925
171 572 490
581 572 677
756 572 490
702 572 255
215 674 913
824 674 451
171 674 844
581 674 769
756 674 585
702 674 722
215 746 1167
824 746 968
171 746 1022
581 746 300
756 746 133
702 746 291
215 872 674
824 872 191
171 872 569
581 872 764
756 872 286
702 872 1082
824 114 37
171 114 694
756 114 150
702 114 596
171 348 1108
581 348 489
756 354 17
702 354 726
589 215 212
636 215 175
643 215 647
589 824 122
663 824 740
643 824 350
611 171 227
643 581 1083
611 581 535
627 581 513
636 581 222
627 756 195
643 756 757
636 702 1109
643 702 917
589 702 793
611 702 519
627 702 513
663 702 283
280 643 1208
516 643 605
56 643 605
1 643 394
198 643 362
483 643 340
69 643 189
516 636 1266
483 636 1062
1 636 963
56 636 429
198 636 374
280 627 1208
1 627 963
198 627 595
483 627 434
56 627 429
516 627 194
516 589 1184
483 589 1062
56 589 401
198 589 362
280 589 349
1 589 228
69 589 166
516 663 1087
1 663 963
483 663 823
56 663 647
198 663 362
280 663 349
69 663 153
280 611 1208
483 611 1062
516 611 1059
56 611 401
87 1 300
87 516 251
69 516 1278
30 516 1104
375 280 1225
69 280 1111
333 280 537
30 280 415
139 280 238
333 483 643
139 483 705
69 483 177
76 69 1258
87 69 21
375 198 1096
30 198 949
69 198 356
87 198 296
87 56 932
69 56 831
475 333 691
307 333 607
355 333 578
307 30 97
274 30 171
407 30 2
407 375 1297
442 375 1279
475 375 558
355 375 401
475 87 1
407 87 52
475 139 691
355 139 530
307 139 388
274 69 630
355 76 390
140 274 1174
208 274 1145
411 274 1130
264 274 784
273 274 601
140 407 1300
273 407 1300
208 407 1299
416 407 622
416 307 965
140 307 884
411 307 884
208 307 883
264 307 784
289 307 364
264 475 264
411 475 103
416 475 45
140 442 1296
273 442 1296
208 442 1296
416 442 839
208 355 1146
411 355 920
264 355 784
416 355 657
289 355 324
140 355 228
238 140 1198
214 208 1221
154 208 974
214 273 1221
154 273 974
214 416 1268
154 416 704
154 264 444
214 411 1195
154 411 1150
382 411 1084
214 289 828
154 289 548
101 382 1101
152 214 1300
76 214 669
152 154 1300
76 154 794
152 238 1300
