301
601 132 377
704 132 897
132 132 99
235 132 500
601 313 50
132 313 796
90 313 283
235 313 271
601 394 370
483 394 412
189 394 655
704 394 1195
132 394 702
90 394 471
235 394 479
601 463 498
189 463 655
704 463 1223
132 463 702
90 463 799
235 463 245
601 464 400
483 464 277
189 464 269
704 464 766
132 464 385
90 464 265
235 464 199
601 468 469
189 468 655
704 468 1223
132 468 702
90 468 393
235 468 481
601 580 253
189 580 655
704 580 1167
132 580 702
90 580 471
235 580 360
601 585 339
483 585 151
189 585 655
704 585 856
132 585 702
90 585 471
235 585 360
601 684 416
189 684 655
704 684 1116
132 684 702
90 684 393
235 684 416
601 693 401
483 693 133
189 693 655
704 693 1223
132 693 702
90 693 362
235 693 401
601 699 400
483 699 513
189 699 655
704 699 1024
132 699 702
90 699 393
235 699 513
601 727 474
483 727 309
189 727 655
704 727 1223
132 727 702
90 727 261
235 727 486
601 733 370
483 733 237
189 733 655
704 733 1159
132 733 702
90 733 393
235 733 433
601 847 210
483 847 487
189 847 705
704 847 980
132 847 184
90 847 744
235 847 457
601 871 347
483 871 487
189 871 333
704 871 574
132 871 145
235 871 457
601 987 7
483 987 311
704 987 37
132 987 162
483 167 764
189 167 1
704 167 1078
235 167 17
626 601 781
794 601 644
717 601 630
611 601 535
805 601 379
678 601 261
828 483 707
626 483 705
805 483 519
611 483 486
678 483 475
794 483 475
717 483 412
805 189 1073
794 189 3
828 704 883
794 704 240
717 704 386
611 704 116
626 704 47
805 704 6
678 704 3
717 132 62
828 132 4
678 90 163
611 90 184
717 90 64
717 235 483
828 235 1140
805 235 821
794 235 121
626 235 229
678 235 13
458 794 740
432 794 720
182 794 186
211 794 4
84 678 832
182 678 702
483 678 604
458 678 404
211 678 281
463 678 267
182 805 67
182 828 430
432 828 77
84 828 265
463 626 1146
483 626 1032
432 626 852
458 626 725
211 626 390
182 626 335
84 626 147
463 611 1146
483 611 1032
432 611 852
458 611 725
211 611 281
84 611 203
182 611 203
211 717 1233
483 717 385
84 717 184
182 717 21
504 432 903
333 432 756
375 432 692
321 432 617
139 432 572
264 432 531
39 432 472
308 432 228
504 458 903
333 458 756
321 458 617
139 458 572
264 458 531
375 458 304
39 458 304
308 458 228
504 84 1010
321 182 939
504 182 889
39 182 846
308 182 839
375 182 789
264 182 407
333 182 396
139 483 810
333 483 675
264 483 10
308 211 977
504 211 889
264 211 342
139 211 306
333 211 306
375 463 1299
333 463 725
139 463 572
264 463 531
415 463 342
321 463 320
39 463 138
408 333 993
411 333 374
193 333 332
100 333 332
364 333 283
175 333 262
411 308 1029
407 308 687
364 308 577
175 308 430
100 308 430
408 308 377
193 308 332
364 139 744
411 139 676
408 139 626
250 139 341
100 139 332
175 139 262
411 264 581
175 264 453
193 264 332
100 264 316
364 264 283
407 375 1288
364 375 211
250 321 732
411 321 374
407 321 374
100 321 374
364 321 230
175 39 449
100 39 30
411 504 370
100 504 909
408 415 1089
407 415 670
411 415 195
168 100 193
208 411 673
391 411 634
298 411 545
267 411 369
264 364 941
391 364 645
298 364 535
168 364 354
264 175 1068
298 175 766
267 175 493
208 175 354
168 175 317
208 407 1290
298 407 705
267 407 369
391 407 274
298 408 873
208 408 844
267 408 369
391 408 288
168 250 897
264 250 545
391 250 291
208 250 244
168 193 1046
264 193 710
267 193 594
391 193 291
208 193 227
298 193 206
340 208 450
348 208 247
389 391 959
348 391 529
379 391 421
389 267 1088
348 267 1088
379 267 421
389 298 686
379 298 670
343 298 357
340 298 232
389 264 1203
348 264 1192
379 264 421
340 168 1073
101 343 1004
133 389 774
101 349 1291
133 349 1202
133 340 1299
101 348 1155
133 348 953
96 348 829
133 379 774
