225
728 393 821
437 393 274
283 393 530
813 393 610
805 393 420
314 393 199
818 393 353
728 421 700
437 421 359
283 421 255
813 421 1074
805 421 434
314 421 277
818 421 244
728 459 168
437 459 257
283 459 419
813 459 954
805 459 744
818 459 244
728 480 506
283 480 653
813 480 1028
805 480 470
314 480 226
818 480 506
728 525 550
813 525 807
805 525 220
314 525 190
818 525 347
728 595 475
437 595 695
283 595 124
813 595 779
805 595 583
818 595 470
728 597 168
437 597 199
283 597 302
813 597 590
805 597 173
314 597 704
818 597 283
728 603 797
437 603 350
283 603 350
813 603 780
805 603 780
818 603 553
728 625 661
437 625 181
283 625 160
813 625 734
805 625 661
314 625 471
818 625 347
728 812 404
437 812 329
813 812 554
805 812 156
314 812 277
818 812 131
437 775 329
283 775 301
813 775 548
314 775 851
818 775 805
437 832 292
813 832 292
805 832 292
314 832 144
818 832 734
437 852 276
813 852 302
805 852 340
314 852 144
818 852 618
727 728 1070
677 437 869
658 437 640
727 437 640
787 437 633
744 437 505
787 283 1056
727 283 507
658 283 359
744 283 194
787 813 75
744 813 1001
727 813 864
677 813 12
579 805 321
727 805 966
677 805 28
658 805 42
727 314 933
677 314 487
744 314 264
787 314 221
658 314 201
658 818 634
727 818 124
744 818 400
677 818 33
217 787 1162
217 579 753
176 579 472
48 579 461
177 579 354
4 579 203
177 658 574
176 658 472
48 658 377
86 658 288
4 658 254
177 677 574
176 677 472
48 677 461
86 677 288
463 677 215
4 677 203
217 727 74
48 727 1295
177 727 5
4 727 1
176 744 1231
86 744 1141
375 86 20
375 48 863
415 48 11
39 4 988
440 177 374
321 177 191
375 217 814
321 217 792
440 217 749
414 217 245
390 217 245
39 217 236
390 176 1177
375 176 950
414 176 930
415 176 437
321 176 269
440 176 234
375 463 1297
414 463 1291
390 463 1109
321 463 466
415 463 466
440 463 186
402 375 1151
416 375 695
436 375 679
385 375 350
402 440 1282
416 440 1241
385 440 1041
175 440 160
402 321 933
436 321 713
175 39 385
385 39 20
402 390 1247
416 390 1241
385 390 879
408 390 356
402 415 936
436 415 936
416 415 869
385 415 861
408 415 461
402 414 1101
436 414 1091
416 414 922
385 414 589
408 414 356
175 414 160
208 175 624
168 175 290
208 402 1297
206 402 1258
206 408 1036
208 408 1022
208 385 1146
206 385 756
208 436 1083
206 436 1067
206 416 1275
208 416 319
437 416 254
388 208 1030
342 208 1030
324 208 424
330 208 414
340 208 414
330 436 1121
388 436 1106
324 436 717
340 436 566
342 436 344
388 437 1114
330 437 1103
340 437 1094
342 437 1094
324 437 997
340 168 1120
342 168 674
388 168 1145
330 168 715
324 168 847
342 206 1183
388 206 1163
324 206 424
340 206 248
134 342 1296
152 342 1197
69 342 968
69 330 1035
134 330 827
152 324 830
134 388 1161
69 388 741
134 340 953
