316
516 433 443
397 433 725
601 433 221
534 433 612
482 433 289
516 478 443
397 478 585
601 478 483
532 478 630
517 478 325
534 478 612
482 478 450
516 502 515
397 502 310
601 502 315
517 502 336
534 502 612
482 502 336
516 557 443
397 557 310
601 557 422
532 557 566
534 557 612
482 557 177
516 614 443
397 614 606
601 614 302
532 614 214
534 614 612
482 614 366
516 645 443
397 645 310
601 645 426
532 645 747
534 645 612
482 645 366
516 659 378
397 659 477
601 659 314
532 659 405
517 659 558
534 659 193
482 659 558
516 690 629
397 690 734
601 690 302
532 690 232
517 690 252
534 690 612
482 690 366
516 776 495
397 776 708
601 776 267
532 776 433
517 776 519
534 776 190
482 776 616
516 777 665
397 777 708
601 777 557
517 777 197
534 777 582
482 777 434
516 784 522
397 784 708
601 784 285
532 784 107
517 784 721
534 784 582
516 813 508
397 813 571
601 813 146
532 813 433
517 813 856
534 813 582
482 813 434
516 826 495
397 826 128
601 826 195
532 826 433
517 826 217
534 826 190
482 826 434
516 829 508
397 829 708
601 829 146
532 829 433
517 829 250
534 829 606
482 829 172
516 830 508
397 830 708
601 830 135
517 830 856
534 830 582
482 830 521
516 870 945
397 870 540
601 870 146
532 870 433
517 870 721
534 870 422
482 870 410
516 878 665
397 878 630
601 878 557
532 878 200
517 878 383
534 878 443
482 878 380
516 887 829
397 887 468
601 887 146
532 887 433
517 887 191
534 887 582
482 887 269
397 112 146
517 112 509
534 112 14
397 205 805
601 205 442
532 205 563
534 205 786
482 205 310
601 313 39
532 313 483
715 516 774
736 516 657
268 516 606
719 516 584
785 516 584
747 516 507
508 516 467
719 397 753
508 397 710
715 397 706
736 397 541
747 397 478
785 397 432
268 397 191
715 601 1150
268 601 322
785 601 237
715 532 719
508 532 639
785 532 602
719 532 547
747 532 487
268 532 251
715 517 774
719 517 753
785 517 600
736 517 540
747 517 480
268 517 346
508 517 307
508 534 903
785 534 795
715 534 787
719 534 622
747 534 381
268 534 370
736 534 339
785 482 821
736 482 813
715 482 787
747 482 661
719 482 622
508 482 468
268 482 217
470 719 998
93 719 464
442 719 206
129 719 695
1 719 877
491 719 44
470 747 930
461 747 813
491 747 50
470 715 913
442 715 642
461 715 942
1 715 574
491 715 197
470 508 1171
129 508 776
491 508 644
461 508 573
1 508 249
93 508 191
442 508 166
93 785 1284
491 785 413
461 785 356
491 736 932
129 736 382
93 736 200
93 268 1024
129 268 911
470 268 813
442 268 697
491 268 543
234 1 166
234 442 704
333 442 702
78 442 587
264 442 575
412 442 427
375 442 422
415 442 301
375 129 812
234 129 509
333 129 509
78 129 360
264 129 302
329 129 246
329 93 61
234 461 704
412 461 632
78 461 587
415 461 326
329 461 262
412 491 306
329 491 230
234 491 115
234 470 794
412 470 26
329 470 2
405 333 1169
408 333 830
100 333 431
411 333 390
100 78 934
411 78 231
433 78 226
408 78 50
405 234 1007
408 234 830
100 234 676
436 234 553
398 234 453
411 264 561
405 264 414
100 264 293
433 264 268
436 375 722
398 375 665
408 375 332
405 375 271
398 412 895
436 412 895
408 412 870
411 412 551
433 412 387
405 412 340
100 329 994
398 329 665
436 329 567
433 329 503
408 415 1065
436 415 626
398 415 626
405 415 340
433 415 279
50 100 978
208 411 496
267 411 487
50 411 188
267 405 487
440 405 448
208 405 320
402 408 757
208 408 693
440 408 624
267 408 487
208 433 1296
402 433 757
267 433 672
440 433 529
50 433 205
402 398 598
208 398 598
440 398 529
267 398 197
208 436 523
267 436 487
402 436 321
440 436 321
363 208 672
348 208 276
379 402 692
385 402 692
349 402 483
343 402 434
348 50 1233
379 50 1260
385 50 1250
363 50 14
349 50 3
379 440 1016
385 440 974
349 440 589
348 264 1242
379 264 482
348 267 1152
363 267 601
379 267 482
69 363 1027
69 343 1027
69 349 936
134 349 811
134 379 1225
152 348 1291
69 348 1027
69 385 1027
