185
609 457 765
826 457 1043
680 457 1191
634 457 479
581 457 133
645 457 385
609 795 887
826 795 223
680 795 1150
634 795 748
581 795 1042
609 811 837
826 811 223
680 811 1239
634 811 663
581 811 229
645 811 497
609 822 554
826 822 498
680 822 463
634 822 1036
581 822 422
645 822 562
609 830 554
826 830 313
680 830 463
634 830 663
581 830 706
645 830 274
609 831 924
826 831 311
680 831 436
634 831 485
581 831 811
645 831 440
609 859 812
826 859 313
680 859 710
634 859 663
581 859 375
645 859 497
609 867 282
826 867 311
680 867 463
634 867 663
581 867 876
645 867 458
609 882 380
826 882 311
680 882 463
634 882 678
581 882 229
645 882 464
357 609 1265
643 609 1123
776 609 1098
616 609 983
769 609 544
357 826 356
357 680 1026
643 680 1026
776 680 963
616 680 807
801 680 204
769 680 124
776 634 1089
616 634 983
643 634 668
801 634 601
357 634 134
357 581 1276
643 581 1123
776 581 963
769 581 409
616 581 409
801 581 156
357 645 1154
643 645 1123
776 645 963
616 645 807
801 645 309
769 645 59
443 776 1246
424 776 1203
424 643 1102
445 643 994
244 643 721
402 643 305
402 769 1176
443 769 481
244 616 1242
445 616 994
209 616 669
402 616 436
443 616 163
443 357 1217
445 357 211
424 357 208
244 801 1122
209 801 62
424 801 133
445 801 218
386 424 920
415 424 792
375 424 666
129 209 1110
375 209 1110
55 209 862
94 209 379
375 443 1277
55 443 1059
386 443 718
192 443 396
94 244 856
375 244 452
55 244 284
55 402 1222
386 402 1175
129 402 789
375 402 663
192 402 462
386 445 1273
375 445 666
129 445 390
292 386 978
192 386 885
433 386 484
175 192 1243
208 192 1197
192 192 650
170 192 364
292 192 285
170 94 1119
175 94 4
292 94 5
292 129 977
175 129 794
192 129 734
192 375 435
292 375 435
433 55 678
192 415 885
292 415 854
208 415 702
433 415 280
289 175 1184
298 175 789
208 175 455
289 208 1251
298 208 757
208 208 416
428 208 416
360 208 386
208 292 884
428 292 759
208 433 1300
289 433 478
298 170 1259
428 170 1055
208 170 704
360 170 577
428 192 501
298 192 456
360 192 193
408 208 1267
326 208 548
374 208 372
326 360 1226
374 298 1019
408 298 432
326 298 432
341 428 1257
382 428 1187
374 428 978
326 428 380
408 289 1188
326 289 972
101 382 1216
96 382 878
101 374 1241
101 326 1300
101 408 1300
96 408 878
96 341 1203
101 341 1020
