228
709 300 56
149 300 849
754 300 568
327 300 113
613 300 356
709 334 843
149 334 637
313 334 322
754 334 3
327 334 18
613 334 99
709 483 832
215 483 305
149 483 640
313 483 248
754 483 316
613 483 248
176 483 158
709 512 327
149 512 554
313 512 275
754 512 253
327 512 521
613 512 593
176 512 307
709 516 832
215 516 158
149 516 1200
313 516 267
754 516 601
327 516 585
613 516 434
176 516 158
709 664 476
149 664 958
313 664 286
754 664 300
327 664 239
613 664 286
176 664 599
709 669 832
215 669 452
149 669 640
313 669 267
754 669 351
327 669 351
176 669 171
709 766 832
215 766 452
149 766 654
754 766 446
327 766 403
613 766 330
176 766 599
709 772 489
215 772 466
149 772 1102
313 772 129
754 772 190
327 772 276
613 772 730
176 772 553
709 870 518
215 870 386
149 870 887
313 870 208
754 870 324
327 870 324
613 870 619
176 870 665
215 770 516
149 770 1213
313 770 433
613 770 619
176 770 665
215 780 149
149 780 1158
313 780 390
327 780 389
613 780 149
176 780 553
215 789 550
149 789 1077
754 789 324
327 789 276
613 789 545
176 789 553
215 816 171
149 816 967
754 816 162
327 816 162
613 816 162
176 816 553
149 370 703
327 370 419
613 370 317
742 709 1166
79 709 15
79 215 897
742 215 1173
605 215 124
606 215 470
79 149 996
742 149 1241
742 313 631
605 313 594
606 313 506
79 313 244
742 754 1220
605 754 110
79 754 1
742 327 1236
605 327 838
79 327 469
606 327 407
742 613 1253
79 613 1153
605 613 295
79 176 1071
742 176 1206
605 176 15
606 176 3
364 742 800
322 742 1222
140 742 1089
253 742 377
416 742 3
322 606 1207
364 606 856
416 606 638
140 606 462
463 606 454
253 79 1081
322 79 1255
364 79 1217
322 605 832
416 605 673
364 605 507
253 605 307
140 605 284
463 605 157
39 416 1049
375 416 912
394 416 894
39 322 1233
412 322 784
394 322 784
375 322 340
394 140 724
412 140 571
375 140 471
39 253 1204
375 253 1183
394 253 1142
412 253 921
39 364 1204
394 364 1142
412 364 921
375 364 369
375 463 1294
412 463 486
39 463 486
415 463 431
394 463 187
17 375 783
416 375 677
320 375 494
241 375 451
17 39 1299
416 394 944
320 394 354
193 394 354
241 412 843
17 412 624
320 412 377
416 412 363
365 412 309
416 415 675
365 415 523
320 415 388
436 365 948
437 365 948
415 365 841
208 365 469
415 17 877
436 17 743
437 17 456
436 320 1080
437 320 1080
415 320 841
208 320 266
436 193 1162
437 193 1147
415 193 817
208 193 218
436 241 1162
437 241 1147
415 241 783
208 241 197
437 416 477
415 416 452
208 416 329
388 208 1104
324 208 657
340 208 375
330 208 375
388 436 1219
330 436 1148
379 436 1029
324 436 955
340 436 822
388 437 1223
324 437 1153
340 437 1153
330 437 1089
388 415 1265
340 415 1254
324 415 1168
330 415 1089
69 330 1115
95 330 879
134 330 721
134 379 1215
95 324 1264
95 388 1264
134 388 1193
69 388 791
134 340 940
