187
706 336 532
722 336 1152
104 336 399
706 449 414
722 449 1172
736 449 926
203 449 793
104 449 855
706 462 414
722 462 757
736 462 343
203 462 757
104 462 757
706 475 299
722 475 1221
736 475 930
203 475 793
104 475 1025
706 584 299
722 584 1039
736 584 930
203 584 530
104 584 360
706 599 353
722 599 1224
736 599 930
203 599 530
104 599 369
706 624 414
722 624 1157
736 624 930
203 624 603
104 624 675
706 729 599
722 729 1172
736 729 930
203 729 793
104 729 932
706 765 414
722 765 1172
736 765 430
203 765 793
104 765 1159
706 778 675
722 778 883
736 778 490
203 778 540
104 778 382
706 880 415
722 880 1077
736 880 905
203 880 485
104 880 862
722 131 168
736 131 214
722 552 1068
736 552 734
203 552 793
104 552 1057
722 967 7
736 967 1139
827 706 678
719 706 720
760 706 762
774 706 857
719 722 859
35 722 1107
774 722 46
719 736 774
760 736 867
774 736 44
827 203 844
719 203 1221
760 203 933
35 203 5
35 104 298
719 104 1013
760 104 23
208 719 1214
94 719 605
158 719 1
217 774 896
208 774 927
94 774 29
396 774 13
396 35 1074
208 35 1278
158 35 227
94 35 709
355 35 154
208 760 763
396 760 130
158 760 52
217 760 407
94 760 13
208 827 577
158 827 1117
94 827 978
355 827 29
7 396 962
420 396 727
415 396 240
375 396 240
390 396 240
420 94 154
7 94 3
7 208 962
420 208 727
390 208 408
7 355 962
420 355 727
420 217 670
415 158 699
390 158 699
375 158 665
420 158 589
7 158 551
307 158 193
375 463 1292
390 463 1002
415 463 450
7 463 174
385 420 1020
416 420 746
279 420 602
244 420 456
250 420 206
416 375 514
385 375 405
244 7 1271
279 7 216
250 7 236
175 307 1186
250 307 897
244 307 266
416 307 259
279 307 242
416 390 1106
385 390 1020
279 390 602
208 390 458
244 390 404
250 390 378
175 390 178
416 415 821
385 415 577
208 415 538
279 415 368
244 415 368
175 415 178
298 208 741
233 208 689
255 208 689
358 208 503
233 175 1053
255 175 1053
298 175 778
358 175 679
358 250 643
255 250 507
298 250 450
255 385 1104
233 385 749
298 385 392
358 385 284
298 244 589
255 244 411
358 244 318
233 416 1042
358 416 681
298 416 392
255 416 263
298 279 740
358 279 633
343 233 338
343 255 325
361 298 281
392 298 281
382 298 281
343 298 213
134 392 953
134 361 1115
101 343 819
101 382 968
101 415 819
101 358 1119
134 358 1115
