296
399 428 593
174 428 218
466 428 438
578 428 274
61 428 139
201 428 540
658 428 870
399 480 593
174 480 222
466 480 459
578 480 274
61 480 139
201 480 540
658 480 870
399 510 232
174 510 779
466 510 533
396 510 161
578 510 354
61 510 955
201 510 251
658 510 307
399 531 593
174 531 652
466 531 262
396 531 185
578 531 354
61 531 955
201 531 540
658 531 870
399 633 593
174 633 923
466 633 262
578 633 354
61 633 955
201 633 540
658 633 870
399 752 593
174 752 946
466 752 262
396 752 294
578 752 424
61 752 260
201 752 540
658 752 870
399 772 911
174 772 773
466 772 181
396 772 152
578 772 412
201 772 460
658 772 176
399 784 911
174 784 202
578 784 412
61 784 1132
201 784 460
658 784 305
399 816 844
174 816 682
466 816 165
578 816 498
61 816 1132
201 816 601
658 816 615
399 821 911
466 821 311
396 821 152
578 821 412
61 821 579
201 821 460
658 821 250
399 832 911
174 832 267
466 832 311
396 832 159
578 832 412
61 832 301
201 832 460
658 832 305
399 839 844
174 839 124
466 839 278
396 839 320
61 839 1132
201 839 398
658 839 272
399 873 911
174 873 455
466 873 561
578 873 412
61 873 660
201 873 512
658 873 305
399 876 911
174 876 226
466 876 311
396 876 159
578 876 412
61 876 1132
201 876 460
658 876 114
399 895 844
174 895 219
466 895 311
396 895 159
578 895 302
61 895 1132
201 895 353
658 895 505
174 125 153
174 194 11
466 194 27
396 194 2
578 194 56
61 194 351
825 399 989
801 399 989
668 399 766
796 399 552
663 399 333
730 399 228
730 174 1230
663 174 263
796 174 151
801 174 9
801 466 1145
668 466 814
730 466 791
796 466 728
825 466 562
663 466 358
801 396 1067
730 396 791
796 396 552
668 396 494
663 396 358
801 578 1283
668 578 753
730 578 566
796 578 499
825 578 207
663 578 196
801 61 901
796 61 434
663 61 157
825 61 249
801 201 1283
825 201 189
801 658 1283
668 658 753
730 658 566
796 658 499
825 658 207
663 658 175
52 825 91
244 825 17
244 668 1285
41 668 1111
364 668 776
457 668 755
244 730 987
41 730 92
364 730 61
244 796 428
457 796 87
41 796 3
244 801 1248
457 801 231
244 663 1285
289 663 600
284 663 575
52 663 535
41 663 286
457 663 286
364 663 225
375 456 967
130 456 437
307 456 421
87 456 264
307 289 923
130 289 837
375 289 602
453 289 355
307 244 923
94 244 848
375 244 635
87 244 570
453 244 459
130 244 446
375 457 1253
87 457 747
453 457 561
307 457 499
130 364 1176
307 364 923
94 364 848
87 364 570
453 364 527
375 41 129
307 41 20
415 41 16
453 41 20
307 52 61
453 52 49
375 52 1
375 284 1250
94 284 1069
415 284 815
453 284 532
192 453 711
170 453 861
287 453 533
250 453 1033
223 453 1
223 87 6
313 94 342
170 94 1082
250 94 821
175 94 4
175 307 1211
170 307 983
250 307 942
313 307 600
192 307 366
223 307 213
192 375 366
313 375 336
170 375 336
287 375 336
250 375 336
223 130 862
313 130 729
170 130 717
250 130 639
175 130 611
192 130 557
287 130 423
192 415 628
313 415 240
428 313 1032
432 313 996
298 313 744
208 313 339
432 192 462
428 192 462
298 192 459
362 192 281
298 175 776
208 175 462
432 175 246
362 175 205
298 170 1253
428 170 1032
432 170 996
208 170 682
362 250 1114
428 250 1032
432 250 996
208 250 427
298 250 334
208 223 794
362 223 710
428 223 550
298 223 546
432 223 278
428 287 1032
432 287 996
208 287 898
298 287 207
408 208 1159
214 208 1114
326 208 499
374 208 379
374 298 942
408 298 281
326 298 281
341 432 1109
382 432 1060
214 432 494
341 428 1127
382 428 1060
214 428 823
374 428 823
326 428 427
214 362 695
374 362 300
101 382 1155
96 341 1101
101 341 801
101 374 1073
101 214 722
101 326 1300
96 326 401
101 408 1297
96 408 691
