108
107 216 1300
798 216 1287
206 216 800
107 307 1300
206 307 1073
107 404 1276
798 404 1009
769 404 1276
107 693 641
798 693 662
769 693 940
206 693 341
107 780 1181
798 780 359
769 780 895
206 780 195
107 821 660
798 821 1020
769 821 1258
206 821 345
107 845 1192
798 845 1099
769 845 1258
206 845 273
107 851 678
798 851 419
769 851 1246
107 860 858
798 860 182
769 860 1258
206 860 858
107 876 875
798 876 104
769 876 1258
306 107 1210
547 107 927
336 107 1244
336 798 23
547 769 1216
627 769 7
529 769 12
529 206 244
547 206 1125
336 206 15
51 529 905
300 529 785
281 529 763
111 529 558
462 529 293
300 547 1300
51 547 1285
281 547 1172
111 547 1170
462 547 1121
51 306 1251
300 306 1240
462 306 1121
281 306 908
111 306 100
462 627 1044
300 627 652
300 336 1300
51 336 1285
462 336 1121
281 336 763
111 336 100
375 51 1
375 111 130
468 111 1283
375 462 1114
316 462 722
468 462 206
468 300 1241
375 300 985
509 300 570
37 300 518
375 281 1126
509 281 840
468 281 297
37 281 286
402 316 908
297 316 784
178 375 1300
402 375 1250
407 375 1235
297 375 589
407 37 6
297 468 20
402 468 2
208 407 1300
273 407 1300
140 407 1300
140 178 1037
208 178 1037
273 178 490
140 402 1300
273 402 1300
208 402 1300
208 297 517
168 208 1259
214 208 1030
168 140 138
214 273 1030
168 273 862
101 168 665
101 355 936
101 415 925
101 214 553
