248
257 421 513
450 421 260
388 421 228
385 421 241
343 421 300
354 421 440
298 421 696
257 454 283
450 454 214
388 454 154
385 454 278
343 454 306
354 454 306
298 454 696
257 568 150
450 568 645
388 568 455
385 568 616
343 568 170
354 568 356
298 568 477
257 574 366
450 574 342
388 574 455
385 574 288
343 574 126
354 574 114
298 574 755
257 590 196
450 590 196
388 590 228
385 590 133
343 590 315
354 590 543
298 590 450
257 599 185
450 599 325
388 599 335
385 599 339
343 599 170
354 599 335
298 599 199
257 603 474
450 603 645
388 603 455
385 603 616
343 603 325
354 603 541
298 603 352
257 613 322
388 613 455
385 613 288
343 613 301
354 613 355
298 613 629
257 658 164
450 658 201
388 658 243
385 658 278
343 658 262
354 658 169
298 658 782
257 753 403
450 753 340
388 753 551
385 753 288
343 753 209
354 753 289
298 753 154
257 782 609
450 782 455
388 782 133
385 782 778
343 782 509
354 782 474
298 782 366
257 821 249
450 821 469
388 821 400
385 821 368
343 821 548
354 821 148
298 821 732
257 849 395
450 849 445
388 849 400
385 849 372
354 849 613
298 849 658
257 852 274
450 852 469
388 852 400
385 852 910
343 852 344
354 852 613
298 852 658
257 892 313
450 892 469
388 892 400
385 892 992
343 892 313
354 892 832
298 892 658
343 243 798
354 243 178
298 243 4
516 257 1080
376 257 989
255 257 868
283 257 751
656 257 746
516 450 1179
376 450 991
255 450 868
283 450 832
656 450 568
255 388 1114
656 388 890
516 388 828
376 388 612
283 388 148
516 385 1172
376 385 991
255 385 868
283 385 774
656 385 216
516 343 1035
376 343 991
255 343 868
283 343 832
656 343 309
283 354 832
376 354 746
255 354 648
656 354 648
516 354 581
283 298 1024
516 298 705
255 298 705
376 298 705
656 298 420
112 656 1092
297 656 284
520 656 183
15 376 947
229 376 932
297 376 880
112 376 856
520 376 683
15 283 949
229 283 932
297 283 880
112 283 856
520 283 683
15 516 939
229 516 881
520 516 746
297 516 421
112 516 397
112 255 780
520 255 733
297 255 323
229 255 31
375 229 664
360 229 509
170 229 312
360 15 390
375 112 667
365 112 555
147 112 521
360 112 236
170 520 840
360 520 283
365 520 10
360 297 334
375 297 293
330 170 891
181 170 839
340 170 452
351 170 341
407 375 1255
402 375 1136
340 375 538
351 375 233
181 375 233
330 365 1164
407 365 736
402 365 736
340 365 683
351 365 359
330 147 1048
181 147 684
340 147 538
407 147 452
351 147 341
340 360 452
181 360 410
330 360 302
351 360 217
407 415 917
402 415 859
330 415 482
340 415 347
140 340 701
208 340 678
342 340 543
342 351 623
140 351 579
273 351 267
208 351 244
140 407 1300
273 407 1300
208 407 1296
206 407 686
342 407 318
140 402 1300
273 402 1300
208 402 1296
206 402 1104
342 402 124
140 181 701
208 181 603
342 181 381
208 330 603
273 330 566
342 330 543
168 208 1168
214 208 1116
154 208 577
238 140 1126
168 140 141
214 273 1116
168 273 779
154 273 577
372 342 1044
157 342 305
200 157 994
152 372 1293
152 168 1300
200 168 947
152 214 1300
200 214 947
76 214 588
152 154 1300
200 154 947
76 154 916
152 238 1300
200 238 947
