112
150 11 1117
256 11 536
593 11 348
432 11 968
150 513 1107
256 513 816
593 513 538
581 513 880
432 513 514
150 661 716
256 661 433
593 661 475
581 661 1024
432 661 678
150 821 1153
256 821 586
593 821 796
581 821 406
432 821 948
150 876 1153
256 876 95
593 876 796
581 876 251
432 876 525
150 881 432
256 881 772
593 881 556
581 881 927
432 881 381
150 890 1153
593 890 796
581 890 251
756 150 923
804 150 1257
756 256 1235
804 256 1162
591 256 679
756 593 1179
804 593 1165
591 593 289
632 593 158
804 581 1185
756 581 1025
591 581 804
632 581 218
804 432 1123
756 432 1123
632 432 856
591 432 540
419 756 1164
169 591 710
419 591 443
417 591 369
352 632 1176
169 632 843
419 632 443
419 804 486
169 804 518
352 804 1180
143 419 1103
447 419 1081
78 419 739
434 419 616
143 417 1206
447 417 1138
434 417 431
434 169 975
447 169 903
78 169 846
143 169 481
447 352 1291
143 352 986
434 352 941
78 352 532
209 78 361
217 78 278
373 434 1194
179 434 1185
209 434 842
373 447 1194
179 447 1185
209 447 842
209 143 867
373 143 749
303 217 1019
264 217 865
208 217 767
303 373 1106
346 373 675
264 373 555
346 209 1113
303 209 700
264 179 1047
303 179 781
408 208 1240
389 264 1246
346 264 1183
348 264 1075
408 346 1268
389 346 1028
348 346 1028
346 346 1028
382 346 746
408 303 1034
346 303 273
133 346 981
133 389 981
96 382 803
96 408 803
133 408 732
96 348 1025
133 348 995
