172
601 12 663
332 12 148
712 12 2
601 473 205
322 473 252
633 473 750
332 473 216
712 473 578
617 473 931
601 702 389
322 702 396
633 702 750
332 702 216
712 702 536
617 702 931
601 803 130
322 803 218
633 803 976
332 803 524
712 803 113
617 803 360
601 804 513
322 804 842
633 804 1061
332 804 524
617 804 401
601 811 354
322 811 851
633 811 329
332 811 524
712 811 874
617 811 401
601 823 924
322 823 322
633 823 701
332 823 431
617 823 701
601 832 130
322 832 851
633 832 637
332 832 377
712 832 850
617 832 401
601 890 212
322 890 851
633 890 221
332 890 524
617 890 411
322 787 480
633 787 637
332 787 493
712 787 599
617 787 595
322 1001 331
332 1001 19
712 1001 252
712 51 1053
626 601 1237
691 601 1030
611 601 902
646 601 818
646 322 1061
626 322 725
691 322 661
611 322 464
626 633 957
611 633 801
646 633 801
691 633 750
691 332 953
646 332 901
626 332 705
611 332 244
691 712 947
626 617 789
691 617 778
646 617 665
611 617 496
483 646 1245
458 646 1040
227 646 962
232 646 703
497 646 584
483 691 989
227 691 962
458 691 859
232 691 703
497 691 553
483 626 1245
458 626 1040
227 626 962
232 626 310
497 626 270
483 611 1245
458 611 1040
497 611 925
227 611 390
232 611 310
139 458 997
333 458 992
112 458 910
264 458 728
402 458 175
139 483 1194
333 483 920
112 483 274
264 483 21
402 497 756
139 227 837
402 227 831
264 227 464
139 232 837
402 232 626
264 232 549
333 232 366
405 333 1244
408 333 951
214 333 680
411 333 570
364 333 517
364 112 618
214 112 526
408 112 1
364 139 1070
411 139 1020
408 139 684
214 139 460
405 139 460
411 264 798
214 264 649
405 264 649
364 264 517
408 402 874
405 402 804
214 402 242
411 402 209
391 364 945
264 364 919
267 364 412
374 411 1044
391 411 911
267 411 445
267 214 1093
264 214 1092
391 214 873
374 214 285
391 405 911
267 405 647
374 405 630
374 408 1073
267 408 647
391 408 233
389 264 1172
346 264 1109
389 391 841
346 391 385
368 374 845
389 267 799
346 267 799
368 267 630
101 346 1292
134 346 1081
69 389 1092
134 336 1299
101 336 1292
69 336 1276
69 355 1299
101 355 1143
134 368 1300
101 368 989
69 415 1092
101 415 1026
