134
54 292 1118
150 292 816
405 292 25
54 513 958
150 513 938
581 513 733
405 513 290
54 624 502
150 624 823
394 624 599
581 624 983
405 624 599
54 661 942
150 661 628
394 661 215
581 661 634
405 661 296
54 733 720
150 733 823
394 733 338
581 733 694
405 733 633
54 778 771
150 778 323
394 778 323
581 778 369
405 778 796
54 782 548
150 782 759
394 782 328
581 782 858
405 782 577
54 798 436
150 798 350
394 798 601
581 798 1012
405 798 145
54 853 928
150 853 759
394 853 601
581 853 369
150 150 78
394 150 3
581 150 796
405 150 32
804 54 1213
756 54 96
804 150 1229
756 150 748
756 394 1196
804 394 1113
591 394 1039
804 581 1130
591 581 765
756 581 710
613 581 540
804 405 1208
756 405 1196
613 405 855
591 405 567
419 756 1117
406 756 101
406 591 1076
401 591 992
455 591 787
169 591 657
419 591 304
406 613 1191
169 613 401
419 613 332
455 613 197
169 804 543
419 804 442
401 804 219
143 419 1064
447 419 996
78 419 724
434 419 485
447 406 1184
143 406 1064
78 406 724
434 406 454
78 169 800
447 169 796
434 169 782
143 169 416
143 401 1064
447 401 894
78 401 771
434 401 606
447 455 1248
143 455 1001
78 455 724
434 455 378
217 78 273
209 78 354
237 447 1265
373 447 1203
179 447 1148
209 447 864
373 434 1203
179 434 1148
209 434 864
237 434 608
237 143 945
209 143 926
373 143 698
217 143 252
303 217 1105
208 217 912
264 217 845
303 209 772
303 373 1211
264 373 545
208 237 624
264 237 503
264 179 1041
303 179 843
408 208 1213
389 208 268
389 264 1241
348 264 1024
408 264 345
408 303 1017
133 389 1043
101 382 1141
101 408 1300
96 408 807
133 408 741
101 352 1289
101 348 1108
96 348 1055
133 348 1043
96 341 1234
