361
399 393 287
665 393 355
15 393 383
220 393 488
93 393 419
612 393 182
658 393 188
655 393 489
264 393 327
399 531 296
665 531 188
15 531 181
220 531 376
93 531 259
612 531 415
658 531 405
655 531 484
264 531 302
399 553 216
665 553 274
15 553 433
220 553 433
93 553 337
612 553 216
658 553 466
655 553 433
264 553 302
399 695 149
665 695 324
15 695 288
220 695 723
93 695 400
658 695 369
655 695 392
264 695 187
399 732 196
665 732 194
15 732 436
220 732 788
93 732 566
612 732 376
658 732 424
655 732 484
264 732 302
399 742 263
665 742 198
15 742 288
220 742 410
93 742 708
612 742 163
658 742 288
655 742 392
264 742 302
399 752 383
665 752 286
15 752 288
220 752 652
93 752 268
612 752 239
658 752 587
655 752 261
264 752 198
399 762 383
665 762 377
15 762 447
220 762 788
93 762 514
612 762 215
658 762 452
655 762 259
399 776 523
665 776 227
15 776 349
220 776 267
93 776 262
612 776 304
658 776 228
655 776 595
264 776 587
399 808 194
665 808 593
15 808 206
220 808 455
93 808 767
612 808 282
658 808 206
655 808 503
264 808 129
399 816 447
665 816 294
15 816 288
220 816 127
93 816 769
612 816 282
658 816 539
655 816 595
264 816 353
399 839 447
665 839 593
15 839 261
220 839 541
93 839 819
612 839 353
658 839 261
655 839 593
264 839 129
399 843 322
665 843 352
220 843 455
93 843 771
612 843 181
658 843 424
655 843 399
264 843 609
399 854 324
665 854 593
15 854 288
220 854 455
93 854 802
612 854 282
658 854 433
655 854 595
264 854 203
399 883 180
665 883 173
15 883 657
220 883 541
93 883 211
612 883 654
658 883 539
655 883 833
264 883 374
399 890 395
665 890 173
15 890 657
220 890 413
93 890 391
612 890 574
658 890 424
655 890 833
264 890 609
665 154 265
612 154 563
658 154 12
665 809 227
15 809 288
220 809 541
93 809 505
612 809 535
658 809 539
655 809 595
264 809 295
801 399 804
793 399 668
783 399 575
743 399 555
764 399 533
781 399 518
663 399 473
732 399 296
783 665 1169
743 665 545
801 665 423
781 665 393
732 665 372
764 665 259
793 15 1130
743 15 159
781 15 19
781 220 874
793 220 1274
783 220 807
663 93 194
743 93 1177
732 93 684
793 93 129
783 93 7
801 93 1
783 612 1210
801 612 1131
663 612 1129
743 612 556
732 612 538
764 612 396
801 658 1185
781 658 627
783 658 551
732 658 480
764 658 192
743 658 186
663 658 120
783 655 1210
801 655 1131
663 655 1129
743 655 450
764 655 396
732 655 280
801 264 658
743 264 557
732 264 450
781 264 450
663 264 419
783 264 419
764 264 404
793 264 306
91 732 475
463 764 64
244 764 107
27 764 426
91 764 51
91 793 966
284 793 843
105 793 42
244 783 447
27 783 262
105 783 47
463 783 8
41 783 6
91 743 562
244 801 1146
52 781 1056
27 781 91
91 781 399
27 663 1215
244 663 1199
1 663 761
284 663 632
52 663 499
463 663 305
41 663 160
94 1 876
57 1 1177
77 1 116
129 1 558
57 105 1275
375 105 145
453 105 172
375 27 803
57 27 1261
77 91 13
453 91 30
94 91 148
94 244 853
77 244 618
375 244 532
453 244 445
78 244 266
415 41 2
375 41 87
453 41 30
78 41 4
375 284 1255
129 284 1028
94 284 989
415 284 943
453 284 445
77 284 344
453 52 65
375 52 1
375 463 1295
77 463 1022
57 463 636
415 463 636
94 463 254
250 453 1002
170 453 765
311 453 695
292 453 949
192 453 612
311 78 233
170 94 1074
250 94 775
311 57 2
407 77 42
442 77 32
292 129 631
311 129 625
192 129 518
442 129 323
170 129 271
250 129 271
407 129 227
407 375 1296
442 375 1282
311 375 572
170 375 328
250 375 328
320 375 218
407 415 862
292 415 579
192 415 526
208 442 1291
298 442 908
416 442 809
429 442 588
266 442 274
266 192 1100
298 192 503
416 192 348
416 250 437
208 250 437
289 250 373
298 170 1248
208 170 742
416 170 513
266 170 267
429 170 210
344 170 137
208 407 1291
298 407 627
416 407 482
429 407 482
266 407 274
208 292 1020
429 292 725
344 292 656
416 292 454
266 292 239
208 311 1179
429 311 874
344 311 797
208 320 846
429 320 708
298 320 527
416 320 513
214 208 1235
408 208 1132
374 208 372
214 416 1192
374 416 914
355 416 250
374 298 875
408 298 364
382 298 364
341 298 259
214 429 1126
355 429 1077
341 429 928
374 429 914
382 429 696
374 266 1266
408 266 1132
214 266 848
355 266 314
374 344 712
214 344 712
355 344 314
408 289 1057
341 289 456
382 289 456
214 289 447
101 382 1231
96 382 818
101 355 1138
101 374 1032
101 214 609
101 408 1298
133 408 1003
96 408 818
96 341 1064
101 341 955
