131
197 371 1181
93 371 761
75 371 135
197 416 1163
452 416 352
93 416 683
75 416 913
197 556 1158
452 556 516
93 556 683
75 556 988
197 760 809
452 760 516
93 760 696
75 760 809
197 764 1086
452 764 797
93 764 683
75 764 988
197 798 749
93 798 692
75 798 893
197 853 590
93 853 888
75 853 1014
776 197 1288
777 197 427
796 452 1178
776 452 1178
777 452 168
777 93 953
776 93 1289
777 75 1209
796 75 1258
776 75 60
370 776 1006
255 776 1147
305 776 479
370 777 677
305 777 563
395 777 687
370 796 1267
305 796 76
381 255 1130
87 255 1113
152 255 1066
78 255 670
94 255 516
87 305 940
94 305 756
78 305 692
152 305 679
381 305 647
87 370 1260
152 370 1066
94 370 978
381 370 753
78 370 692
87 395 1191
381 395 1130
152 395 1033
94 395 692
78 395 670
170 381 1082
250 381 996
175 381 397
169 381 371
169 78 263
438 78 99
223 78 14
170 94 1183
250 94 956
175 94 13
438 87 576
223 87 3
170 152 722
175 152 397
169 152 371
438 152 195
250 152 190
298 438 518
208 438 410
358 438 369
266 438 306
298 208 887
358 208 442
266 208 353
208 208 218
298 175 892
358 175 703
266 175 436
208 175 184
358 250 648
208 250 507
266 250 214
298 170 1260
208 170 636
266 170 435
358 170 212
266 169 887
208 169 461
219 169 339
298 223 662
358 223 641
266 223 503
208 223 461
408 208 1197
340 208 579
395 208 579
374 208 579
379 358 549
340 358 481
395 358 479
349 358 368
395 219 314
395 298 1165
379 298 669
374 298 652
340 298 396
408 298 254
374 266 1237
408 266 1196
395 266 405
340 266 276
133 349 1035
96 395 855
133 374 651
133 340 1299
133 408 899
96 408 855
133 379 1000
