225
457 120 699
694 120 60
785 120 128
457 330 13
680 330 770
375 330 525
457 494 878
680 494 1015
694 494 883
785 494 421
375 494 198
93 494 810
658 494 177
457 498 1053
680 498 759
785 498 757
375 498 431
93 498 759
658 498 368
457 500 329
680 500 1154
694 500 1128
785 500 421
375 500 253
93 500 810
658 500 244
457 581 1168
680 581 380
785 581 736
375 581 431
93 581 330
658 581 419
457 622 976
680 622 775
785 622 145
375 622 431
93 622 659
658 622 659
457 740 1168
680 740 946
785 740 448
93 740 379
658 740 280
457 752 1074
680 752 429
694 752 447
785 752 332
93 752 175
658 752 561
457 787 822
680 787 680
694 787 521
785 787 245
375 787 189
93 787 432
658 787 220
457 816 1112
680 816 361
694 816 361
785 816 265
93 816 728
658 816 678
457 839 1200
680 839 504
785 839 190
375 839 325
93 839 754
658 839 647
680 32 561
375 32 75
93 32 733
680 833 680
694 833 521
785 833 265
375 833 387
93 833 117
658 833 661
680 854 161
785 854 180
93 854 530
658 854 678
694 326 7
785 326 592
93 326 671
785 938 638
375 168 346
815 457 1100
692 457 884
801 457 697
663 457 423
743 457 241
815 680 1232
743 680 741
692 680 398
801 680 247
801 694 1243
663 694 1124
692 694 981
743 694 765
815 694 710
801 785 404
692 785 459
743 785 2
801 375 1223
815 375 895
692 375 725
663 375 423
743 375 241
663 93 146
743 93 1245
801 93 18
815 658 1270
801 658 1258
743 658 406
692 658 293
463 692 1296
184 692 1169
168 692 646
244 692 482
364 692 281
1 692 271
41 692 196
244 815 88
184 815 616
168 815 135
364 815 211
1 815 11
168 743 468
1 743 1
244 801 1210
184 801 481
244 663 1271
1 663 1054
168 663 385
41 663 215
463 663 181
364 663 181
94 1 1061
129 1 839
87 1 194
94 244 1054
412 244 670
87 244 511
78 244 406
415 184 1262
129 184 581
78 184 464
94 184 392
87 184 331
412 184 331
129 168 542
78 168 464
87 168 385
94 168 365
412 41 238
415 41 7
412 364 1114
94 364 1054
87 364 511
78 364 226
94 463 562
415 463 454
129 463 155
412 463 106
169 78 179
223 78 4
175 94 3
292 94 1
175 129 826
192 129 770
365 129 708
292 129 708
407 129 336
407 87 52
192 412 847
169 412 619
292 412 499
407 412 377
175 412 284
223 412 232
365 412 229
407 415 1025
192 415 847
169 415 619
292 415 594
365 415 542
266 192 1182
298 192 572
208 407 1277
298 407 521
266 407 424
289 175 1153
298 175 861
208 175 309
266 175 254
289 365 927
298 365 851
208 365 584
208 292 790
266 292 353
208 169 790
266 169 691
289 169 388
208 223 790
298 223 665
266 223 353
408 208 1246
214 208 1206
374 208 403
374 298 930
408 298 435
382 298 435
374 266 1258
408 266 1144
214 266 730
408 289 1163
214 289 446
101 382 1206
96 382 949
101 374 1161
101 214 736
101 408 1300
96 408 949
96 341 1202
101 341 889
