148
444 210 461
444 393 704
694 393 675
785 393 916
93 393 280
139 393 480
444 564 644
694 564 841
785 564 644
93 564 248
139 564 696
444 581 638
785 581 975
93 581 579
139 581 270
444 622 638
694 622 183
785 622 597
93 622 821
139 622 409
444 706 638
694 706 798
785 706 798
93 706 724
139 706 559
444 740 962
785 740 1080
93 740 400
139 740 750
444 858 349
785 858 204
93 858 914
139 858 1128
444 879 629
785 879 824
139 879 617
444 887 251
694 887 541
785 887 1112
93 887 367
139 887 1124
444 938 173
785 938 1226
694 326 10
785 326 1169
93 326 883
139 326 952
93 32 1053
139 32 347
139 330 425
139 365 325
675 444 1171
801 444 1171
692 444 847
682 444 582
743 444 491
692 694 1049
743 694 944
801 694 910
682 694 870
675 694 116
692 785 700
801 785 183
675 785 1
743 93 1256
675 93 211
682 93 503
675 139 848
184 692 1178
468 692 1034
184 675 1178
468 675 1174
457 675 669
476 675 551
476 743 528
184 682 898
457 682 590
468 682 377
184 801 508
457 801 264
94 468 1163
192 468 1046
78 468 91
412 468 3
94 1 1155
192 476 760
94 476 1114
412 457 571
415 457 326
78 457 191
415 184 1258
94 184 896
78 184 719
412 184 224
223 78 17
175 192 1191
223 192 1114
192 192 569
170 192 539
250 192 469
250 94 838
170 94 1131
175 94 6
192 412 775
250 412 444
223 412 362
175 412 283
192 415 775
298 175 966
358 175 833
266 175 312
362 175 270
362 250 1194
358 250 829
208 250 471
266 250 309
298 250 241
298 170 1284
208 170 745
266 170 472
358 170 274
362 223 678
358 223 621
298 223 621
208 223 575
266 223 436
266 192 1250
298 192 732
395 208 485
374 208 485
395 298 1245
344 298 1051
374 298 900
382 298 428
341 298 259
344 358 1140
395 358 588
374 266 1282
395 266 392
344 362 883
395 362 451
374 362 451
96 382 920
133 344 1119
96 395 920
133 395 699
133 374 880
96 341 1183
