152
295 37 909
785 37 1002
93 37 299
729 37 807
295 460 698
785 460 766
93 460 714
729 460 776
295 461 420
785 461 636
93 461 672
729 461 732
295 564 634
785 564 576
93 564 325
729 564 338
295 581 637
785 581 733
93 581 858
729 581 858
295 622 244
785 622 733
93 622 878
729 622 900
295 688 717
785 688 733
93 688 878
729 688 933
295 798 760
785 798 633
93 798 839
729 798 123
295 854 310
785 854 407
93 854 815
729 854 548
295 883 295
785 883 602
93 883 411
729 883 274
295 887 386
785 887 903
93 887 395
295 892 405
785 892 682
93 892 225
729 892 959
675 295 830
732 295 684
776 295 652
743 295 378
743 785 6
675 785 1
743 93 1001
776 93 1021
732 93 910
675 93 54
743 729 800
776 729 981
732 729 537
376 732 250
54 776 138
394 776 528
376 776 933
305 776 430
54 675 769
376 675 683
394 675 679
481 675 304
305 675 304
394 743 843
305 743 941
94 54 984
78 54 5
307 54 1
94 305 763
78 305 639
87 305 631
307 305 451
415 305 281
87 481 40
78 481 128
307 481 43
94 394 763
78 394 589
87 394 356
94 376 706
251 78 226
223 78 13
250 94 835
170 94 972
251 94 448
251 87 330
223 87 3
170 307 930
250 307 882
251 307 311
223 307 198
208 415 532
251 415 302
223 415 168
298 208 816
266 208 312
441 208 247
358 208 241
362 208 233
428 208 220
441 250 957
362 250 950
428 250 886
358 250 603
266 250 196
298 250 154
298 170 1024
441 170 987
428 170 886
266 170 315
358 170 178
298 251 798
358 251 701
441 251 485
428 251 485
358 223 552
362 223 552
266 223 455
441 223 435
298 223 350
407 358 896
379 358 528
395 358 518
340 358 516
395 298 990
374 298 725
379 298 626
340 298 285
374 428 487
379 428 320
374 266 1020
407 266 486
395 266 351
407 362 575
374 362 476
340 362 476
395 362 476
374 441 788
407 441 491
379 441 320
133 374 505
133 340 1032
96 395 602
133 379 793
133 407 1020
