279
706 75 298
787 75 462
189 75 508
242 75 2
235 75 89
706 530 415
802 530 522
787 530 349
189 530 308
242 530 380
127 530 597
235 530 420
781 530 410
706 598 489
802 598 730
787 598 598
189 598 196
242 598 326
127 598 383
781 598 541
706 622 507
802 622 802
787 622 598
189 622 376
242 622 193
127 622 698
235 622 125
781 622 498
706 720 305
802 720 853
787 720 598
189 720 376
242 720 393
127 720 345
235 720 305
781 720 817
706 779 126
802 779 780
189 779 329
242 779 209
127 779 492
235 779 297
781 779 329
706 787 416
802 787 780
787 787 125
189 787 308
242 787 567
127 787 492
235 787 420
781 787 358
706 803 279
802 803 780
787 803 244
242 803 567
127 803 244
235 803 420
781 803 274
706 811 279
802 811 263
189 811 183
242 811 550
127 811 492
235 811 252
781 811 263
706 821 281
802 821 145
189 821 183
242 821 550
127 821 492
235 821 369
781 821 274
706 822 214
802 822 381
787 822 249
189 822 183
242 822 550
127 822 249
235 822 407
781 822 280
706 825 453
787 825 386
189 825 182
242 825 550
127 825 636
235 825 420
781 825 559
706 826 408
802 826 780
787 826 462
189 826 218
242 826 308
127 826 492
235 826 369
781 826 449
706 844 192
802 844 137
189 844 137
242 844 550
127 844 492
235 844 252
781 844 109
706 859 180
802 859 780
189 859 137
242 859 550
127 859 492
235 859 252
781 859 274
706 873 366
802 873 614
787 873 386
189 873 386
242 873 130
127 873 492
235 873 261
781 873 434
706 883 122
787 883 150
189 883 183
242 883 550
127 883 296
235 883 369
781 883 150
802 832 780
189 832 156
242 832 550
127 832 492
235 832 369
781 832 274
787 207 38
781 207 763
605 706 182
805 706 731
632 706 241
632 802 302
810 802 913
605 787 74
805 787 708
810 787 64
805 189 1064
805 242 1047
632 242 156
785 242 247
810 242 9
632 127 675
605 127 3
805 235 917
785 235 1029
785 781 949
305 810 438
1 810 530
313 810 287
49 810 116
1 796 145
305 796 63
35 805 73
305 805 4
313 785 631
49 785 765
394 785 1
35 632 810
394 632 679
313 632 675
1 632 651
371 632 407
305 632 196
35 605 927
394 605 679
313 605 675
1 605 651
371 605 304
87 1 523
329 305 731
87 305 639
78 305 605
181 305 396
39 305 263
329 371 731
78 371 563
412 371 525
87 371 441
181 371 384
39 371 283
78 49 1185
87 49 89
181 49 1
87 394 750
329 394 731
412 394 704
78 394 563
181 394 259
39 394 232
78 313 774
329 313 731
412 313 391
181 313 384
329 35 659
87 35 5
100 181 836
226 181 836
193 181 631
346 181 250
241 181 226
208 181 208
100 78 865
438 78 156
193 78 1
226 87 194
241 87 182
438 87 564
226 39 439
100 39 54
100 329 948
226 329 901
193 329 689
241 329 403
438 329 276
208 329 237
241 412 612
208 412 387
226 412 205
346 412 187
440 208 799
402 208 799
50 208 782
298 208 661
168 208 648
208 438 492
440 438 441
298 438 340
402 438 290
168 438 221
50 100 843
168 100 258
440 226 750
402 226 359
298 226 288
50 226 229
168 226 229
50 193 982
168 193 905
440 193 444
298 193 155
208 193 148
168 346 1072
50 346 860
298 346 424
440 346 309
168 241 954
50 241 881
298 241 501
440 241 172
402 241 172
208 241 172
379 402 644
343 402 581
340 402 581
349 402 521
340 208 448
348 208 361
348 50 1088
379 50 1170
349 50 11
379 440 979
349 440 570
340 440 394
340 168 1045
379 298 845
343 298 518
340 298 325
95 343 707
133 349 1123
95 349 724
133 379 721
133 340 1216
95 348 968
133 348 861
96 348 706
