179
677 451 241
622 451 513
763 451 1114
429 451 322
94 451 553
167 451 430
677 513 277
622 513 246
763 513 351
688 513 351
429 513 322
94 513 978
167 513 453
677 602 277
622 602 170
763 602 983
688 602 354
429 602 145
94 602 348
167 602 222
677 643 157
622 643 347
763 643 510
429 643 322
94 643 978
167 643 500
677 649 277
622 649 521
763 649 1255
688 649 774
429 649 266
94 649 978
167 649 334
677 650 657
622 650 317
763 650 1031
429 650 386
94 650 978
167 650 334
677 706 579
763 706 1174
429 706 581
94 706 182
167 706 351
677 728 277
622 728 452
763 728 930
688 728 517
429 728 416
94 728 978
167 728 334
677 789 938
622 789 680
763 789 949
688 789 175
429 789 199
94 789 222
167 789 358
677 815 185
622 815 889
763 815 791
688 815 175
429 815 317
94 815 222
167 815 733
763 211 2
688 211 1023
429 211 33
167 211 1
763 379 215
627 677 1222
771 677 1140
607 677 843
678 677 251
600 677 213
771 622 1151
627 622 925
607 622 843
600 622 743
678 622 244
771 763 1270
627 763 100
771 688 1256
627 688 925
607 688 840
678 688 244
600 688 213
678 429 778
600 429 387
771 429 328
627 429 323
607 429 193
627 94 1267
600 167 368
771 167 515
322 771 627
507 771 1288
385 771 66
322 600 806
360 600 708
385 600 438
507 600 276
256 600 203
385 627 1103
507 627 699
360 627 602
385 678 1103
256 678 1074
360 678 708
507 678 294
322 607 806
360 607 445
385 607 438
507 607 294
256 607 203
143 360 1267
296 360 664
271 360 632
50 360 390
50 507 20
143 507 109
271 507 1
143 256 928
174 256 859
271 256 812
296 322 1102
174 322 828
271 322 794
143 322 790
50 322 313
143 385 1216
50 385 882
271 385 819
296 385 686
175 50 570
408 50 37
465 271 1084
175 271 1042
255 271 1030
408 271 533
297 174 1073
175 174 812
408 174 724
255 174 551
465 174 327
297 296 1028
255 296 922
465 296 922
255 143 1216
297 143 981
408 143 327
175 143 318
310 175 1017
411 175 1005
202 175 491
208 175 202
339 175 200
411 255 786
310 255 668
339 255 436
202 255 299
208 255 299
208 408 695
310 408 575
339 408 559
202 408 172
411 297 1087
339 297 913
202 297 625
310 297 591
208 297 202
411 465 316
339 465 2
336 310 730
341 411 1040
336 411 752
134 336 1277
123 336 635
134 341 895
