294
588 94 12
496 94 6
634 94 137
401 94 1045
521 94 467
383 94 17
588 399 897
496 399 152
316 399 335
634 399 900
401 399 411
521 399 452
364 399 264
588 507 411
496 507 387
634 507 283
401 507 260
521 507 452
364 507 502
383 507 238
588 550 585
496 550 233
316 550 335
634 550 272
401 550 348
521 550 222
364 550 499
383 550 195
588 557 544
316 557 385
634 557 798
401 557 411
521 557 223
364 557 247
383 557 389
588 656 897
496 656 330
316 656 335
401 656 482
521 656 409
364 656 165
383 656 604
588 833 106
496 833 101
316 833 381
634 833 667
401 833 510
521 833 599
364 833 120
383 833 143
588 854 281
316 854 422
634 854 624
401 854 510
521 854 617
364 854 225
383 854 699
588 859 265
496 859 538
316 859 432
634 859 615
401 859 673
521 859 216
364 859 359
588 872 281
496 872 538
316 872 662
634 872 678
401 872 688
521 872 556
364 872 359
383 872 699
588 882 402
496 882 236
316 882 381
634 882 613
401 882 510
521 882 617
588 904 776
496 904 780
401 904 9
521 904 13
364 904 687
588 910 704
634 910 86
521 910 679
364 910 44
588 935 135
496 935 3
316 935 165
401 935 620
521 935 693
364 935 1
588 1004 5
316 1004 396
634 1004 112
401 1004 268
521 1004 404
364 1004 883
496 175 23
521 175 703
364 175 1001
496 660 147
316 660 208
634 660 801
401 660 411
521 660 208
383 660 313
496 983 310
316 983 5
401 983 446
521 983 44
364 983 154
316 923 93
401 923 721
521 923 13
364 923 747
631 588 1090
682 588 815
593 588 567
668 588 541
801 588 419
801 496 1120
593 496 878
668 496 837
631 496 527
682 496 441
801 316 1157
682 316 995
631 316 852
668 316 653
781 316 538
593 316 382
631 634 1180
682 634 815
593 634 649
668 634 639
801 634 387
801 401 1120
668 401 837
593 401 781
631 401 521
781 401 368
682 401 143
593 521 878
781 521 839
631 521 790
682 521 575
801 521 575
668 521 460
631 364 875
801 364 740
668 364 635
781 364 429
682 364 372
593 364 234
801 383 1205
631 383 868
781 383 858
682 383 695
593 383 382
244 593 1173
68 593 922
413 593 907
375 593 786
424 593 612
68 668 1259
244 668 1173
402 668 1107
413 668 907
375 668 786
91 668 756
68 682 1278
413 682 1054
402 682 813
91 682 255
375 682 255
424 682 255
244 801 1028
68 801 751
424 801 116
68 631 1278
402 631 1107
413 631 1054
91 631 220
375 631 107
91 781 455
402 781 401
375 781 189
68 781 66
415 424 1134
375 424 665
402 424 655
412 424 520
94 424 328
94 91 174
94 244 729
412 244 625
375 244 610
402 244 341
94 375 1115
192 375 453
375 375 259
402 413 835
375 413 526
412 413 520
129 413 321
192 413 270
402 402 835
375 402 679
129 402 657
192 402 384
412 402 134
192 68 118
175 192 1228
408 192 1166
208 192 932
276 192 836
263 192 387
175 94 9
311 129 819
175 129 785
263 129 730
408 129 383
311 375 843
263 375 280
208 402 463
408 402 445
266 402 360
175 402 240
276 402 240
408 412 868
276 412 749
208 412 422
263 412 265
175 412 242
408 415 837
208 415 556
276 415 323
263 415 265
289 208 1199
233 208 754
298 208 712
416 208 459
208 208 217
416 266 968
208 266 217
289 175 1027
233 175 1021
416 175 772
298 175 711
208 175 505
233 276 1112
289 276 829
298 276 712
416 276 459
208 276 397
208 408 1062
416 408 1019
298 408 631
233 408 225
208 311 1095
416 311 492
289 311 268
233 263 1080
298 263 557
289 263 527
416 263 459
214 208 1081
326 208 505
374 208 429
214 233 383
374 233 383
326 233 383
344 233 366
214 416 1028
374 416 1026
326 416 432
353 416 241
374 298 1079
344 298 917
326 298 306
353 298 168
344 289 1065
326 289 968
214 289 498
345 289 464
101 344 1277
101 374 1101
101 345 1227
101 353 1248
96 353 894
101 214 727
101 326 1281
