85
336 18 1255
336 259 1132
669 259 1
726 259 15
586 259 181
336 513 605
669 513 812
726 513 991
586 513 419
336 717 566
669 717 635
726 717 974
586 717 579
336 866 690
669 866 435
726 866 260
586 866 1266
336 922 56
669 922 7
586 922 764
336 939 1192
669 939 377
669 989 505
586 989 1012
627 336 1280
756 336 1249
613 336 145
627 669 1263
613 669 1226
756 669 861
627 726 445
627 586 1271
613 586 1226
756 586 1162
419 756 1153
183 756 1160
456 756 213
284 627 1271
419 627 918
456 627 323
183 627 156
284 613 1172
419 613 530
456 613 323
143 456 1282
447 456 1007
412 456 725
143 419 1227
447 419 838
412 419 665
226 419 489
447 183 1096
143 183 1096
412 183 819
226 284 814
447 284 781
143 284 172
237 447 1210
171 447 922
255 226 506
171 226 395
263 226 395
237 143 856
255 143 734
263 143 429
237 412 1001
171 412 712
255 412 711
263 412 656
408 412 474
208 408 1157
289 171 1200
208 171 908
411 171 319
289 255 1177
208 255 848
411 255 427
289 263 884
208 263 410
411 263 319
208 237 908
411 237 319
341 411 1254
341 289 585
96 341 1260
