220
287 231 10
769 231 658
156 231 226
287 367 10
318 367 90
581 367 1047
367 367 439
156 367 1000
287 452 475
318 452 325
769 452 567
581 452 567
367 452 816
156 452 959
287 471 475
318 471 269
769 471 325
581 471 1046
367 471 366
156 471 959
287 490 719
318 490 225
769 490 781
581 490 1029
367 490 221
156 490 959
287 506 475
318 506 509
769 506 937
581 506 1055
367 506 203
156 506 959
287 613 475
318 613 342
769 613 937
581 613 1055
156 613 959
287 669 475
769 669 836
581 669 901
156 669 901
287 728 557
318 728 489
769 728 937
581 728 1102
367 728 312
156 728 507
287 882 653
318 882 532
769 882 661
581 882 232
367 882 393
156 882 606
287 892 559
318 892 323
769 892 567
581 892 870
367 892 168
156 892 203
287 943 83
318 943 279
367 943 446
318 291 51
769 291 1
581 291 835
318 727 191
769 727 316
581 727 169
367 727 894
156 727 164
318 888 467
769 888 1064
581 888 941
367 888 168
156 888 383
318 1012 35
156 1012 746
781 287 1075
738 287 898
724 287 802
643 287 791
627 287 207
780 287 207
781 318 1273
724 318 728
738 318 576
780 318 576
643 318 361
627 318 190
724 769 240
627 769 27
643 581 1269
738 581 772
781 581 567
627 581 552
780 581 475
724 581 309
781 367 1231
780 367 981
738 367 853
724 367 574
627 367 464
643 367 361
724 156 1099
780 156 1013
287 643 1082
284 643 927
52 643 864
445 643 749
105 643 600
0 643 318
284 724 1012
287 724 850
105 724 1
284 627 927
105 627 569
170 627 408
0 627 359
0 738 1186
445 738 301
287 738 19
287 780 981
52 780 1088
105 780 1065
170 780 228
52 781 1117
170 781 165
287 781 106
375 105 306
95 0 1292
469 0 4
107 0 3
9 287 1161
375 287 1127
241 287 865
95 287 859
469 287 765
107 287 270
375 170 1136
241 170 733
469 170 701
9 170 633
95 170 514
375 284 1263
107 284 942
469 284 891
95 284 643
241 284 353
9 284 343
9 52 1300
375 52 4
375 445 773
95 445 566
469 445 425
241 445 390
9 445 368
127 95 1296
263 95 647
285 95 146
255 95 27
263 469 978
255 469 140
402 469 2
127 107 1244
52 241 856
263 241 683
402 375 1168
52 375 962
285 375 757
263 375 757
255 375 501
127 375 309
52 9 1218
204 285 1099
289 285 536
411 285 429
208 402 1299
475 402 154
475 255 1138
289 255 876
411 255 750
208 255 665
475 127 1048
289 263 803
475 263 803
411 263 345
204 263 200
475 52 3
214 208 1133
408 208 1067
154 208 855
326 208 471
408 204 1067
326 204 920
214 204 729
377 204 475
341 204 348
154 204 130
152 475 1117
408 475 139
326 475 6
214 411 1173
341 411 1123
154 411 957
377 411 698
326 411 310
408 289 1006
326 289 856
214 289 729
377 289 475
341 289 348
76 152 1274
101 377 766
76 214 598
101 326 1298
101 408 1298
96 408 510
96 341 1098
101 341 549
76 154 635
