188
651 149 709
763 149 65
702 149 412
651 571 319
763 571 1297
769 571 914
247 571 791
702 571 509
651 656 215
763 656 1287
769 656 273
247 656 434
256 656 514
702 656 493
651 696 215
763 696 1296
769 696 299
247 696 695
256 696 188
702 696 509
651 697 311
763 697 1297
769 697 574
247 697 574
256 697 556
702 697 444
651 726 556
763 726 1297
769 726 883
247 726 434
256 726 499
702 726 493
651 756 116
763 756 1297
769 756 706
247 756 831
256 756 499
702 756 509
651 881 294
763 881 781
769 881 193
247 881 1030
256 881 1067
702 881 436
651 882 325
763 882 977
769 882 490
247 882 460
256 882 823
702 882 655
651 942 223
769 942 91
247 942 1113
256 942 371
702 942 226
763 971 160
247 971 305
771 651 1281
627 651 798
680 651 631
643 651 284
627 763 216
771 763 1296
771 769 603
627 769 66
680 769 68
771 247 175
680 247 19
600 247 37
771 256 1028
680 256 611
643 256 276
627 256 235
600 256 206
643 702 1206
680 702 1077
627 702 991
600 702 326
771 702 180
507 771 1288
322 771 870
238 771 280
397 771 231
263 771 5
263 643 722
507 643 687
397 643 382
39 643 346
62 643 247
322 600 1030
397 600 893
238 600 462
62 600 343
507 600 189
62 627 1251
263 627 722
507 627 480
39 627 337
322 627 155
62 680 1251
507 680 538
397 680 394
322 680 394
263 680 254
39 680 254
415 263 1269
477 263 986
375 263 753
83 263 749
271 263 448
39 263 265
83 39 1196
477 39 534
375 39 8
39 238 1038
477 238 987
76 238 713
375 238 340
271 238 320
271 507 1
50 507 4
375 397 1207
39 397 646
83 397 516
83 62 1239
477 62 484
50 62 607
271 62 291
39 322 1220
83 322 491
375 322 461
271 322 449
76 322 364
477 322 310
175 50 433
408 50 15
175 83 407
408 83 110
297 375 956
290 375 956
355 375 669
263 375 209
17 39 1299
175 39 633
290 39 116
263 39 1
175 271 957
17 271 859
263 271 598
290 271 525
408 271 297
175 477 10
408 415 1090
355 415 989
297 415 722
263 415 359
175 415 217
355 76 586
288 175 1074
310 175 1034
208 175 465
208 408 1024
310 408 600
288 290 1198
310 290 554
310 263 638
310 17 1
288 297 650
310 297 509
208 297 364
208 355 849
310 355 638
288 355 321
214 208 1104
388 208 741
326 208 394
326 288 464
214 310 763
382 428 1123
214 428 580
388 428 481
326 428 434
101 382 1094
96 382 833
101 214 614
101 326 1300
96 388 833
101 388 801
