373
735 434 786
657 434 350
722 434 547
22 434 514
790 434 404
104 434 167
735 437 786
665 437 208
657 437 169
42 437 365
722 437 547
22 437 425
790 437 284
104 437 430
735 467 677
665 467 265
657 467 227
42 467 234
722 467 367
22 467 425
790 467 1170
104 467 731
735 514 332
657 514 579
42 514 133
722 514 645
22 514 332
790 514 1170
104 514 731
735 531 617
665 531 336
657 531 166
722 531 394
22 531 318
790 531 1115
104 531 731
735 561 426
665 561 310
657 561 293
42 561 419
722 561 547
22 561 178
790 561 1170
104 561 731
735 609 677
665 609 265
657 609 330
42 609 204
722 609 367
22 609 425
790 609 739
104 609 192
735 616 677
665 616 489
657 616 182
42 616 412
722 616 403
22 616 425
790 616 514
104 616 514
735 632 695
665 632 265
657 632 264
42 632 147
722 632 394
22 632 425
790 632 1166
104 632 731
735 685 461
665 685 265
657 685 234
42 685 220
722 685 547
22 685 465
790 685 511
104 685 511
735 720 677
665 720 253
657 720 415
42 720 537
722 720 228
22 720 425
790 720 242
104 720 288
735 765 273
665 765 273
657 765 191
42 765 145
722 765 713
22 765 237
790 765 644
104 765 1023
735 779 390
665 779 254
657 779 305
42 779 717
722 779 332
22 779 123
790 779 140
104 779 690
735 788 164
665 788 242
657 788 101
42 788 576
722 788 332
22 788 744
790 788 256
104 788 752
735 794 164
665 794 230
657 794 301
42 794 576
722 794 151
22 794 813
790 794 268
104 794 276
735 866 614
665 866 364
657 866 305
42 866 698
722 866 364
22 866 277
790 866 178
104 866 970
665 628 221
657 628 320
42 628 500
722 628 578
22 628 170
790 628 782
104 628 731
665 854 580
42 854 352
722 854 467
22 854 671
790 854 268
104 854 752
657 336 36
42 336 44
722 336 461
22 336 3
104 336 338
657 840 305
42 840 999
722 840 332
22 840 284
790 840 268
104 840 730
827 735 1184
679 735 10
801 735 82
677 735 4
827 665 1019
686 665 955
679 665 753
581 665 753
801 665 175
686 657 752
679 657 499
801 657 482
813 657 479
827 657 466
719 657 454
581 657 340
827 42 1252
813 42 640
679 42 95
719 722 503
813 722 212
801 722 55
679 22 50
581 22 3
827 22 7
677 22 5
827 790 1076
813 790 1009
677 790 206
719 104 588
686 104 757
813 104 95
679 104 3
1 719 935
94 719 586
208 719 876
158 719 2
35 581 1041
94 581 993
212 581 928
463 581 711
1 581 686
158 581 313
212 679 916
94 679 916
35 679 397
158 679 313
258 679 149
94 827 829
212 827 1102
258 827 584
158 827 914
208 827 60
158 801 535
463 686 1284
94 686 993
212 686 928
158 686 313
35 686 214
212 813 541
94 813 245
94 677 467
35 677 397
208 677 333
258 677 149
158 677 142
463 677 142
420 94 50
378 94 5
94 1 722
413 1 31
94 208 675
420 208 521
440 208 408
413 208 372
390 208 236
413 258 927
440 258 779
94 258 779
378 258 313
420 258 312
378 35 184
307 35 199
440 212 748
375 212 734
94 212 675
413 212 627
378 212 419
420 212 163
94 158 851
440 158 851
375 158 507
390 158 507
415 158 507
378 158 402
307 158 336
420 158 304
413 158 243
375 463 1296
390 463 865
415 463 500
413 463 346
440 463 242
94 463 224
436 420 1072
385 420 960
416 420 771
250 420 210
250 94 661
175 94 27
377 94 8
208 94 3
408 413 1123
436 413 1099
416 413 1074
208 413 632
250 413 317
175 413 253
385 413 243
377 413 147
175 307 1200
408 307 1166
377 307 1055
250 307 771
436 307 300
416 307 295
416 440 1182
385 440 960
408 440 262
175 440 257
377 440 231
250 440 177
416 375 665
436 375 590
385 375 327
408 375 225
175 378 668
408 378 668
208 378 639
436 378 626
385 378 606
416 378 399
250 378 296
377 378 203
416 390 1182
385 390 939
208 390 480
408 390 365
250 390 317
175 390 141
416 415 859
408 415 829
436 415 726
385 415 666
208 415 632
264 208 742
298 208 737
233 208 702
208 208 507
358 208 454
358 250 700
264 250 379
266 250 294
233 250 294
298 250 280
233 175 1083
264 175 912
298 175 766
358 175 720
266 175 448
208 175 430
208 408 944
298 408 827
358 408 725
233 408 358
266 408 300
208 385 1251
233 385 798
298 385 364
358 385 311
233 436 1060
298 436 955
208 436 859
358 436 306
266 436 300
233 416 1060
358 416 725
208 416 440
298 416 364
266 416 185
266 377 1092
233 377 383
214 208 1099
340 208 457
389 358 801
348 358 801
340 358 630
379 358 594
349 358 312
340 233 630
379 233 593
379 298 593
389 298 533
340 298 220
355 298 207
343 298 191
389 264 1116
348 264 1017
379 264 415
214 266 539
355 266 293
69 343 981
101 343 949
101 349 1254
69 349 885
134 349 724
69 389 981
69 355 1289
101 355 1009
134 214 1129
101 214 500
134 340 732
134 379 1163
101 348 1134
69 348 981
