365
665 408 185
657 408 237
722 408 182
42 408 293
250 408 189
22 408 316
710 408 327
828 408 406
104 408 382
665 437 190
722 437 322
42 437 187
250 437 449
22 437 350
710 437 449
828 437 148
104 437 328
665 467 228
657 467 224
722 467 195
42 467 140
250 467 333
22 467 350
710 467 355
828 467 212
104 467 382
665 527 172
657 527 124
722 527 322
42 527 172
250 527 513
710 527 464
828 527 246
104 527 442
665 531 196
657 531 170
722 531 219
250 531 219
22 531 250
710 531 219
828 531 482
104 531 382
665 609 228
657 609 289
722 609 195
42 609 102
250 609 617
22 609 350
710 609 198
828 609 336
665 616 369
657 616 179
722 616 263
42 616 188
250 616 221
22 616 350
710 616 221
828 616 446
104 616 307
665 628 185
657 628 315
722 628 322
42 628 371
250 628 513
22 628 134
710 628 464
828 628 194
104 628 382
665 698 254
657 698 224
722 698 322
250 698 494
22 698 350
710 698 464
828 698 156
104 698 158
665 720 190
657 720 289
722 720 152
42 720 388
250 720 157
22 720 350
710 720 170
828 720 152
104 720 144
665 765 185
657 765 209
722 765 481
250 765 513
22 765 188
710 765 464
828 765 194
104 765 651
665 787 309
657 787 274
722 787 357
42 787 324
250 787 215
22 787 268
710 787 302
828 787 240
104 787 373
665 788 207
657 788 114
722 788 188
42 788 298
250 788 413
22 788 473
710 788 298
828 788 80
104 788 389
665 789 107
657 789 286
722 789 282
42 789 129
250 789 201
22 789 624
710 789 144
828 789 287
104 789 389
665 794 178
657 794 274
722 794 93
42 794 309
250 794 169
22 794 624
710 794 302
828 794 220
104 794 107
665 803 278
657 803 222
722 803 274
42 803 210
250 803 207
22 803 278
710 803 210
828 803 193
104 803 373
665 809 206
657 809 293
722 809 114
42 809 107
250 809 201
22 809 539
710 809 144
828 809 458
104 809 490
665 854 426
722 854 297
42 854 178
250 854 196
22 854 539
710 854 101
828 854 458
104 854 389
657 434 339
722 434 322
42 434 111
250 434 513
22 434 350
710 434 464
828 434 151
104 1014 509
686 665 656
827 665 556
679 665 442
581 665 442
801 665 206
686 657 490
801 657 397
679 657 384
813 657 366
581 657 225
827 657 160
677 657 93
801 722 84
813 722 187
813 42 464
827 42 803
679 42 91
813 250 646
679 250 57
679 22 45
677 22 1
813 710 375
686 710 266
827 710 2
581 828 152
827 828 39
679 828 77
801 828 36
686 104 532
813 104 105
827 104 1
414 581 651
212 581 612
54 581 583
463 581 546
1 581 440
217 581 370
158 581 188
414 679 651
212 679 606
158 679 188
54 679 76
54 801 704
158 801 303
217 801 22
258 827 475
158 827 611
212 827 771
463 686 884
212 686 612
414 686 492
54 686 413
158 686 188
212 813 335
54 813 15
414 677 700
54 677 669
463 677 109
94 54 753
220 54 328
94 1 528
413 1 18
413 258 708
440 258 564
94 258 564
220 258 161
440 217 517
94 217 507
413 217 454
375 217 311
220 217 274
440 212 517
94 212 507
413 212 454
375 212 416
220 212 303
94 158 642
440 158 642
375 158 278
415 158 278
414 158 278
307 158 184
413 158 179
414 414 870
375 414 830
415 414 716
220 414 333
413 414 245
440 414 202
94 414 123
375 463 890
414 463 880
415 463 381
220 463 314
413 463 245
94 463 180
440 463 180
175 94 18
377 94 9
436 413 771
416 413 746
408 413 722
398 413 719
402 413 661
385 413 159
175 413 155
377 413 115
175 307 829
408 307 803
377 307 722
398 307 380
436 307 258
416 307 235
402 375 608
416 375 487
436 375 465
398 375 318
385 375 200
402 440 850
416 440 809
385 440 661
377 440 203
175 440 145
408 440 145
416 415 621
402 415 566
436 415 566
398 415 566
385 415 493
408 415 491
436 414 771
398 414 716
402 414 661
416 414 482
385 414 279
408 414 276
175 414 155
377 220 816
385 220 785
398 220 386
402 220 231
175 220 207
408 220 130
233 175 729
358 175 523
298 175 520
208 175 317
266 175 287
208 402 876
298 402 665
358 402 517
266 402 196
233 402 167
208 408 639
298 408 586
358 408 517
233 408 315
266 408 196
208 385 850
233 385 581
298 385 275
358 385 213
266 377 732
233 377 261
358 398 517
208 398 454
233 398 392
266 398 196
233 436 704
298 436 665
208 436 591
266 436 196
358 436 173
233 416 704
358 416 517
208 416 295
298 416 275
342 208 605
388 208 605
330 208 302
374 208 302
330 358 497
349 358 206
330 233 579
342 233 221
388 233 221
374 298 675
330 298 179
355 298 151
374 266 812
355 266 248
69 330 746
101 330 639
101 349 857
69 349 636
69 342 636
101 342 351
69 355 884
101 355 709
101 374 566
69 374 461
101 388 565
