278
274 148 63
601 148 494
701 148 3
9 148 303
274 194 860
351 194 212
209 194 88
9 194 79
274 301 88
601 301 109
351 301 124
209 301 450
9 301 923
274 391 497
601 391 389
351 391 364
209 391 659
701 391 497
195 391 189
790 391 237
9 391 797
274 514 529
601 514 514
351 514 476
209 514 596
701 514 302
195 514 583
790 514 882
9 514 173
274 524 475
601 524 519
351 524 414
209 524 619
701 524 320
195 524 468
790 524 747
9 524 337
274 528 334
601 528 503
351 528 301
209 528 915
701 528 239
195 528 225
790 528 712
9 528 163
274 531 306
601 531 519
351 531 176
209 531 817
701 531 141
195 531 549
790 531 769
9 531 152
274 613 475
601 613 559
351 613 303
209 613 385
701 613 410
195 613 313
790 613 747
9 613 646
274 702 584
601 702 311
351 702 476
209 702 219
701 702 473
195 702 775
790 702 747
601 264 116
351 264 49
701 264 139
9 264 271
601 376 520
209 376 881
790 376 7
9 376 222
601 389 334
351 389 537
209 389 936
701 389 248
195 389 459
790 389 845
9 389 863
351 250 517
195 250 84
9 250 598
351 338 2
738 274 818
711 274 626
729 274 613
691 274 597
611 274 410
716 274 373
738 601 1066
711 601 688
716 601 652
691 601 624
611 601 496
729 601 267
711 351 729
716 351 540
691 351 518
729 351 507
611 351 425
738 351 384
711 209 1043
729 209 1007
716 209 905
691 209 191
738 701 696
716 701 652
691 701 624
729 701 583
711 701 510
611 701 496
711 195 922
716 195 99
729 195 759
738 195 290
611 195 20
711 790 879
691 790 2
716 9 1151
729 9 250
711 9 423
691 9 249
738 9 48
611 9 6
76 716 595
185 716 896
483 716 126
150 716 221
228 716 99
76 711 1236
185 711 309
150 711 504
478 711 890
228 711 131
478 729 937
150 729 337
76 729 6
228 738 2
186 691 819
228 691 630
483 691 556
478 691 528
76 691 197
483 611 882
478 611 528
185 611 296
186 611 249
228 611 149
150 611 125
49 478 669
412 478 442
49 228 842
333 228 562
139 228 562
172 228 434
412 228 425
325 228 416
172 483 370
333 483 821
412 483 380
325 483 375
139 483 740
49 185 797
412 185 393
139 185 274
325 185 273
172 185 191
333 186 887
139 186 709
49 186 466
412 186 425
325 186 416
415 186 351
172 186 288
49 76 987
172 76 90
333 76 119
49 150 592
139 150 339
412 150 314
408 333 1128
439 333 778
416 333 519
436 333 447
68 333 413
307 333 317
441 333 292
408 139 881
441 139 688
68 139 413
307 139 357
68 49 1227
307 49 204
441 49 2
441 172 688
307 172 657
439 172 486
416 172 482
68 172 406
436 412 1105
408 412 986
441 412 330
307 412 327
439 412 281
416 412 281
416 415 929
408 415 910
436 415 829
307 415 327
441 415 326
439 415 254
307 325 809
441 325 581
408 325 567
68 325 413
324 68 258
264 68 2
267 68 6
374 441 1241
360 441 585
324 441 472
208 441 464
264 307 794
267 307 499
360 307 446
324 307 411
208 307 227
374 408 892
208 408 808
324 408 518
267 408 403
360 408 199
374 436 974
208 436 582
324 436 472
267 436 403
360 436 300
374 416 1165
324 416 472
208 416 455
360 416 345
374 439 1202
324 439 472
208 439 422
267 439 403
360 439 308
264 439 197
374 208 289
152 360 485
346 360 396
152 374 865
346 374 285
389 264 1169
346 264 1096
348 264 980
349 264 338
346 267 1010
389 267 1010
348 267 980
374 324 1226
348 324 763
389 324 763
346 324 763
349 324 366
343 324 313
101 343 1048
101 389 722
101 346 1289
134 346 991
76 152 1283
101 349 1293
134 349 720
101 374 958
101 348 1161
