276
43 428 438
440 428 276
209 428 504
338 428 321
497 428 506
613 428 556
43 464 665
440 464 325
535 464 668
209 464 391
439 464 640
338 464 321
497 464 506
613 464 332
43 473 818
440 473 325
535 473 499
209 473 391
439 473 375
338 473 598
497 473 752
43 483 403
440 483 458
535 483 406
209 483 465
439 483 144
338 483 598
497 483 733
613 483 142
43 556 396
440 556 380
535 556 434
209 556 391
439 556 197
338 556 321
497 556 537
613 556 308
43 560 455
440 560 325
535 560 280
209 560 391
439 560 231
338 560 193
497 560 262
43 604 818
440 604 325
535 604 280
209 604 391
338 604 239
497 604 239
613 604 267
43 661 455
440 661 337
535 661 488
209 661 391
439 661 299
338 661 177
497 661 299
43 712 818
440 712 142
535 712 559
209 712 269
439 712 281
338 712 321
497 712 506
43 821 703
440 821 185
535 821 573
209 821 660
439 821 136
338 821 794
497 821 154
43 831 587
440 831 300
535 831 472
439 831 467
338 831 466
613 831 183
43 852 582
440 852 300
535 852 573
209 852 538
439 852 493
338 852 718
613 852 248
43 883 582
440 883 337
535 883 573
209 883 660
338 883 759
613 883 263
138 43 544
769 43 433
769 440 857
785 440 674
708 440 487
736 440 441
605 440 404
138 440 261
708 535 852
138 535 852
736 535 679
605 535 664
769 535 579
785 535 420
138 209 400
736 209 1180
605 439 770
736 439 636
785 439 636
708 439 579
138 439 579
769 439 414
785 338 870
138 338 840
769 338 781
708 338 677
736 338 666
605 338 116
708 497 1097
138 497 1097
736 497 1018
769 497 726
605 497 531
785 497 531
138 613 1039
736 613 966
708 613 781
785 613 190
605 613 177
769 613 163
169 138 566
522 138 1058
11 138 198
450 138 77
371 138 8
11 769 94
522 769 82
35 769 79
169 769 1
11 785 496
522 785 1110
450 785 182
220 785 5
35 736 644
371 736 531
169 736 172
220 736 42
522 736 5
11 708 143
220 708 18
371 708 57
35 605 910
11 605 779
522 605 717
450 605 583
371 605 224
412 220 788
29 220 648
375 220 614
329 220 409
422 220 371
329 371 926
29 371 780
412 371 693
39 371 364
375 371 363
422 371 285
375 169 712
329 169 543
422 169 535
39 169 528
29 169 280
39 450 1005
29 450 728
375 450 650
329 450 401
422 450 387
412 450 165
329 35 875
422 35 303
329 522 423
412 522 1030
422 522 14
329 11 250
375 11 635
39 11 157
422 11 568
412 11 276
433 422 1218
226 422 461
241 422 245
241 375 549
17 375 472
226 375 289
438 375 239
226 39 612
17 39 1281
226 29 898
226 329 946
193 329 714
433 329 668
241 329 549
17 329 385
68 329 269
438 329 239
241 412 892
433 412 434
226 412 341
17 412 322
193 412 203
402 68 278
417 226 1250
403 226 1246
426 226 497
402 226 399
407 226 377
417 438 1173
403 438 1106
407 438 484
402 438 369
426 438 310
168 438 200
402 433 908
417 433 401
168 17 1281
168 193 1157
417 193 718
403 193 718
407 193 697
426 193 617
402 193 104
417 241 1250
403 241 1246
168 241 1157
426 241 305
407 241 305
402 241 175
342 402 863
379 402 723
343 402 675
330 402 513
349 402 513
342 403 1236
343 403 864
379 403 723
330 403 615
330 417 1191
379 417 1099
342 417 863
349 417 440
343 417 312
330 407 1191
379 407 1099
342 407 863
343 407 558
349 407 440
342 426 1073
330 426 810
379 426 723
343 426 558
349 426 369
342 168 721
330 168 758
134 342 1282
69 342 927
101 342 574
69 343 1069
101 343 961
69 330 1168
101 330 1111
134 330 738
101 349 1265
69 349 927
134 349 738
134 379 1188
