176
601 387 641
517 387 508
633 387 370
712 387 508
229 387 308
601 448 700
517 448 726
633 448 177
712 448 1071
229 448 1071
601 641 700
517 641 651
633 641 879
712 641 368
229 641 617
601 764 700
517 764 651
633 764 879
712 764 446
229 764 617
601 771 229
517 771 646
633 771 830
712 771 723
229 771 1082
601 782 621
517 782 1041
633 782 431
229 782 201
601 811 250
517 811 438
633 811 205
712 811 987
229 811 1082
601 823 1013
517 823 573
633 823 524
229 823 789
601 824 862
517 824 414
633 824 218
712 824 338
229 824 843
601 832 243
517 832 878
633 832 431
712 832 803
229 832 878
601 838 136
517 838 913
633 838 634
229 838 893
601 852 322
517 852 913
633 852 577
712 852 237
229 852 893
601 872 136
517 872 634
633 872 431
712 872 987
229 872 634
601 873 399
517 873 844
633 873 721
712 873 269
229 873 844
517 177 409
633 177 432
517 802 456
633 802 845
712 802 681
229 802 603
517 947 547
633 947 626
712 947 886
517 1008 1
229 1008 331
633 141 243
712 141 1032
229 141 751
718 601 1268
691 601 1206
611 601 765
646 601 662
691 517 804
646 517 795
611 517 565
718 517 359
718 633 1204
691 633 1108
646 633 671
611 633 522
718 712 587
691 712 1175
691 229 1147
199 718 1159
411 718 626
458 718 665
411 691 1201
381 691 1022
483 691 825
458 691 697
199 691 280
411 646 1226
458 646 1212
483 646 1168
381 646 356
199 646 356
458 611 1212
483 611 1168
411 611 522
139 458 968
333 458 935
16 458 928
172 458 684
264 458 643
16 483 602
139 483 1176
333 483 853
172 483 603
264 483 16
172 411 1015
333 411 935
16 411 928
139 411 793
264 411 643
16 381 1258
172 381 545
333 381 338
139 381 218
16 199 1258
139 199 1134
333 199 980
172 199 588
264 199 302
441 16 793
364 16 780
411 16 68
405 16 635
405 333 1248
408 333 791
411 333 768
364 333 607
441 333 291
364 139 1173
441 139 1011
411 139 973
405 139 453
408 139 437
411 264 1011
364 264 607
405 264 492
364 172 1056
441 172 1011
411 172 350
208 364 234
208 411 457
208 405 457
208 441 457
208 408 1033
214 208 1145
374 208 291
101 343 1066
69 343 967
69 355 1299
101 355 1107
134 336 1299
101 336 1298
69 336 1274
101 374 859
134 214 1250
101 214 628
101 349 1298
69 349 1012
134 349 812
