93
703 45 1109
595 45 429
319 45 391
703 152 839
703 588 1084
595 588 1060
319 588 1070
703 661 1084
595 661 1010
319 661 1070
703 782 865
595 782 1091
319 782 881
703 807 1229
595 807 414
319 807 815
703 878 641
595 878 1091
319 878 881
595 11 65
319 11 392
595 328 913
319 95 896
804 703 985
805 703 921
591 703 359
804 595 1084
805 595 921
804 319 929
591 319 821
805 319 819
484 591 1252
169 591 928
419 591 282
484 805 1264
419 805 111
169 805 197
169 804 1095
484 804 1292
419 804 411
449 419 1035
447 419 997
181 419 449
181 484 1210
449 484 1280
447 169 761
449 169 761
181 169 744
373 447 1260
179 447 1155
385 447 661
373 181 1229
179 181 1186
100 181 990
360 181 306
100 449 873
360 449 1247
385 449 62
168 100 326
494 100 21
303 385 613
264 385 283
494 373 1278
303 373 1064
168 373 998
264 373 712
168 360 1118
494 360 631
264 360 533
303 360 428
264 179 1168
168 179 998
494 179 522
303 179 512
348 494 1121
349 494 507
343 494 525
389 494 62
342 494 102
343 303 371
389 264 1265
348 264 1250
342 168 478
137 342 976
96 342 930
101 343 1103
137 343 975
137 389 975
101 349 1297
137 349 817
137 348 1249
101 348 1149
96 348 930
