234
339 806 350
601 806 418
467 806 855
633 806 350
508 806 344
591 806 153
339 840 423
601 840 810
467 840 234
633 840 379
508 840 522
491 840 374
591 840 299
339 842 118
601 842 116
467 842 809
633 842 936
508 842 806
491 842 295
339 846 118
601 846 147
467 846 322
633 846 511
508 846 375
491 846 462
591 846 153
339 853 252
601 853 459
467 853 809
633 853 936
508 853 453
491 853 140
591 853 153
339 860 118
601 860 181
467 860 198
633 860 936
508 860 759
491 860 462
591 860 327
339 865 118
601 865 147
467 865 703
633 865 379
491 865 462
591 865 327
339 866 482
601 866 741
467 866 191
633 866 438
508 866 820
491 866 462
339 883 215
601 883 563
467 883 737
633 883 215
508 883 229
491 883 374
591 883 153
339 888 83
601 888 418
467 888 398
633 888 936
508 888 820
491 888 374
339 906 629
508 906 88
491 906 20
601 772 418
467 772 398
633 772 172
508 772 229
491 772 462
601 808 810
467 808 410
633 808 936
491 808 374
591 808 153
591 227 288
796 339 906
718 339 906
715 339 673
626 339 633
646 339 144
718 601 1226
626 601 1194
715 601 1157
646 601 641
796 601 279
626 467 470
796 467 453
646 467 394
718 467 364
715 467 364
718 633 1157
796 633 807
646 633 411
626 633 411
715 633 411
796 508 919
626 508 633
715 508 462
646 508 394
718 508 346
718 491 1152
796 491 577
626 491 470
715 491 432
646 491 297
718 591 1238
715 591 782
626 591 782
646 591 641
796 591 279
227 718 1249
432 718 288
458 718 468
525 718 150
525 715 949
432 715 1073
458 715 642
227 715 274
483 796 272
432 796 295
227 796 33
525 796 35
432 646 1201
227 646 1145
456 646 1008
483 646 1001
458 646 932
432 626 1201
227 626 1145
483 626 1001
458 626 932
456 626 173
139 456 1044
375 456 821
333 456 350
87 456 208
139 458 1044
368 458 855
87 458 812
333 458 616
264 458 505
375 458 244
139 432 1044
375 432 821
87 432 812
333 432 616
264 432 505
139 483 1246
333 483 565
264 483 8
139 525 222
333 525 116
368 227 996
139 227 831
87 227 474
264 227 474
405 333 1231
163 333 614
411 333 532
364 333 351
433 333 296
411 368 788
405 368 359
433 368 296
436 375 835
17 375 521
163 375 393
405 375 359
411 375 305
433 375 230
433 87 126
163 87 13
411 87 8
163 139 1069
411 139 788
364 139 759
433 139 498
405 139 286
163 264 1019
411 264 737
405 264 509
364 264 351
433 264 296
391 364 728
298 364 459
208 364 431
168 364 333
391 411 709
208 411 601
298 411 547
267 411 345
168 163 1135
391 163 773
298 163 608
208 163 160
298 405 952
391 405 709
208 405 601
267 405 345
168 405 219
208 433 1280
391 433 669
267 433 454
168 17 1283
267 17 50
298 17 3
298 436 952
208 436 754
267 436 345
388 208 969
367 208 605
340 208 282
367 391 849
379 298 631
355 298 315
379 267 438
340 168 1141
388 168 1167
367 168 834
134 336 1282
101 336 1276
69 336 1265
69 355 1282
101 355 1173
69 367 767
134 388 1074
101 388 972
69 388 582
134 340 636
134 379 1215
