163
404 12 570
332 12 109
404 597 786
633 597 827
332 597 420
404 766 786
511 766 443
633 766 837
332 766 270
637 766 292
404 787 250
511 787 586
633 787 586
332 787 377
637 787 346
404 804 520
511 804 396
633 804 640
332 804 377
637 804 94
404 823 497
511 823 574
633 823 574
332 823 305
637 823 497
404 832 520
511 832 396
633 832 586
332 832 305
637 832 425
404 890 579
511 890 356
633 890 285
332 890 377
637 890 579
404 1001 451
332 1001 13
511 866 396
633 866 586
332 866 298
637 866 128
703 404 637
646 404 516
611 404 486
63 404 334
626 404 171
63 511 657
646 511 565
611 511 516
626 511 454
703 511 260
63 633 866
646 633 456
626 633 456
703 633 448
611 633 429
63 332 872
646 332 565
703 332 565
626 332 433
611 332 137
63 637 866
703 637 759
646 637 582
626 637 310
611 637 304
497 63 1004
432 63 16
432 646 913
483 646 876
227 646 861
497 646 642
469 646 360
432 626 913
483 626 876
227 626 861
469 626 360
497 626 244
432 611 913
483 611 876
497 611 844
469 611 772
227 611 418
497 703 642
483 703 401
227 703 401
469 703 368
432 703 283
139 432 691
333 432 566
264 432 462
415 432 195
333 483 528
139 483 929
264 483 14
402 483 1
402 497 692
402 469 10
402 227 788
139 227 548
264 227 296
408 333 716
411 333 358
433 333 230
180 333 202
411 139 702
408 139 408
433 139 342
180 139 342
411 264 572
433 264 230
180 264 202
433 402 958
408 402 479
180 402 457
408 415 898
398 415 490
436 415 490
433 415 330
180 415 324
374 411 871
233 411 771
208 411 440
267 411 386
374 408 869
208 408 736
267 408 414
233 408 227
208 433 1004
233 433 711
374 433 653
267 433 532
374 398 953
233 398 620
208 398 426
267 398 236
374 436 888
233 436 771
208 436 504
267 436 414
267 180 561
208 180 535
374 180 488
214 208 811
388 208 712
340 208 228
368 374 707
214 374 441
368 233 794
340 233 592
368 267 499
134 336 1004
101 336 996
69 336 991
69 355 1004
101 355 885
134 368 1004
101 368 792
134 214 969
134 340 602
134 388 870
101 388 782
69 388 497
