150
107 478 1180
769 478 602
581 478 636
267 478 337
107 597 326
769 597 1224
581 597 651
267 597 204
107 649 569
769 649 830
581 649 636
267 649 873
107 681 1000
769 681 800
581 681 1113
267 681 656
107 793 784
769 793 1016
581 793 471
267 793 1016
107 815 784
769 815 1065
581 815 628
267 815 1065
107 833 974
769 833 1249
581 833 471
267 833 1118
107 854 784
769 854 1249
581 854 237
267 854 1118
107 881 784
769 881 1175
581 881 471
267 881 1118
769 155 966
581 155 356
769 250 523
627 107 100
677 107 122
709 107 22
709 769 1160
627 769 17
709 581 1182
738 581 1151
653 581 1093
627 581 1057
677 581 167
738 267 987
627 267 943
709 267 894
653 267 323
677 267 255
122 709 1272
13 738 1283
122 738 1255
373 738 1273
122 627 1238
373 627 1198
414 627 882
13 627 591
51 627 99
122 653 1198
373 653 948
414 653 865
13 653 644
414 677 1155
13 677 937
122 677 397
373 677 117
307 51 5
375 373 1256
415 373 883
213 373 715
287 373 404
245 373 200
375 122 883
415 122 778
213 122 715
287 122 466
245 122 460
375 13 1300
415 13 19
375 414 1238
415 414 1151
287 414 545
245 414 463
465 213 1249
297 213 1249
369 213 1087
408 213 741
408 307 1186
297 307 1183
465 307 867
369 307 516
223 307 269
465 375 993
369 375 993
297 375 888
223 375 385
465 287 1196
297 287 1187
369 287 456
223 287 246
408 287 186
297 415 949
465 415 899
408 415 826
223 415 328
297 245 1249
465 245 1223
369 245 1162
223 245 811
408 245 499
339 369 923
310 369 566
303 369 491
267 369 246
339 408 621
310 408 428
267 408 315
339 223 966
310 223 865
267 223 451
303 223 241
339 465 4
267 465 3
339 297 958
267 297 736
303 297 464
310 297 184
374 303 1050
161 303 993
152 303 909
345 303 612
355 303 299
345 310 473
152 310 237
161 339 993
152 339 909
345 339 366
162 152 973
101 355 1059
101 374 915
101 345 915
70 345 600
162 161 907
101 161 891
70 161 790
