163
813 387 646
182 387 370
57 387 776
409 387 208
27 387 776
813 482 353
182 482 758
57 482 615
409 482 471
27 482 966
813 512 442
182 512 389
57 512 1162
409 512 490
27 512 1047
813 525 641
182 525 549
57 525 483
409 525 618
27 525 641
813 545 892
182 545 758
57 545 1162
409 545 490
27 545 892
813 562 404
182 562 723
57 562 752
409 562 208
27 562 425
813 625 863
182 625 247
57 625 661
409 625 490
27 625 585
813 657 864
182 657 396
57 657 816
409 657 490
27 657 1047
813 717 939
182 717 431
57 717 615
409 717 441
27 717 1047
182 52 158
27 52 1187
686 813 13
705 182 1247
15 182 709
686 182 2
136 57 1187
705 57 924
686 57 43
705 409 861
15 409 754
136 409 729
686 409 310
136 27 1260
705 27 991
686 27 1
121 15 160
192 15 876
226 15 884
291 15 76
291 705 1184
226 705 884
192 705 5
229 705 21
229 136 1183
121 136 1279
291 136 997
226 136 443
291 686 736
192 686 560
121 686 506
226 686 316
353 229 959
403 229 792
375 229 620
64 229 507
353 121 984
403 121 792
64 121 507
375 121 277
353 226 936
64 226 541
403 226 344
64 192 912
353 192 769
403 192 457
390 192 247
353 291 959
403 291 792
64 291 466
375 291 288
402 375 1245
470 375 991
398 375 465
416 375 393
436 375 372
412 375 261
225 375 231
416 403 1216
412 403 1149
225 403 744
398 403 699
402 403 383
436 403 299
470 403 121
225 353 1085
402 353 931
436 353 557
398 353 454
470 64 331
402 390 1253
416 390 1216
412 390 1149
225 390 744
398 390 342
470 390 121
140 225 1112
218 225 732
235 225 432
168 225 397
140 402 1300
208 402 1299
218 402 761
235 402 336
233 402 126
140 470 1255
140 416 1118
233 416 1000
208 416 535
235 416 336
218 416 185
140 398 1118
208 398 1049
233 398 469
235 398 336
218 398 147
208 436 1199
140 436 1199
233 436 942
218 436 761
235 436 336
140 412 1256
218 412 761
208 412 347
235 412 336
233 412 268
238 140 1085
168 140 130
168 208 1169
342 208 713
168 233 410
342 218 305
342 168 606
342 235 305
152 342 1173
152 168 1300
152 348 1291
152 238 1300
