260
366 208 618
532 208 2
434 208 215
671 208 4
366 313 40
532 313 644
628 313 18
671 313 227
122 313 405
366 459 179
532 459 881
335 459 472
628 459 415
434 459 789
671 459 887
122 459 835
366 460 689
532 460 254
335 460 293
628 460 452
434 460 882
671 460 355
122 460 443
366 653 610
532 653 232
335 653 327
628 653 150
434 653 882
671 653 341
122 653 292
366 690 458
532 690 254
335 690 327
628 690 505
434 690 723
671 690 887
122 690 835
366 776 627
532 776 599
335 776 226
628 776 477
434 776 581
671 776 801
122 776 413
366 839 284
532 839 162
335 839 571
628 839 576
434 839 530
671 839 729
122 839 374
366 848 402
532 848 604
335 848 226
628 848 477
434 848 581
671 848 393
122 848 239
366 870 395
532 870 604
335 870 234
628 870 479
434 870 464
671 870 801
122 870 508
366 886 182
532 886 578
335 886 527
628 886 221
434 886 309
671 886 531
122 886 182
366 893 216
335 893 294
628 893 496
434 893 581
671 893 801
122 893 413
366 924 253
532 924 273
434 924 18
671 924 707
532 283 453
335 283 262
628 283 13
434 283 54
532 768 321
628 768 417
434 768 530
671 768 588
532 980 68
671 980 685
122 980 609
532 1014 235
335 1014 241
434 1014 78
122 1014 515
819 366 986
747 366 971
715 366 961
803 366 573
794 366 316
715 532 863
819 532 836
747 532 804
803 532 529
794 532 366
715 335 698
747 335 698
819 335 677
803 335 536
794 335 395
747 628 656
715 628 524
803 628 514
794 628 471
819 628 425
819 434 1051
747 434 1030
715 434 904
803 434 780
794 434 312
747 671 851
715 671 524
794 671 471
819 671 345
803 671 166
803 122 963
747 122 994
715 122 868
470 747 830
461 747 1117
35 747 1253
35 803 597
461 803 1045
470 803 646
93 803 80
442 803 3
461 794 993
442 794 1161
432 794 812
35 794 96
470 715 758
442 715 963
461 715 1170
432 715 616
442 819 1110
93 819 377
461 819 631
234 442 879
112 442 874
375 442 552
387 442 336
402 442 334
415 442 334
394 442 291
112 432 766
234 432 766
375 432 745
415 432 258
422 432 218
422 35 157
112 93 404
234 461 879
112 461 874
387 461 823
394 461 823
422 461 283
415 461 276
402 461 276
234 470 988
402 470 260
422 470 116
375 463 1295
234 463 551
415 463 495
433 422 1235
416 422 768
411 422 627
493 422 419
493 112 457
493 234 1115
408 234 656
100 234 624
436 234 454
433 234 269
416 375 796
436 375 743
17 375 490
433 402 1235
416 402 768
408 402 379
493 402 208
17 402 208
433 394 965
416 394 812
408 394 660
436 394 433
493 394 106
100 394 95
436 387 1091
416 387 812
408 387 660
433 387 623
408 415 1070
416 415 502
436 415 490
433 415 413
50 100 929
168 100 271
424 100 1
267 411 452
208 411 407
424 411 399
402 411 254
402 408 811
208 408 738
424 408 486
267 408 452
208 433 1298
402 433 811
267 433 593
424 433 486
168 17 1298
267 17 43
208 436 703
267 436 452
402 436 272
424 436 272
402 416 402
208 416 402
424 416 402
402 493 188
379 402 759
330 402 546
343 402 412
340 402 412
363 208 631
340 208 352
330 208 352
348 208 237
379 424 999
330 424 373
340 424 373
379 50 1249
348 50 1198
363 50 20
340 168 1100
330 168 536
348 267 1076
363 267 708
379 267 481
69 363 1044
69 343 1044
69 330 1165
134 330 779
134 340 849
152 348 1293
69 348 1044
134 379 1224
