379
706 393 876
605 393 194
287 393 238
665 393 441
52 393 368
715 393 994
657 393 138
787 393 346
164 393 385
706 399 876
605 399 282
287 399 134
665 399 260
52 399 353
715 399 994
657 399 164
787 399 444
164 399 385
706 400 471
605 400 182
287 400 225
665 400 315
52 400 261
715 400 1009
657 400 143
787 400 312
164 400 509
706 434 876
605 434 193
287 434 225
52 434 131
715 434 994
657 434 211
787 434 346
164 434 509
706 446 428
605 446 303
287 446 248
665 446 451
715 446 770
657 446 285
787 446 144
164 446 447
706 458 626
605 458 282
287 458 248
665 458 260
52 458 195
715 458 665
657 458 524
787 458 363
164 458 509
706 468 876
605 468 290
287 468 296
665 468 260
52 468 217
715 468 994
657 468 188
787 468 346
164 468 509
706 499 876
605 499 385
287 499 248
665 499 186
52 499 353
715 499 944
657 499 215
787 499 444
164 499 509
706 512 876
605 512 180
287 512 243
665 512 304
52 512 188
715 512 994
657 512 205
787 512 346
164 512 509
706 518 876
605 518 171
287 518 248
665 518 236
52 518 384
715 518 994
657 518 321
787 518 369
164 518 509
706 528 655
605 528 298
665 528 441
52 528 363
715 528 655
787 528 388
164 528 385
706 562 876
287 562 134
665 562 391
52 562 391
715 562 994
657 562 158
787 562 444
164 562 391
706 766 876
605 766 251
287 766 134
665 766 390
52 766 586
715 766 1009
657 766 321
787 766 346
164 766 509
706 768 263
605 768 314
287 768 330
665 768 571
52 768 783
715 768 473
657 768 232
787 768 155
164 768 201
706 777 339
605 777 314
665 777 470
52 777 783
715 777 473
657 777 412
787 777 264
164 777 339
706 817 404
605 817 314
287 817 316
665 817 424
52 817 783
715 817 571
657 817 586
164 817 451
706 824 348
605 824 394
665 824 423
52 824 783
715 824 473
657 824 241
787 824 145
706 825 519
605 825 352
287 825 253
665 825 291
52 825 783
715 825 473
657 825 209
787 825 264
164 825 157
706 847 404
605 847 364
287 847 659
665 847 522
52 847 783
715 847 473
657 847 302
787 847 264
164 847 723
706 871 404
605 871 446
665 871 291
52 871 651
715 871 473
657 871 232
787 871 264
164 871 544
706 981 746
665 981 78
52 981 358
715 981 173
706 987 12
605 987 94
665 987 15
657 987 5
605 961 197
665 961 457
52 961 922
657 961 500
600 706 108
769 706 447
801 605 872
600 605 620
796 605 291
810 605 154
743 605 154
801 287 804
781 287 601
769 287 598
796 287 551
743 287 533
797 287 516
810 287 339
600 287 164
801 665 665
781 665 264
743 665 207
797 665 162
796 665 158
600 665 150
743 52 275
769 52 83
781 52 1
801 715 1201
600 715 159
797 715 113
769 715 15
801 657 662
796 657 291
797 657 162
743 657 150
810 657 150
600 657 150
801 787 468
743 787 355
810 787 40
801 164 620
797 164 688
810 164 584
600 164 66
743 164 4
1 810 639
56 810 52
31 810 16
52 810 8
244 600 1061
54 600 760
52 600 514
56 600 261
414 600 261
463 600 261
31 600 150
69 797 1154
56 797 319
54 797 52
1 743 4
52 769 159
1 769 19
31 769 1
244 796 107
31 796 740
56 796 609
1 796 240
414 796 62
54 801 1149
244 801 912
54 781 439
52 781 1029
94 54 1187
412 54 48
87 1 314
94 1 929
307 244 843
412 244 797
375 244 704
94 244 698
87 244 551
87 31 853
87 69 28
307 52 79
375 52 1
87 56 898
412 56 5
94 56 1
414 414 1265
375 414 1246
415 414 986
87 414 696
412 414 628
94 414 209
375 463 1296
414 463 1294
415 463 389
94 463 295
87 463 101
251 87 471
251 94 674
170 94 1073
250 94 806
175 94 20
175 307 1239
408 307 1199
170 307 955
250 307 948
436 307 351
251 307 264
436 375 592
385 375 406
408 375 290
251 375 253
385 412 1118
436 412 1014
408 412 948
175 412 317
250 412 310
385 415 878
408 415 877
436 415 752
251 415 435
175 415 141
436 414 1110
385 414 551
170 414 484
408 414 476
250 414 435
175 414 270
298 175 785
358 175 702
266 175 356
208 175 330
362 175 283
362 250 1150
432 250 1080
358 250 655
298 250 338
208 250 283
298 170 1244
432 170 1080
208 170 494
266 170 275
358 170 168
298 251 704
358 251 702
432 251 676
362 408 1028
298 408 911
208 408 867
358 408 683
266 408 281
208 385 1260
298 385 399
358 385 298
362 385 254
266 385 215
432 385 215
298 436 1026
208 436 970
266 436 281
358 436 225
214 208 1035
374 208 418
340 208 418
395 208 418
395 298 1210
374 298 871
355 298 231
340 298 203
340 358 676
395 358 527
336 358 492
355 432 885
382 432 837
336 432 745
214 432 324
214 362 688
395 362 422
374 362 422
340 362 422
374 266 1188
339 266 513
214 266 377
395 266 284
355 266 281
101 382 1036
101 355 925
134 336 1285
101 336 1252
133 336 1148
134 339 1172
133 339 525
101 374 746
134 214 1119
133 340 1299
134 340 807
134 395 1148
101 395 686
