115
677 451 227
763 451 1215
58 451 503
246 451 419
331 451 462
677 458 375
763 458 1142
58 458 507
246 458 361
331 458 528
677 513 425
763 513 287
58 513 507
246 513 411
331 513 541
677 738 182
763 738 388
58 738 646
246 738 419
331 738 388
677 816 882
763 816 1072
58 816 901
246 816 612
331 816 180
677 820 709
763 820 964
58 820 901
246 820 441
331 820 140
58 94 1011
771 677 1158
748 677 330
600 677 308
604 677 293
678 677 269
604 763 108
771 763 1272
748 763 20
748 58 1191
600 58 32
604 58 26
748 246 1239
748 331 1088
604 331 793
678 331 423
771 331 200
600 331 199
401 604 1185
155 604 912
322 604 891
507 604 251
322 771 715
507 771 1271
401 600 1185
155 600 912
322 600 891
131 748 1259
401 678 758
155 678 490
507 678 251
274 507 101
143 507 25
143 401 1218
412 401 758
174 401 709
274 401 522
76 401 430
143 131 1130
76 131 824
274 131 802
412 131 624
174 131 602
174 322 912
274 322 844
412 322 758
143 322 442
76 322 341
143 155 1070
174 155 264
297 174 1064
307 174 989
175 174 897
408 174 742
437 174 415
297 274 1064
175 274 614
307 143 989
297 143 917
408 143 365
175 143 271
408 412 741
437 412 553
307 412 382
175 412 314
437 76 550
202 175 692
298 175 646
362 175 225
202 307 838
362 307 599
362 408 969
298 408 793
202 408 271
298 437 286
362 437 235
202 297 377
298 297 351
296 202 374
154 202 355
154 298 330
154 362 535
70 296 856
200 154 1063
70 154 808
