166
494 416 613
646 416 422
812 416 1128
470 416 378
494 430 523
646 430 486
812 430 795
470 430 464
623 430 525
494 468 523
646 468 404
812 468 385
470 468 435
623 468 525
494 727 820
646 727 762
812 727 1128
470 727 528
623 727 247
494 746 820
646 746 564
812 746 882
470 746 528
623 746 247
494 786 471
646 786 370
812 786 907
470 786 571
623 786 632
494 811 318
646 811 854
812 811 651
623 811 243
494 825 471
646 825 132
812 825 406
470 825 259
623 825 632
494 826 471
646 826 368
812 826 449
470 826 629
623 826 632
494 831 678
646 831 132
812 831 756
470 831 541
623 831 632
494 844 791
812 844 791
470 844 330
623 844 357
646 337 603
470 337 614
623 337 486
812 215 784
742 494 1258
79 494 1243
605 494 991
723 494 584
742 646 1269
79 646 1223
723 646 1167
605 646 702
79 812 390
723 470 1098
742 470 1057
79 470 460
605 470 328
742 623 1120
79 623 1120
723 623 974
605 623 99
322 742 1088
256 742 825
364 742 1038
494 742 71
371 742 8
256 79 1097
364 79 1268
322 79 1067
494 79 257
371 79 104
364 723 1033
371 723 41
256 723 78
494 605 840
364 605 706
256 605 612
322 605 345
371 605 338
39 439 1190
87 439 998
402 439 531
422 439 409
486 439 368
422 494 483
39 371 955
486 371 646
87 371 208
402 371 207
39 364 1217
486 364 1042
87 364 832
422 364 584
415 364 230
39 322 1180
486 322 1042
87 322 628
422 322 233
402 322 207
486 256 1042
87 256 832
402 256 634
39 256 233
319 422 871
309 422 237
17 422 101
319 87 505
320 87 14
17 39 1300
320 486 717
309 402 571
320 402 306
319 402 224
319 415 871
309 415 681
320 415 429
168 319 1232
415 319 543
437 319 303
437 17 296
415 17 922
168 17 1296
298 17 2
415 309 698
437 309 601
168 309 601
298 309 558
437 320 1020
168 320 1020
415 320 875
298 320 646
168 193 1194
437 193 1130
415 193 901
388 437 1240
324 437 1208
340 437 1208
385 437 1101
388 415 1272
340 415 1261
324 415 1219
385 415 295
379 298 852
385 298 732
340 298 222
324 168 1107
388 168 1241
340 168 1231
133 379 966
95 324 1284
133 324 1086
133 340 1300
95 388 1284
95 385 950
