286
436 14 876
436 94 795
107 94 1
769 94 49
436 125 282
107 125 215
798 125 363
436 194 518
609 194 14
798 194 1056
581 194 357
436 363 435
663 363 14
798 363 734
581 363 1
436 380 145
609 380 226
107 380 373
663 380 2
798 380 512
422 380 882
436 400 713
609 400 428
107 400 901
663 400 299
798 400 713
581 400 251
422 400 188
436 476 302
609 476 428
107 476 136
663 476 463
798 476 680
581 476 485
422 476 431
436 576 489
609 576 489
663 576 273
798 576 571
769 576 364
581 576 459
422 576 243
436 661 356
609 661 711
107 661 772
663 661 212
798 661 362
769 661 514
581 661 711
422 661 362
436 695 734
609 695 428
107 695 558
663 695 166
798 695 1117
436 786 789
609 786 459
107 786 541
798 786 227
769 786 763
581 786 277
422 786 143
436 872 215
609 872 133
107 872 568
663 872 568
798 872 446
581 872 863
436 882 723
609 882 303
107 882 526
798 882 492
769 882 548
581 882 293
609 172 375
107 172 287
663 172 547
422 172 70
798 989 836
815 436 875
801 436 828
781 436 695
611 436 453
738 436 357
643 436 323
746 436 232
643 609 1172
627 609 836
738 609 530
815 609 398
746 609 398
781 609 361
611 609 318
815 107 350
611 107 220
643 107 229
627 107 95
781 107 11
746 107 22
746 663 1193
643 663 788
627 663 727
738 663 727
815 663 400
611 663 292
801 663 227
781 663 162
643 798 929
738 798 786
746 798 13
815 798 7
611 798 1
801 769 259
627 769 60
746 769 22
643 581 1194
746 581 1076
627 581 836
738 581 530
815 581 400
611 581 318
781 581 162
801 581 140
627 422 761
781 422 695
746 422 503
738 422 503
643 422 436
611 422 380
801 422 287
463 643 1222
284 643 1077
122 643 912
445 643 727
52 643 632
41 643 456
1 643 341
483 643 248
122 738 1105
187 738 357
445 738 296
41 738 16
1 815 2
463 815 2
463 627 1287
284 627 1077
41 627 1010
1 627 772
122 627 705
187 627 442
483 627 248
445 801 305
52 781 1082
483 781 39
463 611 1222
284 611 1077
483 611 859
122 611 705
41 611 456
445 746 546
284 746 1232
483 746 9
129 1 570
83 1 725
2 1 333
375 122 1230
129 122 998
213 122 514
83 122 437
415 122 191
412 483 187
375 187 1230
129 187 998
469 187 970
91 187 854
83 187 616
2 187 345
375 41 103
469 41 11
412 41 86
2 41 7
415 41 3
375 284 1230
469 284 1102
129 284 998
91 284 854
83 284 578
415 284 368
2 284 345
375 52 2
2 52 8
2 445 1126
375 445 725
412 445 334
129 445 246
469 445 236
375 463 1297
83 463 602
412 463 342
415 463 337
307 213 745
297 213 675
442 213 305
408 213 264
355 213 200
263 469 570
402 469 1
297 469 1
263 129 921
297 129 741
307 129 667
442 129 305
408 129 304
408 83 123
408 2 274
442 2 18
442 375 1267
402 375 1000
297 375 670
355 375 603
263 375 349
402 91 17
355 91 29
355 412 975
402 412 941
408 412 814
263 412 407
442 412 202
307 412 162
408 415 1013
355 415 975
402 415 808
297 415 570
263 415 407
416 307 1010
264 307 868
208 307 781
411 307 755
289 307 356
208 408 1142
416 408 888
208 442 1296
416 442 888
289 263 851
264 263 638
416 263 312
208 402 1296
411 297 898
289 297 808
264 297 617
208 297 420
208 355 1012
411 355 898
416 355 720
264 355 663
289 355 275
408 208 1175
214 208 1147
154 208 961
326 208 372
214 416 1207
154 416 571
326 416 393
154 264 567
408 264 383
341 428 1177
382 428 1115
154 428 1074
214 428 601
326 428 393
214 411 1208
341 411 1158
382 411 1108
154 411 1074
326 411 353
408 289 1158
326 289 843
214 289 743
154 289 447
101 382 1115
152 214 1300
101 326 1299
101 408 1299
96 408 652
152 154 1300
96 341 1188
