116
219 552 827
596 552 412
120 552 533
758 552 269
613 552 309
219 591 939
596 591 368
120 591 811
758 591 1269
613 591 678
219 653 1033
596 653 475
120 653 1089
758 653 774
613 653 205
219 772 827
596 772 987
120 772 827
758 772 1203
613 772 611
219 832 667
596 832 811
120 832 702
758 832 1203
613 832 362
219 876 852
596 876 987
120 876 500
758 876 1203
613 876 458
219 892 669
596 892 961
120 892 565
758 892 457
613 892 268
596 821 811
120 821 500
758 821 1203
785 219 1076
138 219 1136
605 219 106
695 596 1164
744 596 811
785 596 671
605 596 658
138 596 489
695 120 539
785 120 578
138 120 879
744 758 1249
785 758 723
138 758 393
695 758 45
695 613 1178
138 613 1133
785 613 281
605 613 276
744 613 215
298 138 755
394 138 40
416 695 1136
394 695 989
93 695 508
298 695 121
52 695 121
93 785 1243
416 605 1136
93 605 1087
394 605 989
52 605 821
52 744 136
93 744 1
422 416 1217
39 416 1092
428 416 978
329 416 495
329 298 1066
422 298 927
39 298 868
428 298 389
329 394 1097
428 394 694
329 93 295
39 93 10
428 93 1
428 52 566
39 52 87
226 422 888
241 422 548
193 428 1114
241 428 1086
226 428 394
226 39 908
226 329 1194
193 329 1108
241 329 411
417 226 1291
426 226 863
407 226 729
407 193 1029
426 193 1001
424 193 1001
417 193 751
417 241 1279
407 241 918
426 241 863
388 424 544
330 424 340
330 417 1240
388 417 240
388 426 1113
330 426 1048
330 407 1240
388 407 368
95 330 680
95 388 1224
