276
337 5 200
665 5 86
785 5 1223
93 5 249
139 5 516
337 28 32
665 28 214
64 28 27
187 28 757
785 28 1114
337 176 1
665 176 1
187 176 897
785 176 1198
139 176 202
337 274 87
665 274 364
64 274 13
187 274 177
785 274 1231
139 274 575
337 365 62
665 365 469
187 365 708
139 365 40
337 531 342
665 531 247
64 531 205
694 531 923
187 531 788
785 531 1174
93 531 169
139 531 140
337 581 590
665 581 230
64 581 275
187 581 357
785 581 979
93 581 529
139 581 224
337 622 557
665 622 230
64 622 360
187 622 543
785 622 636
93 622 529
139 622 360
337 706 590
665 706 176
64 706 367
694 706 438
187 706 788
785 706 1167
93 706 580
139 706 224
337 740 363
665 740 185
64 740 302
187 740 607
785 740 930
93 740 374
139 740 251
337 808 479
665 808 387
64 808 329
187 808 731
785 808 781
93 808 463
139 808 463
337 812 416
665 812 455
64 812 352
187 812 731
785 812 860
93 812 338
139 812 277
337 841 240
665 841 240
64 841 240
187 841 731
785 841 860
93 841 140
139 841 243
337 875 416
665 875 403
64 875 574
187 875 549
785 875 823
93 875 198
139 875 823
337 883 274
665 883 183
187 883 1049
785 883 703
93 883 183
139 883 226
665 330 3
64 330 76
187 330 652
139 330 70
665 779 245
64 779 574
187 779 731
785 779 860
93 779 198
139 779 781
665 879 183
64 879 191
187 879 731
785 879 860
93 879 121
139 879 724
801 337 806
675 337 792
692 337 730
732 337 574
682 337 542
743 337 434
776 337 310
776 665 716
743 665 716
675 665 561
692 665 535
801 665 464
682 665 464
732 665 215
675 64 684
682 64 19
801 694 889
692 694 883
682 694 755
743 694 669
732 694 669
776 694 624
675 694 121
692 187 281
776 187 229
732 187 129
743 187 57
692 785 541
801 785 196
776 93 1218
743 93 1196
732 93 996
675 93 86
682 93 275
801 93 16
732 139 219
675 139 599
168 732 17
134 692 842
168 692 550
218 692 283
394 692 229
54 776 154
394 776 261
134 776 1
54 675 1031
134 675 717
394 675 626
168 675 550
218 675 283
168 743 502
394 743 428
218 743 14
1 743 2
134 682 717
168 682 550
394 682 528
218 682 283
54 801 1027
218 801 243
94 54 1269
78 54 11
412 54 41
94 1 994
87 1 325
77 1 99
375 248 907
77 248 907
412 248 645
87 248 624
78 248 290
94 248 290
94 394 1005
77 394 760
412 394 645
78 394 583
87 394 308
375 394 283
94 168 529
87 168 459
78 168 435
77 168 407
375 168 378
77 218 1116
94 218 943
87 218 664
412 218 596
78 218 436
87 134 845
412 134 456
78 134 301
94 134 299
251 78 194
311 78 205
381 78 359
407 412 464
250 412 454
175 412 200
170 94 1081
250 94 857
251 94 491
381 94 62
175 94 6
251 87 311
407 87 74
381 87 14
311 87 4
407 77 63
407 375 1297
311 375 727
381 375 515
250 375 429
170 375 429
251 375 185
407 415 888
251 415 288
428 250 1002
358 250 762
208 250 349
266 250 201
298 175 842
358 175 782
208 175 387
266 175 282
208 407 1294
298 407 647
358 407 607
266 407 327
298 170 1248
428 170 1002
208 170 667
266 170 268
358 170 220
298 251 787
358 251 782
428 251 666
208 311 1165
358 381 747
298 381 747
428 381 224
214 208 1218
374 208 423
374 298 944
355 298 301
382 298 277
341 298 232
336 358 656
341 428 1110
382 428 1010
355 428 924
336 428 908
214 428 533
374 428 533
374 266 1273
214 266 740
355 266 372
101 382 1148
101 336 1279
133 336 1240
101 355 1076
101 374 944
101 214 654
96 341 1069
101 341 924
