288
97 358 282
782 358 12
287 358 21
680 358 177
477 358 807
159 358 1
97 392 894
782 392 269
287 392 653
824 392 250
680 392 299
477 392 210
167 392 948
159 392 715
97 457 894
782 457 792
287 457 238
824 457 217
680 457 792
167 457 266
159 457 715
97 474 561
782 474 576
287 474 475
824 474 618
680 474 458
477 474 501
167 474 475
159 474 618
97 519 894
782 519 207
287 519 523
824 519 199
680 519 458
477 519 501
167 519 523
159 519 715
97 597 894
782 597 282
287 597 653
824 597 460
680 597 412
477 597 330
167 597 718
159 597 715
97 696 894
782 696 574
287 696 576
824 696 250
680 696 128
477 696 306
167 696 576
159 696 715
97 702 369
782 702 804
287 702 653
824 702 199
680 702 844
477 702 306
167 702 948
159 702 357
97 790 319
782 790 410
287 790 290
824 790 410
680 790 481
477 790 429
167 790 347
159 790 347
97 822 358
824 822 508
477 822 188
167 822 445
159 822 217
97 830 304
782 830 505
287 830 623
824 830 563
680 830 106
167 830 192
159 830 310
97 831 295
782 831 505
287 831 273
824 831 563
477 831 663
167 831 1017
159 831 556
97 867 198
782 867 464
287 867 449
824 867 335
477 867 270
167 867 560
159 867 388
97 873 304
782 873 830
287 873 359
824 873 335
680 873 345
477 873 319
167 873 345
159 873 388
97 882 319
782 882 195
287 882 361
824 882 204
477 882 311
167 882 192
159 882 310
358 97 986
473 97 971
63 97 1249
783 782 749
473 782 162
801 782 528
769 782 530
820 782 2
358 782 68
63 782 119
63 287 1000
473 287 776
769 287 583
820 287 460
724 287 435
801 287 374
358 287 285
783 824 1046
358 824 1070
473 824 232
63 824 7
358 680 858
724 680 858
820 680 790
801 680 399
473 680 376
63 477 1140
473 477 776
724 477 721
358 477 651
820 477 646
801 477 209
783 477 146
358 167 1067
783 167 373
801 167 93
473 159 1232
783 159 316
497 820 1176
279 820 5
41 724 1255
463 783 51
41 783 19
232 783 1
52 783 3
279 769 321
52 769 140
497 63 1291
279 63 350
41 63 900
52 63 443
279 801 56
103 473 1172
232 473 1009
497 473 822
279 473 703
52 473 483
41 473 202
463 473 120
279 358 1190
41 358 1190
463 358 703
103 358 419
52 358 235
26 279 1007
72 279 714
368 279 411
334 279 338
77 279 190
26 497 1232
334 497 6
72 497 33
334 103 20
26 103 47
26 41 1107
375 41 85
415 41 2
26 52 1034
72 52 339
375 52 1
26 232 1010
368 232 502
72 232 493
334 232 493
77 232 286
375 463 1298
77 463 1010
415 463 686
26 463 254
337 26 203
433 26 287
292 26 2
180 26 5
292 334 866
337 334 679
407 334 365
433 334 328
442 334 201
292 368 866
447 368 527
442 368 412
402 368 412
407 368 412
442 77 35
402 77 123
407 77 51
407 375 1284
442 375 1272
447 375 929
402 375 786
442 72 95
407 72 5
402 415 705
407 415 658
292 415 633
180 415 340
337 415 259
433 415 254
208 447 1298
298 447 712
430 447 435
424 447 418
208 442 1294
298 442 943
429 442 760
208 407 1298
298 407 776
429 407 475
424 407 354
208 402 1298
298 402 943
208 292 1106
428 292 826
429 292 673
424 292 435
208 433 1299
429 433 760
424 433 418
430 433 346
430 337 1282
208 337 998
429 337 963
428 337 764
208 180 1060
429 180 1004
430 180 477
298 180 470
424 180 327
214 208 1222
326 208 379
214 430 1219
355 430 1131
336 430 975
341 430 890
326 430 324
355 298 278
326 298 227
341 428 1191
415 428 1095
355 428 1082
336 428 975
214 428 697
326 428 324
355 429 1131
341 429 1124
214 429 1078
415 429 1037
336 429 975
326 429 324
341 424 1191
355 424 583
101 336 1293
101 355 1139
101 415 982
152 214 1300
101 326 1299
96 341 1070
101 341 982
