154
388 52 373
761 52 13
742 52 1134
388 423 434
761 423 1007
57 423 1273
518 423 358
742 423 943
388 516 351
761 516 1035
57 516 1010
518 516 535
742 516 1035
388 570 418
761 570 930
57 570 651
518 570 573
742 570 964
388 595 170
761 595 1020
57 595 1242
518 595 154
742 595 1020
388 625 301
761 625 930
57 625 930
518 625 535
742 625 288
388 720 434
761 720 956
57 720 956
518 720 586
742 720 727
388 731 133
761 731 1028
57 731 1215
518 731 535
742 731 133
388 834 547
761 834 167
57 834 639
518 834 256
742 834 378
388 875 793
57 875 639
518 875 112
742 875 378
712 388 1167
809 388 1005
823 388 952
295 388 670
136 388 285
136 761 1224
712 761 905
809 761 830
823 761 167
295 57 594
136 57 1221
712 57 65
809 518 915
136 518 878
823 518 775
295 518 500
712 518 252
295 742 959
809 742 14
275 809 1028
278 809 1049
229 809 186
229 823 105
278 823 1
121 712 360
275 712 2
121 136 1285
229 136 1269
278 136 419
275 136 78
229 295 838
121 295 838
353 229 1115
168 229 731
375 229 487
353 278 976
168 278 430
353 121 1135
168 121 731
353 275 948
375 275 487
414 275 277
402 375 1220
398 375 529
436 375 501
416 375 501
412 375 277
402 353 664
436 353 640
398 353 626
402 168 256
402 390 1238
416 390 1233
412 390 1179
398 390 327
408 390 233
402 414 1083
398 414 998
436 414 997
416 414 888
412 414 329
408 414 233
140 402 1300
208 402 1299
206 402 1215
392 402 305
208 408 1155
140 408 1011
206 408 957
424 408 395
392 408 305
206 398 1261
140 398 982
208 398 877
424 398 546
392 398 305
140 436 1161
208 436 1161
206 436 1025
424 436 342
392 436 281
206 416 1261
140 416 982
424 416 546
208 416 364
392 416 305
140 412 1227
424 412 392
206 412 323
436 412 301
392 412 281
238 140 1171
168 140 84
168 208 1228
214 208 1001
342 208 877
214 436 1081
342 436 235
168 392 1055
214 392 1001
168 424 1119
342 424 604
342 206 1055
152 342 1103
152 168 1300
152 214 1300
152 238 1300
