213
70 28 312
64 28 69
187 28 802
785 28 1194
70 581 582
64 581 336
187 581 305
785 581 1086
93 581 557
139 581 269
70 622 582
64 622 284
187 622 579
785 622 823
93 622 587
139 622 284
70 706 560
64 706 492
187 706 866
785 706 1194
93 706 562
139 706 276
70 740 654
64 740 437
187 740 654
785 740 1058
93 740 453
139 740 269
70 779 492
64 779 668
187 779 775
785 779 995
93 779 242
139 779 778
70 875 492
64 875 668
187 875 603
785 875 882
93 875 242
139 875 882
70 879 732
64 879 200
187 879 775
785 879 995
93 879 119
139 879 802
64 274 35
187 274 163
785 274 1263
139 274 621
64 883 144
187 883 1103
785 883 875
93 883 209
139 883 256
187 176 924
785 176 1245
139 176 204
187 214 57
785 214 1171
93 214 55
187 365 769
139 365 80
785 5 1263
93 5 270
139 5 567
692 70 795
801 70 1138
675 64 804
682 64 38
692 187 335
732 187 140
743 187 81
692 785 653
801 785 257
743 93 1181
732 93 1031
682 93 287
675 93 100
801 93 16
732 139 273
675 139 717
168 732 30
168 692 693
394 692 360
218 692 343
248 692 163
54 675 1072
394 675 711
168 675 693
305 675 378
218 675 343
248 675 163
394 743 584
305 743 922
168 743 620
218 743 23
168 682 693
394 682 551
218 682 343
305 682 327
248 682 163
54 801 1052
218 801 320
94 54 1258
78 54 7
77 305 1259
94 305 896
78 305 551
87 305 527
307 305 406
375 305 405
415 305 274
375 248 800
77 248 800
87 248 644
94 248 384
78 248 384
94 394 1032
77 394 796
78 394 551
87 394 304
375 394 246
94 168 594
307 168 565
87 168 469
77 168 446
78 168 416
375 168 331
77 218 1116
94 218 891
87 218 666
78 218 549
381 78 444
251 78 332
407 375 1293
381 375 596
250 375 463
170 375 463
251 375 319
250 94 852
251 94 639
170 94 1123
381 94 91
175 94 5
251 87 457
407 87 72
381 87 22
407 77 71
175 307 1199
170 307 1039
250 307 1013
407 307 374
251 307 273
407 415 905
251 415 448
298 175 894
358 175 719
208 175 324
362 175 279
432 175 158
208 407 1275
298 407 664
362 407 636
358 407 636
298 170 1252
428 170 1014
432 170 994
208 170 596
358 170 224
298 251 821
428 251 751
432 251 751
358 251 719
362 250 1189
428 250 1014
432 250 994
358 250 681
208 250 326
298 381 781
358 381 719
432 381 286
428 381 286
208 381 187
214 208 1185
374 208 404
395 208 404
395 298 1224
374 298 924
355 298 322
382 298 304
355 432 988
382 432 931
336 432 900
214 432 487
395 358 607
336 358 607
355 428 967
382 428 931
336 428 900
214 428 499
374 428 499
214 362 557
374 362 352
395 362 352
101 382 1084
101 355 1039
101 336 1248
133 336 1204
101 395 725
96 395 660
101 374 828
101 214 593
