352
782 420 649
404 420 993
622 420 435
584 420 409
673 420 573
148 420 631
42 420 338
191 420 321
782 428 798
404 428 825
622 428 438
584 428 365
673 428 183
148 428 631
42 428 325
191 428 899
782 429 716
404 429 597
622 429 562
584 429 296
673 429 573
148 429 458
42 429 398
191 429 327
782 448 798
404 448 417
622 448 302
584 448 520
673 448 408
148 448 488
42 448 203
191 448 899
782 500 503
404 500 905
622 500 539
584 500 250
673 500 326
148 500 631
42 500 302
191 500 269
782 524 835
404 524 771
622 524 801
584 524 166
673 524 443
148 524 307
42 524 233
191 524 324
782 541 311
404 541 694
622 541 709
584 541 250
673 541 358
148 541 559
42 541 398
191 541 401
782 586 431
404 586 993
622 586 543
584 586 250
673 586 400
148 586 745
42 586 224
191 586 352
782 591 728
404 591 993
622 591 349
584 591 276
673 591 305
148 591 631
42 591 338
191 591 728
782 613 352
404 613 993
622 613 181
584 613 434
148 613 898
42 613 398
191 613 352
782 815 589
404 815 298
622 815 590
584 815 690
673 815 456
148 815 576
42 815 174
191 815 558
782 832 652
404 832 647
622 832 669
584 832 256
673 832 375
148 832 334
42 832 151
191 832 445
782 838 457
404 838 830
584 838 256
673 838 688
148 838 334
42 838 715
191 838 605
782 852 347
404 852 896
622 852 142
584 852 256
673 852 375
148 852 334
42 852 151
191 852 480
782 858 177
404 858 922
622 858 719
584 858 165
673 858 231
148 858 334
42 858 715
191 858 558
782 891 298
404 891 937
622 891 303
584 891 808
673 891 529
42 891 248
191 891 529
782 924 4
404 924 318
42 924 11
191 924 331
404 801 677
622 801 719
584 801 256
673 801 558
148 801 334
42 801 367
191 801 558
404 853 922
622 853 303
584 853 333
673 853 336
148 853 175
42 853 243
191 853 287
808 782 975
769 782 711
808 404 850
588 404 679
769 404 620
158 404 488
605 404 393
703 404 332
158 622 786
703 622 744
808 622 726
605 622 517
769 622 283
588 622 251
158 584 973
703 584 744
808 584 588
605 584 517
588 584 353
769 584 283
158 673 834
808 673 593
605 673 482
703 673 410
588 673 353
769 673 283
158 148 417
588 148 70
808 148 344
703 148 2
158 42 357
588 42 399
808 191 1157
158 191 158
769 191 254
469 588 1032
339 588 864
135 588 571
52 588 463
402 588 426
330 588 379
47 588 147
52 769 143
402 769 923
135 769 109
469 769 205
469 605 1032
402 605 917
339 605 864
135 605 569
52 605 463
463 605 462
330 605 359
47 605 147
469 158 1263
402 158 765
339 158 328
135 808 1140
402 808 221
469 808 174
469 703 710
402 703 448
330 703 379
339 703 345
135 703 216
77 339 1057
413 339 1000
422 339 761
375 339 536
402 339 419
412 339 259
422 135 761
412 135 725
413 135 537
77 135 357
375 135 307
413 402 917
402 402 917
375 402 652
422 402 370
77 402 225
412 402 225
412 469 495
422 469 1114
413 469 102
402 469 7
422 330 699
77 330 607
402 330 574
413 330 537
412 330 498
375 330 459
415 330 424
412 47 38
77 47 1300
422 47 1
402 47 1
375 52 3
375 463 1291
77 463 1113
415 463 691
413 463 567
412 463 276
402 463 141
433 422 1217
407 422 826
309 422 129
250 422 82
407 77 20
408 413 1058
398 413 1049
436 413 1022
433 413 526
250 413 292
309 413 277
407 413 238
193 413 139
407 375 1255
436 375 694
398 375 372
408 375 263
433 402 1217
408 402 356
309 402 278
407 402 238
408 412 733
436 412 604
398 412 604
407 412 557
433 412 523
223 412 233
250 412 197
408 415 827
407 415 826
433 415 526
436 415 517
398 415 517
309 415 277
208 407 1297
298 407 831
362 407 644
424 407 457
362 408 972
298 408 872
208 408 831
424 408 524
255 408 165
208 433 1300
255 433 842
424 433 524
362 250 1116
424 250 453
255 250 452
208 250 308
298 250 185
362 309 957
255 309 668
298 309 375
255 193 927
424 193 796
362 193 241
208 193 185
298 193 157
255 398 1101
362 398 972
208 398 683
424 398 524
255 436 989
298 436 872
208 436 833
424 436 290
362 223 760
298 223 485
208 223 484
424 223 326
255 223 323
388 208 922
340 208 413
330 208 413
324 208 386
379 424 933
385 424 928
355 424 558
388 424 558
330 424 264
340 424 264
324 424 239
385 255 394
379 298 671
385 298 560
355 298 329
340 298 140
330 298 140
324 298 140
340 362 467
330 362 467
69 330 1133
101 330 953
134 330 777
69 355 1295
101 355 1081
101 324 535
134 388 1003
101 388 862
134 340 584
69 385 1066
101 385 791
134 379 1185
101 379 631
