142
388 52 588
742 52 1110
57 52 1
27 52 1149
388 423 566
440 423 304
742 423 557
57 423 1284
27 423 804
388 445 272
440 445 563
742 445 514
57 445 1205
27 445 684
388 570 400
440 570 543
742 570 1049
57 570 644
27 570 644
388 595 553
440 595 488
742 595 627
57 595 1237
27 595 989
388 599 809
440 599 263
742 599 670
57 599 1056
27 599 684
388 625 509
440 625 500
742 625 210
57 625 833
27 625 684
388 683 490
440 683 543
742 683 1068
57 683 579
27 683 579
440 528 510
742 528 304
57 528 1027
27 528 684
712 388 1182
669 388 626
752 388 623
295 388 467
591 388 457
136 388 404
136 440 903
591 440 520
712 440 361
669 440 357
752 440 201
295 742 722
669 742 244
136 57 1243
295 57 395
712 57 134
136 27 1283
229 136 1274
121 136 1290
275 136 68
229 669 1249
121 669 1089
378 669 576
121 712 430
378 712 248
275 712 2
121 295 855
229 295 847
378 295 652
378 591 909
121 591 626
229 591 626
275 591 302
229 752 145
378 752 1
353 229 1108
375 229 534
353 121 1172
353 275 1061
375 275 403
415 275 403
414 275 403
353 378 1177
375 378 185
402 353 588
436 353 588
398 353 549
402 375 1208
398 375 579
436 375 564
416 375 564
402 390 1258
416 390 1234
398 390 281
408 390 255
402 414 1121
436 414 1029
398 414 1008
416 414 833
408 414 255
402 415 901
436 415 901
398 415 901
416 415 860
408 415 666
208 175 671
140 175 569
168 175 282
140 402 1300
208 402 1297
206 402 1241
208 408 1109
140 408 1092
206 408 942
208 436 1178
140 436 1178
206 436 1055
206 398 1252
140 398 949
208 398 865
206 416 1252
140 416 949
208 416 378
342 208 951
324 208 432
238 140 1132
324 436 720
342 436 332
342 437 1100
324 437 1035
342 168 645
324 168 948
342 206 1097
324 206 432
152 342 1130
152 324 1077
152 238 1300
200 238 1162
139 238 456
