144
24 408 846
170 408 866
761 408 1063
57 408 1102
27 408 524
24 423 1090
170 423 866
761 423 1063
57 423 1243
27 423 914
24 439 1073
170 439 866
761 439 1063
57 439 1243
27 439 991
24 545 984
170 545 866
761 545 1063
57 545 1243
27 545 914
24 570 755
170 570 548
761 570 548
57 570 557
27 570 557
24 603 932
170 603 866
761 603 1063
57 603 1243
27 603 914
24 726 1090
170 726 866
761 726 1063
57 726 1243
27 726 914
24 748 1007
170 748 866
761 748 1063
57 748 1243
27 748 524
60 24 1297
758 24 1300
758 170 1247
60 170 1265
758 761 1133
136 761 1214
136 57 1237
758 57 80
60 57 123
136 27 1277
214 136 621
229 136 1291
292 136 954
121 136 1284
32 136 50
214 758 732
121 758 655
229 758 131
292 758 6
292 60 283
121 60 1039
229 60 569
214 60 201
353 32 735
241 32 548
332 32 2
107 214 1195
353 214 974
375 214 628
332 214 626
104 214 530
241 214 390
353 229 779
107 229 738
375 229 326
241 229 326
332 229 326
104 229 277
107 121 942
353 121 942
332 121 483
104 121 340
241 121 295
107 292 1263
332 292 689
104 292 530
353 292 489
241 292 350
139 107 1296
11 107 1300
402 353 772
436 353 590
11 353 566
398 353 478
259 353 366
139 241 824
259 241 517
11 241 517
402 375 1062
436 375 573
416 375 573
398 375 502
11 375 445
139 375 340
259 332 857
139 332 656
11 332 454
402 332 387
402 414 1051
436 414 919
398 414 905
416 414 769
259 414 687
402 104 1164
139 104 1300
259 104 84
305 11 989
208 11 1
424 11 2
208 402 1293
239 259 1089
168 259 717
424 259 537
305 259 535
208 259 311
305 139 580
239 139 195
208 398 807
239 398 643
424 398 602
305 398 236
208 436 1083
305 436 326
424 436 310
239 436 243
239 416 565
424 416 565
208 416 493
305 416 493
342 208 932
342 424 597
342 305 364
342 168 531
152 342 1076
