373
460 176 10
120 176 995
785 176 671
460 422 208
596 422 378
343 422 677
120 422 342
116 422 579
171 422 870
702 422 260
785 422 579
525 422 299
460 431 300
596 431 378
343 431 677
120 431 861
116 431 829
171 431 937
702 431 155
785 431 1017
525 431 155
460 452 379
596 452 257
343 452 677
120 452 227
116 452 335
171 452 1030
702 452 227
785 452 223
460 504 516
596 504 378
343 504 677
120 504 649
116 504 829
171 504 1030
702 504 377
785 504 974
525 504 212
460 563 243
596 563 360
343 563 677
120 563 498
116 563 335
171 563 1030
702 563 243
785 563 498
525 563 377
460 772 296
596 772 644
343 772 766
120 772 382
116 772 382
702 772 279
785 772 296
525 772 336
460 821 398
596 821 522
343 821 522
120 821 219
116 821 417
171 821 626
785 821 164
460 835 381
596 835 672
343 835 766
120 835 389
171 835 602
702 835 151
785 835 381
460 892 238
596 892 672
343 892 511
120 892 950
116 892 813
702 892 599
785 892 238
525 892 179
596 748 378
343 748 677
120 748 861
116 748 603
171 748 915
702 748 262
785 748 909
596 800 637
343 800 637
120 800 499
116 800 514
171 800 162
702 800 380
785 800 228
525 800 179
596 832 522
343 832 547
120 832 950
116 832 813
171 832 162
702 832 599
785 832 128
525 832 179
596 834 522
343 834 444
120 834 915
116 834 813
171 834 254
702 834 599
596 841 365
120 841 947
116 841 813
702 841 599
785 841 228
596 878 672
343 878 617
120 878 512
116 878 237
171 878 162
702 878 279
525 878 336
596 883 672
343 883 766
120 883 950
116 883 813
702 883 599
785 883 164
743 460 868
801 460 723
680 460 594
577 460 547
780 460 407
516 460 296
678 460 258
656 460 226
700 460 226
656 596 941
678 596 775
801 596 761
577 596 761
743 596 739
700 596 499
680 596 252
780 596 213
516 343 520
743 343 496
656 343 493
678 343 418
692 343 391
680 343 334
577 343 334
780 343 248
801 343 204
700 120 237
743 120 202
678 120 107
577 120 3
577 116 815
692 116 352
680 116 267
743 116 326
801 116 175
743 171 1104
516 171 237
780 171 87
577 171 348
700 171 16
656 702 941
743 702 826
678 702 775
577 702 735
680 702 637
780 702 602
516 702 602
700 702 433
692 702 292
801 702 140
656 785 252
692 785 335
801 785 140
700 785 4
577 525 740
700 525 637
680 525 589
656 525 521
801 525 509
780 525 345
692 525 262
516 525 228
678 525 144
3 656 827
130 656 714
168 656 684
1 656 534
463 656 314
67 656 137
463 577 1284
3 577 836
1 577 716
168 577 684
52 577 624
67 577 338
130 577 327
99 577 162
463 692 1254
3 692 881
168 692 684
1 692 352
99 692 334
130 692 327
168 743 652
130 743 466
99 743 46
3 743 17
1 743 1
67 801 1065
52 780 944
3 780 250
130 780 14
3 678 936
1 678 854
168 678 557
99 678 334
463 678 314
67 678 137
463 700 1206
3 700 881
168 700 684
52 700 362
99 700 334
130 700 327
67 700 191
3 680 983
1 680 854
168 680 684
52 680 624
99 680 334
130 680 327
463 680 131
3 516 838
67 516 678
168 516 546
130 516 292
99 516 247
52 516 192
428 1 518
87 1 177
77 1 126
94 1 637
87 67 582
375 67 1296
94 67 1237
375 3 412
428 3 169
428 99 979
69 99 472
233 99 437
87 99 70
77 99 3
76 99 13
69 168 1182
233 168 757
76 168 445
77 168 379
94 168 351
87 168 291
375 168 233
428 52 155
375 52 17
69 52 4
69 130 1182
375 130 675
76 130 590
233 130 395
428 130 185
375 463 1299
77 463 773
428 463 271
87 463 271
415 463 269
94 463 250
407 375 1282
442 375 1208
447 375 925
402 375 884
311 375 574
447 428 1049
442 428 975
402 428 964
408 428 928
407 428 488
175 428 146
311 87 55
407 87 78
442 87 1
402 77 266
442 77 32
407 77 49
175 94 20
311 233 574
402 233 535
407 233 415
311 69 12
407 69 1
408 415 1046
402 415 755
407 415 704
447 415 200
442 415 193
140 447 1300
273 447 1300
208 447 1297
298 447 689
233 447 232
233 175 1010
264 175 887
298 175 685
208 175 652
140 175 235
273 442 1296
208 442 1296
140 442 1296
298 442 896
140 407 1300
273 407 1300
208 407 1297
298 407 736
233 407 626
140 402 1300
273 402 1300
208 402 1297
298 402 896
344 402 168
233 402 149
208 408 1178
140 408 870
273 408 870
298 408 754
233 408 555
140 311 1090
208 311 1090
344 311 806
264 311 618
238 140 1126
214 208 1126
154 208 673
374 208 404
326 208 257
214 233 394
377 233 262
214 273 1126
374 273 694
154 273 673
374 298 748
355 298 287
154 264 363
336 344 744
374 344 720
214 344 592
326 344 339
355 344 319
152 377 988
101 377 866
101 355 1085
101 336 1290
152 374 1169
101 374 866
152 214 1300
200 214 972
101 214 564
101 326 1296
152 154 1300
200 154 972
152 238 1300
200 238 972
101 238 514
