300
350 190 60
519 190 44
657 190 8
809 190 282
176 190 884
350 397 852
519 397 456
657 397 280
809 397 404
285 397 928
246 397 456
176 397 859
392 397 687
350 408 268
519 408 545
657 408 377
809 408 232
285 408 231
246 408 885
176 408 696
392 408 195
350 430 852
519 430 239
657 430 456
809 430 328
285 430 1051
246 430 540
176 430 187
392 430 687
350 466 852
519 466 296
657 466 388
809 466 358
285 466 1051
246 466 252
176 466 225
392 466 687
350 472 203
519 472 218
657 472 347
809 472 328
285 472 576
246 472 885
176 472 696
392 472 144
350 475 852
519 475 304
657 475 220
809 475 328
285 475 1051
246 475 372
176 475 372
392 475 687
350 497 852
519 497 314
657 497 498
285 497 1051
246 497 322
176 497 218
392 497 687
350 498 852
519 498 545
657 498 352
809 498 376
285 498 1051
246 498 453
176 498 453
392 498 687
350 535 852
519 535 239
657 535 296
809 535 328
285 535 1051
246 535 634
176 535 634
392 535 687
350 553 715
519 553 274
657 553 277
809 553 235
285 553 715
246 553 518
176 553 718
392 553 687
350 626 852
519 626 240
657 626 297
809 626 223
285 626 1051
246 626 499
176 626 499
392 626 687
350 634 852
519 634 244
657 634 342
809 634 242
285 634 1051
246 634 408
176 634 254
392 634 687
350 703 852
519 703 359
657 703 251
809 703 359
285 703 1051
246 703 811
176 703 696
392 703 687
519 911 196
809 911 930
724 350 840
358 350 607
715 350 587
794 350 587
728 350 509
611 350 441
680 350 349
358 519 652
680 519 532
728 519 406
611 519 402
794 519 400
724 519 342
794 657 458
728 657 440
724 657 356
680 657 328
724 809 835
728 809 98
724 285 844
680 285 522
611 285 384
794 285 374
358 285 373
728 285 235
715 285 213
724 246 8
611 246 272
724 176 1026
358 176 1005
728 176 113
794 176 6
728 392 839
358 392 592
724 392 554
680 392 532
794 392 525
611 392 320
715 392 155
154 794 636
338 794 530
458 794 570
211 794 3
286 724 417
338 724 961
41 724 1149
3 724 13
211 724 83
286 715 197
154 715 359
458 715 400
338 715 13
3 680 899
338 680 507
458 680 370
154 680 343
463 611 1163
3 611 888
41 611 754
458 611 569
211 611 209
154 611 172
338 611 114
154 728 865
338 728 411
41 728 855
458 728 85
41 358 1135
211 358 777
463 358 642
154 358 341
3 358 241
338 358 241
333 458 639
375 458 539
264 458 512
220 458 416
307 458 231
375 286 653
415 286 653
264 286 492
333 286 419
241 286 363
307 286 246
307 3 502
375 3 287
264 3 30
220 41 180
375 41 136
307 41 43
415 41 14
375 154 722
307 154 710
241 154 690
94 154 245
241 211 459
375 211 444
264 211 372
333 211 217
94 338 697
241 338 328
375 463 1299
333 463 639
264 463 512
220 463 426
415 463 406
94 463 221
408 333 824
405 333 806
114 333 409
364 333 341
411 333 340
351 333 274
411 94 189
114 241 1262
364 241 317
408 307 1097
364 307 445
114 307 441
436 307 314
405 307 259
411 307 202
114 264 692
351 264 570
411 264 446
364 264 341
208 264 276
405 264 270
114 375 657
436 375 518
405 375 241
364 375 216
405 220 450
411 220 227
436 220 207
208 220 181
408 415 946
436 415 746
208 415 509
405 415 265
298 411 588
208 411 569
198 411 541
391 411 501
362 411 323
267 411 256
198 364 855
391 364 511
298 364 464
362 364 384
298 208 661
267 208 634
208 208 405
198 208 386
391 208 334
362 208 242
198 114 959
391 114 67
267 114 12
198 351 969
362 351 488
298 351 388
391 351 251
298 405 893
362 405 641
208 405 569
391 405 501
198 405 288
267 405 256
362 408 952
208 408 924
298 408 893
267 408 256
198 408 118
298 436 893
208 436 850
267 436 256
214 208 1129
408 208 988
374 208 282
408 391 616
377 198 309
374 298 852
408 267 525
214 362 726
152 377 789
152 374 1038
152 214 1300
200 214 1127
96 408 649
