361
802 313 100
735 313 97
665 313 600
242 313 44
802 346 954
107 346 26
242 346 26
778 346 261
802 354 132
107 354 135
242 354 636
778 354 73
189 354 796
802 443 736
735 443 592
107 443 228
665 443 291
242 443 228
778 443 729
189 443 350
759 443 833
363 443 301
802 504 736
735 504 592
107 504 309
665 504 299
242 504 537
778 504 286
189 504 350
759 504 711
363 504 301
802 530 360
735 530 448
107 530 504
665 530 199
242 530 675
778 530 231
189 530 409
759 530 639
363 530 172
802 536 863
735 536 708
107 536 763
665 536 417
242 536 537
778 536 198
189 536 350
759 536 664
363 536 301
802 589 736
735 589 592
107 589 217
665 589 475
242 589 360
778 589 516
189 589 363
759 589 665
363 589 301
802 593 736
735 593 592
107 593 763
665 593 267
242 593 537
778 593 545
189 593 350
759 593 675
363 593 301
802 622 756
735 622 592
107 622 206
665 622 258
242 622 256
778 622 613
189 622 350
759 622 665
363 622 301
802 660 444
735 660 444
107 660 280
665 660 244
242 660 541
778 660 331
189 660 415
759 660 318
363 660 157
802 692 736
735 692 592
107 692 545
665 692 258
242 692 469
778 692 203
189 692 350
759 692 665
363 692 301
802 720 863
735 720 708
107 720 504
665 720 151
242 720 734
778 720 373
189 720 391
759 720 665
363 720 301
802 787 819
735 787 135
107 787 541
665 787 457
242 787 724
778 787 209
189 787 307
759 787 482
802 797 819
735 797 206
665 797 351
242 797 558
778 797 206
759 797 482
363 797 306
802 826 819
665 826 262
242 826 296
189 826 307
759 826 225
363 826 180
802 832 819
107 832 310
665 832 418
242 832 735
778 832 418
189 832 310
759 832 258
363 832 359
802 844 311
735 844 203
665 844 495
242 844 735
778 844 434
189 844 128
759 844 452
363 844 306
802 860 261
735 860 746
107 860 206
665 860 644
242 860 735
189 860 307
363 860 164
802 866 819
735 866 820
107 866 490
665 866 351
242 866 724
189 866 488
759 866 731
735 919 8
107 919 660
665 919 240
242 919 378
759 919 50
665 825 351
242 825 735
189 825 307
759 825 456
686 802 304
607 802 809
747 802 506
752 735 485
801 735 132
747 735 139
805 735 51
811 107 1244
752 107 2
805 107 1
747 107 2
811 665 830
686 665 739
752 665 654
607 665 635
801 665 298
747 665 290
154 665 218
805 665 124
154 242 742
805 242 1108
801 242 79
796 242 2
805 778 496
811 778 1147
796 778 203
747 778 10
752 189 169
154 189 1059
805 189 1126
607 189 231
747 189 243
801 759 628
805 759 865
811 759 202
607 759 293
752 759 249
796 759 1
801 363 820
811 363 706
747 363 442
796 363 421
154 363 380
805 363 355
752 363 318
607 363 185
35 747 1240
51 747 2
467 811 677
292 811 299
51 811 1049
467 752 168
51 752 137
1 796 310
49 796 1
292 805 887
35 805 65
54 805 16
292 801 119
54 801 1075
467 801 183
463 686 1291
467 686 599
54 686 479
51 686 332
49 686 316
292 686 247
35 686 203
292 154 246
35 154 831
54 154 248
49 154 167
467 607 904
1 607 773
49 607 664
54 607 479
51 607 450
413 51 9
94 51 77
375 51 1
94 54 1011
403 54 311
412 54 43
78 54 6
94 1 630
403 1 559
413 1 11
94 467 316
413 467 190
403 467 25
78 49 1253
4 49 1224
413 49 100
4 292 1086
413 292 865
94 292 614
403 292 523
412 292 458
78 292 246
4 35 1061
375 463 1300
413 463 382
415 463 380
94 463 197
403 463 195
100 78 725
311 78 246
408 78 10
175 94 13
416 403 1221
398 403 968
208 403 418
408 403 291
402 403 259
436 403 259
175 403 150
408 413 1125
398 413 1097
436 413 1054
402 413 1024
416 413 963
208 413 577
100 4 925
175 4 16
208 4 12
402 375 923
311 375 742
416 375 636
436 375 557
398 375 328
408 412 991
402 412 665
436 412 665
398 412 665
208 412 418
408 415 985
416 415 771
402 415 605
208 415 577
436 415 517
398 415 517
168 100 160
267 208 751
264 208 751
298 208 623
208 208 505
168 208 373
208 408 1100
298 408 748
267 408 326
266 408 286
208 311 1148
264 311 642
168 311 622
264 175 971
208 175 697
298 175 636
267 175 445
168 175 272
266 175 272
208 402 1295
298 402 898
267 402 326
266 402 286
208 398 734
266 398 286
208 436 950
298 436 898
267 436 326
266 436 286
208 416 424
298 416 260
214 208 1164
374 208 426
326 208 359
348 264 1023
359 264 331
374 298 891
343 298 273
348 298 180
348 267 931
326 267 572
359 267 331
374 266 1231
326 266 940
214 266 710
214 168 1
101 343 1029
101 359 1290
101 349 1290
152 374 1015
101 374 1011
152 214 1300
101 214 609
101 326 1297
152 348 1249
101 348 1111
96 348 890
