229
673 386 584
316 386 977
521 386 807
561 386 861
364 386 239
673 419 584
316 419 977
521 419 807
561 419 861
364 419 186
673 467 584
316 467 977
521 467 807
561 467 861
364 467 367
673 601 584
316 601 937
521 601 807
561 601 861
364 601 724
673 724 584
316 724 977
521 724 807
561 724 861
364 724 199
673 776 907
316 776 708
521 776 841
561 776 753
673 786 907
316 786 708
521 786 898
561 786 753
364 786 150
673 815 907
316 815 504
561 815 595
364 815 150
673 853 612
316 853 708
521 853 841
561 853 753
364 853 150
673 854 907
316 854 708
521 854 841
561 854 753
364 854 150
673 864 907
316 864 708
521 864 841
561 864 753
364 864 150
673 882 907
316 882 708
521 882 841
561 882 753
316 1004 822
521 1004 693
364 1004 983
593 673 936
588 673 741
605 673 497
699 673 278
682 673 162
682 316 1188
699 316 905
588 316 905
605 316 613
283 316 577
593 316 487
593 521 1108
605 521 1078
699 521 805
588 521 793
283 521 412
682 521 293
283 561 944
682 561 484
593 561 484
588 561 407
605 561 281
699 561 252
588 364 1044
699 364 919
682 364 456
593 364 438
605 364 425
283 364 126
339 593 1097
469 593 982
330 593 623
470 593 127
339 588 1097
469 588 982
330 588 623
470 588 372
465 588 279
465 283 1024
470 283 694
469 283 593
339 283 593
330 283 432
339 699 1097
470 699 1043
469 699 982
465 699 656
330 699 623
339 682 1097
469 682 982
465 682 656
330 682 623
339 605 1097
469 605 982
465 605 656
330 605 623
413 339 1121
402 339 697
422 339 681
192 339 404
412 339 161
413 465 442
422 465 1
422 469 1052
412 469 549
413 469 136
192 469 209
402 469 25
402 330 972
422 330 780
413 330 618
412 330 455
192 330 404
415 330 287
422 470 202
402 470 560
412 470 24
433 422 1200
416 422 848
435 422 679
208 422 499
309 422 224
180 192 818
208 192 701
17 192 562
433 192 349
309 192 285
435 413 1071
416 413 819
433 413 615
208 413 595
309 413 440
180 413 166
433 402 1200
435 402 964
416 402 820
180 402 513
208 402 499
309 402 351
208 412 561
433 412 507
180 412 499
435 412 398
17 412 323
416 412 305
309 412 224
416 415 744
435 415 717
433 415 615
208 415 595
180 415 499
309 415 440
298 208 767
233 208 674
208 208 378
362 208 251
208 435 1241
298 435 453
424 435 443
437 435 321
362 435 295
208 433 1300
233 433 969
424 433 487
437 17 210
298 17 9
362 309 1009
233 309 694
298 309 426
437 309 323
233 416 1023
362 416 1010
208 416 554
424 416 487
298 416 404
437 416 226
208 180 847
298 180 712
424 180 343
362 180 303
388 208 1051
330 208 404
379 424 983
388 424 476
349 424 298
330 424 298
388 437 1158
330 437 980
343 437 568
349 437 476
330 233 901
379 233 698
343 233 395
349 233 395
388 233 307
379 298 698
343 298 323
330 298 171
330 362 675
101 343 924
101 330 975
134 330 782
101 349 1281
134 349 782
134 388 1095
101 388 783
96 388 614
134 379 1237
101 379 678
