220
584 143 18
419 143 386
443 143 435
539 143 239
810 143 329
584 430 274
419 430 881
443 430 631
359 430 627
539 430 599
810 430 895
584 445 479
419 445 881
443 445 631
359 445 627
539 445 599
810 445 895
584 456 389
419 456 881
443 456 631
359 456 627
539 456 599
810 456 895
584 467 581
419 467 881
443 467 631
359 467 627
539 467 599
810 467 895
584 535 411
419 535 696
443 535 631
359 535 627
539 535 599
810 535 934
584 536 503
419 536 881
443 536 631
359 536 627
539 536 599
810 536 895
584 743 412
419 743 476
443 743 478
359 743 230
539 743 448
810 743 857
584 773 824
419 773 770
443 773 161
539 773 397
810 773 840
584 789 769
419 789 905
443 789 284
539 789 320
810 789 697
584 844 824
419 844 1003
443 844 380
359 844 133
539 844 253
810 844 840
419 336 275
539 336 250
810 336 510
443 1014 126
359 1014 557
539 1014 286
742 584 1213
71 584 956
605 584 750
827 584 699
742 419 1206
79 419 1142
71 419 1012
827 419 770
605 419 164
605 443 948
71 443 904
79 443 728
742 443 649
827 443 529
605 359 1042
71 359 809
742 359 573
79 359 453
827 359 284
79 539 1029
827 539 770
71 539 570
605 539 567
742 539 442
742 810 141
79 810 733
364 71 218
525 71 1287
405 71 226
371 71 134
34 71 2
322 742 1146
364 742 874
371 742 10
405 742 53
322 79 1146
364 79 1221
525 79 684
371 79 68
371 827 221
525 827 6
525 605 1199
364 605 562
322 605 546
405 605 521
371 605 236
463 605 226
39 371 1123
412 371 546
375 371 379
415 405 1141
413 405 755
39 405 583
412 405 268
375 405 252
390 405 213
39 322 1216
412 322 723
390 322 277
422 525 936
412 525 504
39 525 1256
39 364 1223
412 364 723
422 364 440
375 364 251
413 34 281
375 34 349
375 463 1293
390 463 1053
415 463 553
413 463 322
39 463 182
412 463 182
416 422 958
385 422 851
380 422 691
17 422 110
416 375 878
17 375 770
320 375 416
385 375 379
380 375 327
408 413 996
416 413 811
320 413 433
380 413 318
385 413 305
193 413 236
17 39 1300
385 39 18
385 415 851
416 415 780
380 415 729
408 415 602
320 415 321
385 412 1101
408 412 885
380 412 729
17 412 616
416 412 436
320 412 386
416 390 1257
385 390 851
380 390 691
320 390 558
408 390 401
17 390 147
193 390 147
436 380 1203
437 380 1201
415 380 910
298 408 926
415 408 703
415 385 430
298 385 426
415 17 976
436 17 751
437 17 498
298 17 6
437 320 1064
436 320 1064
415 320 937
298 320 590
436 193 1203
437 193 1201
415 193 921
437 416 480
415 416 407
298 416 340
330 436 1202
388 436 1202
340 436 791
343 436 456
388 437 1210
330 437 1155
340 437 1153
343 437 620
388 415 1257
340 415 1255
330 415 1155
343 415 620
343 298 479
330 298 305
340 298 305
69 330 1135
134 330 861
69 343 1108
134 388 1175
69 388 707
134 340 952
