237
236 222 64
465 222 78
219 222 222
811 222 1148
236 422 926
53 422 1140
465 422 313
219 422 394
811 422 359
57 422 951
549 422 507
236 423 373
53 423 1077
465 423 313
219 423 373
811 423 353
57 423 1270
549 423 507
236 439 586
53 439 1096
465 439 313
219 439 517
811 439 347
57 439 1263
549 439 507
236 445 197
53 445 904
465 445 313
219 445 738
811 445 347
57 445 1178
549 445 507
236 545 694
53 545 904
465 545 424
219 545 629
811 545 291
57 545 1249
549 545 507
236 603 260
53 603 1149
465 603 313
219 603 533
811 603 347
57 603 1247
549 603 507
236 644 413
53 644 1009
465 644 413
219 644 590
811 644 351
57 644 1222
549 644 507
236 655 303
53 655 904
465 655 335
219 655 444
811 655 563
57 655 1196
549 655 507
236 726 320
53 726 904
465 726 320
219 726 747
811 726 244
57 726 1225
549 726 507
236 744 479
53 744 904
465 744 203
219 744 479
811 744 184
57 744 1246
549 744 507
236 873 425
53 873 711
465 873 496
219 873 471
811 873 711
57 873 708
752 236 334
295 236 1119
136 236 348
516 236 9
295 53 993
503 53 503
516 53 31
295 465 778
136 465 591
516 465 438
503 465 365
752 465 354
823 465 279
503 219 857
295 219 393
295 811 627
503 811 1056
516 811 65
823 811 17
136 811 22
136 57 1145
516 57 716
295 57 419
503 57 281
136 549 712
295 549 558
823 549 294
752 549 146
516 549 146
503 549 146
229 823 111
224 823 14
214 503 1070
359 503 990
229 503 989
121 503 928
32 503 681
224 503 555
463 503 148
359 295 1187
121 295 911
214 295 838
229 295 792
224 295 738
229 752 132
214 136 675
121 136 1252
229 136 1292
224 136 454
32 136 32
229 516 1207
32 516 1089
224 516 555
214 516 284
353 214 969
375 214 628
241 214 314
353 32 856
241 32 493
353 229 793
375 229 628
241 229 314
353 359 846
353 224 846
375 224 641
241 224 239
353 121 897
241 121 300
375 463 1299
414 463 1297
390 463 982
353 463 488
415 463 349
402 353 557
398 353 557
436 353 557
407 241 635
416 241 266
407 375 1246
402 375 890
436 375 692
416 375 692
398 375 615
407 415 971
398 415 903
436 415 903
402 415 856
416 415 778
412 415 778
408 415 713
407 390 1236
402 390 1220
416 390 1196
412 390 1151
398 390 416
408 390 317
436 414 1037
398 414 1027
402 414 1018
416 414 757
407 414 421
412 414 387
408 414 317
208 407 1299
206 407 771
424 407 352
267 407 323
208 408 1072
206 408 1034
424 408 411
267 408 323
208 402 1300
206 402 1240
267 402 323
206 398 1279
208 398 624
424 398 575
206 436 1105
208 436 894
267 436 323
424 436 211
206 416 1279
424 416 452
208 416 341
267 412 323
206 412 249
424 412 234
388 208 975
342 208 975
330 208 360
340 208 360
379 264 414
379 267 414
379 424 939
342 424 656
388 424 656
330 424 310
340 424 310
349 424 241
342 168 584
330 168 613
340 168 1140
388 168 1160
342 206 1139
388 206 1139
379 206 612
69 330 1068
134 330 767
134 342 1299
152 342 1121
69 342 935
134 340 1006
134 388 1168
69 388 707
69 349 935
134 349 767
134 379 1168
