296
695 548 296
584 548 453
578 548 363
698 548 478
599 548 489
710 548 1089
719 548 1145
695 677 690
584 677 291
578 677 344
698 677 478
599 677 489
710 677 914
719 677 1036
695 768 746
584 768 777
578 768 270
698 768 682
599 768 236
710 768 306
719 768 731
695 782 280
584 782 245
578 782 564
698 782 862
599 782 470
710 782 306
719 782 428
695 784 276
584 784 777
578 784 502
698 784 862
599 784 436
710 784 837
719 784 731
695 803 746
584 803 605
578 803 285
698 803 605
599 803 291
710 803 306
719 803 605
695 820 131
584 820 299
578 820 285
698 820 544
599 820 528
710 820 138
719 820 652
695 843 746
584 843 777
578 843 183
698 843 618
599 843 470
710 843 139
719 843 731
695 844 265
584 844 747
578 844 469
698 844 734
599 844 470
710 844 138
719 844 249
695 866 155
584 866 574
578 866 502
698 866 743
599 866 119
710 866 306
719 866 611
695 883 276
584 883 220
578 883 263
698 883 475
599 883 528
710 883 306
719 883 528
695 889 349
584 889 396
578 889 502
698 889 602
599 889 294
710 889 662
719 889 430
584 797 417
578 797 523
698 797 533
599 797 528
710 797 255
719 797 535
584 859 777
578 859 502
698 859 618
599 859 470
710 859 532
719 859 731
584 921 445
578 921 129
698 921 338
719 921 941
658 695 1208
805 695 726
686 695 559
617 695 371
668 695 370
801 695 285
668 584 670
695 584 623
686 584 599
805 584 331
658 584 192
801 584 192
617 584 136
658 578 997
801 578 825
668 578 670
805 578 461
617 578 391
686 578 245
695 578 141
695 698 623
805 698 620
686 698 559
617 698 506
658 698 452
668 698 390
686 599 812
668 599 670
617 599 506
805 599 461
695 599 141
805 710 257
617 710 219
686 710 298
695 710 298
617 719 478
658 719 122
805 719 111
414 668 1127
54 668 749
457 668 749
416 668 669
456 668 181
457 658 1218
416 658 1164
414 658 959
481 658 935
456 658 701
54 658 229
414 805 240
457 805 53
416 805 5
54 805 53
481 805 1
54 801 1209
457 801 438
481 801 1087
456 695 1224
416 695 1164
414 695 1155
457 695 1118
414 686 846
456 686 801
416 686 775
54 686 718
457 686 652
481 686 147
416 617 1164
414 617 1127
457 617 1118
481 617 935
456 617 693
54 617 229
387 416 1129
394 416 1110
375 416 824
39 416 600
413 416 149
387 456 1129
394 456 1110
375 456 824
39 456 600
413 456 329
220 54 586
375 481 1300
220 481 134
394 481 57
387 481 11
375 457 1244
387 457 1129
394 457 1110
220 457 151
413 457 147
415 457 147
375 414 1238
39 414 600
220 414 552
415 414 470
413 414 329
368 414 143
408 368 189
436 375 767
398 375 596
385 375 422
408 375 238
408 413 1178
436 413 1110
398 413 1110
170 413 485
250 413 484
377 413 404
385 413 325
385 39 28
408 394 768
385 394 609
436 394 603
398 394 484
170 394 342
250 394 249
408 415 888
385 415 808
436 415 562
398 415 562
385 220 1239
377 220 1239
170 220 1045
250 220 987
398 220 770
436 220 260
436 387 1137
398 387 792
408 387 768
385 387 609
170 387 485
362 250 1100
168 250 1027
358 250 647
298 250 329
208 250 312
266 250 294
298 170 1259
168 170 1027
208 170 544
266 170 339
358 170 186
298 408 988
362 408 955
208 408 816
358 408 700
266 408 410
208 385 1244
298 385 373
266 385 356
358 385 340
362 385 268
298 436 988
208 436 722
266 436 410
358 436 279
362 398 955
358 398 700
208 398 520
266 398 410
168 377 1278
266 377 1217
362 377 362
388 208 963
330 208 477
340 208 477
330 358 785
340 358 785
379 358 711
349 358 451
379 298 669
355 298 354
340 298 253
330 298 253
355 266 493
340 362 581
330 362 581
340 168 1185
388 168 1190
330 168 503
69 330 1179
101 330 1098
134 330 785
101 349 1287
69 349 999
134 349 785
69 355 1294
101 355 1189
134 340 692
134 388 1062
101 388 981
69 388 657
134 379 1247
