118
333 447 1053
253 447 651
769 447 1004
581 447 1068
333 473 1053
253 473 1052
769 473 1236
581 473 1146
333 501 928
253 501 539
769 501 928
581 501 957
333 537 1053
253 537 539
769 537 1004
581 537 1078
333 542 944
253 542 451
769 542 959
581 542 959
333 548 944
253 548 348
769 548 1236
581 548 1146
333 566 1053
253 566 539
769 566 1143
581 566 1143
333 597 597
253 597 967
769 597 1136
581 597 954
333 639 932
253 639 832
769 639 1158
581 639 1146
333 662 1053
253 662 967
769 662 1138
581 662 1138
333 674 597
253 674 564
769 674 1230
581 674 1146
333 765 944
253 765 477
769 765 795
581 765 691
333 927 1049
253 927 104
333 1003 224
709 333 1190
651 333 1190
730 333 878
730 253 928
709 769 1269
651 581 997
709 581 897
730 581 860
469 709 185
470 709 160
256 709 138
402 709 403
469 730 1247
470 730 108
470 651 1076
402 651 697
256 651 682
469 651 607
177 651 409
477 177 983
413 177 620
271 177 485
55 177 309
477 469 1133
55 469 190
413 469 74
55 402 1218
413 402 891
477 402 199
271 256 1006
477 256 873
55 470 506
408 413 1241
175 413 747
433 413 578
255 271 1255
175 271 1208
433 271 712
408 271 654
255 477 608
175 477 4
255 55 1257
433 55 859
408 55 73
310 175 1144
365 175 1120
229 175 1108
264 175 953
360 175 246
310 255 974
229 255 721
360 255 610
264 255 493
310 408 808
229 408 505
360 408 271
310 433 808
229 433 505
360 433 271
348 264 1092
348 229 1092
348 310 309
186 310 292
348 365 1092
123 186 1068
70 186 872
70 348 916
