177
419 215 482
149 215 559
595 215 6
419 392 718
149 392 530
810 392 1099
613 392 736
595 392 736
419 406 255
149 406 563
810 406 1045
613 406 565
595 406 565
419 428 413
149 428 300
810 428 765
613 428 779
595 428 317
419 430 718
149 430 425
810 430 1099
613 430 885
595 430 825
419 463 255
149 463 127
810 463 1218
613 463 557
595 463 557
419 591 190
149 591 196
810 591 562
613 591 450
595 591 306
419 730 469
149 730 350
810 730 1194
613 730 459
595 730 580
419 770 611
149 770 1119
810 770 134
613 770 659
595 770 439
419 772 341
149 772 745
810 772 832
613 772 795
419 784 608
149 784 800
810 784 886
613 784 263
595 784 677
419 816 608
149 816 800
810 816 551
613 816 151
595 816 713
419 839 608
149 839 800
810 839 885
613 839 391
595 839 677
419 877 527
149 877 527
810 877 886
613 877 725
595 877 611
419 878 608
149 878 800
810 878 551
613 878 1040
595 878 677
742 419 1293
79 419 1207
579 419 714
606 419 706
79 149 1096
742 149 1290
79 810 954
579 810 186
742 810 408
742 613 1285
579 613 1201
79 613 1192
606 613 129
742 595 1294
579 595 1201
79 595 1192
322 579 1063
364 579 796
457 579 475
336 579 379
371 579 279
322 606 1113
364 606 1078
457 606 876
371 606 628
336 606 154
322 742 1214
364 742 1004
457 742 920
371 742 2
336 742 10
322 79 1243
364 79 1239
371 79 79
39 371 1128
387 371 780
394 371 780
422 371 268
387 457 1097
394 457 1070
39 457 153
39 322 1278
394 322 1165
387 322 1165
422 322 267
39 336 1252
394 336 759
387 336 759
422 336 346
39 364 1258
387 364 1231
394 364 1208
422 364 722
415 364 280
380 422 900
309 422 169
17 39 1298
380 394 900
320 394 485
193 394 311
380 387 875
320 387 703
193 387 450
380 415 948
320 415 667
309 415 606
436 380 1235
437 380 1228
415 380 1077
437 17 502
436 17 803
415 17 1139
415 309 844
436 309 671
437 309 671
437 320 1150
436 320 1150
415 320 1098
424 320 222
436 193 1235
437 193 1228
415 193 1078
424 193 519
324 424 511
330 424 511
388 424 511
340 424 252
330 436 1232
388 436 1217
324 436 1029
340 436 988
388 437 1254
324 437 1188
340 437 1188
330 437 1183
340 415 1285
388 415 1281
324 415 1215
330 415 1183
95 330 872
134 330 765
95 324 1279
134 340 851
95 388 1279
134 388 1083
