178
350 302 253
283 302 19
742 302 831
329 302 269
350 442 1053
283 442 960
128 442 1064
742 442 1221
329 442 514
350 451 1053
283 451 1023
128 451 1064
742 451 1221
329 451 381
350 518 593
283 518 809
128 518 651
742 518 652
329 518 533
350 525 521
283 525 251
128 525 521
742 525 739
329 525 522
350 549 1053
283 549 128
128 549 1064
742 549 1221
329 549 322
350 598 488
283 598 1023
128 598 544
329 598 593
350 654 1053
283 654 1023
128 654 1064
742 654 1221
329 654 481
350 662 940
283 662 714
128 662 940
742 662 940
329 662 593
350 754 1053
283 754 862
128 754 1064
742 754 1221
329 754 375
350 832 692
283 832 292
128 832 510
742 832 372
329 832 941
350 876 692
283 876 393
128 876 799
742 876 297
329 876 613
767 350 971
825 350 511
322 350 511
454 350 463
184 350 213
825 283 959
767 283 861
184 283 795
322 283 467
454 283 358
184 128 560
767 128 847
184 742 1177
184 329 1127
825 329 1057
454 329 915
767 329 726
322 329 449
262 825 1158
126 825 1004
379 825 216
416 825 84
262 454 1099
278 454 941
126 454 586
132 454 573
416 454 573
379 454 527
278 184 1254
132 184 502
126 184 376
416 184 11
132 767 705
278 767 126
126 767 2
262 322 1099
132 322 863
379 322 476
126 322 408
64 379 1114
375 379 575
375 416 947
414 416 185
64 278 365
64 132 913
64 262 606
375 262 569
64 126 948
375 126 379
402 375 1091
416 375 811
436 375 750
398 375 593
351 375 272
408 375 228
408 64 1
402 390 1277
416 390 1255
398 390 519
408 390 454
351 390 140
402 415 882
416 415 782
436 415 733
398 415 733
408 415 574
436 414 1157
398 414 1119
402 414 1067
416 414 895
408 414 338
208 351 372
208 402 1296
206 402 1282
402 402 665
206 408 1108
208 408 877
402 408 824
424 408 516
206 398 1282
208 398 711
424 398 680
402 398 434
417 398 401
206 436 1120
208 436 1033
424 436 340
417 436 340
402 436 202
206 416 1282
424 416 675
417 416 401
402 416 300
208 416 300
342 402 602
330 402 552
343 402 476
349 402 436
379 402 418
342 208 983
330 208 289
379 424 1004
342 424 572
330 424 315
349 424 258
330 417 1162
379 417 965
342 417 602
343 417 281
349 417 258
342 206 1135
379 206 732
134 342 1297
69 342 1066
69 330 1111
134 330 915
69 343 1084
69 349 1068
134 349 915
134 379 1185
