175
404 12 908
332 12 147
404 542 1072
511 542 278
633 542 955
574 542 179
332 542 563
404 597 1072
633 597 955
332 597 589
404 787 246
511 787 759
633 787 809
574 787 340
332 787 547
404 788 786
511 788 490
633 788 642
574 788 305
332 788 447
404 793 445
511 793 241
633 793 561
574 793 474
332 793 547
404 803 499
511 803 447
633 803 642
574 803 128
332 803 547
404 804 848
511 804 411
633 804 795
574 804 474
332 804 547
404 823 817
511 823 759
633 823 809
574 823 128
332 823 459
404 832 848
511 832 415
633 832 642
574 832 474
332 832 447
404 859 563
511 859 411
633 859 642
574 859 644
332 859 315
404 1001 776
332 1001 25
703 404 659
611 404 622
646 404 521
63 404 507
63 511 897
611 511 666
646 511 604
703 511 535
63 633 1143
703 633 748
646 633 570
611 633 455
63 574 897
703 574 732
611 574 666
646 574 604
63 332 1116
703 332 907
646 332 604
611 332 198
497 63 1295
483 646 1126
227 646 1036
497 646 912
469 646 678
232 646 639
497 611 1145
483 611 1126
469 611 1099
227 611 404
232 611 245
497 703 912
469 703 689
232 703 639
483 703 255
227 703 250
139 483 1091
333 483 659
413 483 177
264 483 9
402 483 1
402 497 820
413 469 87
402 469 2
402 227 881
139 227 599
264 227 338
402 232 753
139 232 599
413 232 397
264 232 379
333 232 294
408 333 905
411 333 369
433 333 316
180 333 313
436 413 1260
398 413 1248
408 413 1172
433 413 447
180 413 172
411 139 813
433 139 586
180 139 586
408 139 552
411 264 616
433 264 316
180 264 313
433 402 1258
408 402 672
180 402 656
408 415 1169
436 415 767
398 415 767
180 415 521
433 415 432
374 411 1045
391 411 795
208 411 542
267 411 470
374 408 1164
208 408 926
267 408 470
430 408 380
208 433 1299
374 433 779
267 433 606
391 433 500
430 433 380
374 398 1241
208 398 542
430 398 380
267 398 238
391 398 238
374 436 1108
208 436 626
267 436 470
430 436 243
430 180 833
208 180 698
267 180 664
374 180 635
391 180 370
214 208 1063
388 208 812
340 208 338
355 430 1245
368 430 1182
214 430 1141
368 391 382
368 374 986
214 374 623
368 267 744
69 415 1122
101 415 924
69 355 1297
101 355 1122
134 368 1300
101 368 988
134 214 1268
134 388 1114
101 388 915
134 340 941
