412
30 276 682
203 276 504
30 415 493
387 415 184
665 415 212
657 415 544
722 415 454
59 415 427
738 415 177
203 415 454
781 415 280
30 449 541
387 449 200
665 449 376
657 449 544
722 449 516
59 449 429
738 449 198
203 449 425
781 449 546
30 510 541
387 510 195
665 510 356
657 510 544
722 510 437
59 510 620
738 510 200
203 510 245
781 510 280
30 516 426
387 516 344
665 516 430
657 516 221
722 516 344
59 516 344
738 516 275
203 516 154
781 516 342
30 530 541
387 530 197
665 530 217
657 530 200
722 530 925
59 530 429
738 530 668
203 530 596
781 530 301
30 584 508
387 584 222
665 584 538
722 584 573
59 584 429
738 584 569
203 584 568
781 584 301
30 624 230
387 624 386
665 624 291
657 624 674
722 624 810
59 624 429
738 624 639
203 624 680
781 624 301
30 634 508
387 634 348
665 634 538
657 634 440
722 634 655
59 634 433
738 634 318
203 634 680
781 634 451
30 640 508
387 640 222
665 640 538
657 640 544
722 640 462
59 640 427
738 640 165
203 640 518
781 640 478
30 652 508
387 652 274
665 652 538
657 652 291
722 652 986
59 652 429
738 652 281
203 652 367
781 652 252
30 665 230
387 665 274
665 665 329
657 665 445
722 665 869
59 665 429
738 665 339
203 665 367
781 665 304
30 729 541
387 729 184
665 729 538
657 729 161
722 729 729
59 729 429
738 729 178
203 729 448
781 729 219
30 737 288
387 737 348
665 737 325
657 737 268
722 737 405
59 737 620
738 737 306
203 737 384
781 737 306
30 747 230
387 747 222
665 747 347
657 747 287
722 747 819
59 747 382
738 747 196
203 747 610
781 747 266
30 779 298
387 779 264
665 779 370
657 779 155
722 779 476
59 779 215
738 779 298
203 779 215
781 779 474
30 787 472
387 787 264
665 787 449
657 787 262
722 787 718
59 787 255
738 787 523
203 787 349
781 787 577
30 825 431
387 825 133
665 825 449
657 825 230
722 825 554
59 825 255
738 825 690
203 825 335
781 825 577
30 854 392
665 854 398
722 854 380
59 854 336
738 854 311
203 854 268
781 854 482
30 878 589
387 878 264
665 878 449
657 878 262
722 878 534
59 878 286
738 878 466
203 878 307
781 878 338
387 866 264
665 866 449
657 866 278
722 866 718
59 866 286
738 866 382
203 866 315
781 866 498
139 30 1000
353 30 322
631 30 96
796 30 107
139 387 997
752 387 476
581 387 359
801 387 359
677 387 353
624 387 336
631 387 277
353 387 187
752 665 724
581 665 656
139 665 502
353 665 359
801 665 347
631 665 249
624 665 181
796 665 152
752 657 802
624 657 637
631 657 598
801 657 530
139 657 502
353 657 359
581 657 311
796 657 286
796 722 192
139 722 1036
353 722 241
631 722 55
801 722 112
752 722 1
139 59 905
581 59 74
677 59 9
796 738 427
353 738 138
139 738 697
801 738 379
752 738 41
139 203 667
353 203 89
752 203 34
631 781 187
677 781 4
414 624 1048
1 624 900
463 624 846
467 624 762
35 624 250
54 624 138
414 581 1048
35 581 892
463 581 821
1 581 748
54 581 728
467 581 442
350 581 423
255 581 237
467 752 209
414 752 36
1 796 329
414 796 73
54 796 1
54 801 1083
467 801 229
255 801 50
467 353 840
255 353 621
350 353 468
463 353 450
1 353 180
463 631 1262
467 631 905
35 631 454
1 631 454
414 631 383
255 631 185
1 139 1170
54 139 1001
467 139 1244
414 677 1063
54 677 1022
350 677 292
35 677 250
467 677 210
1 677 195
463 677 135
94 54 1032
402 54 398
412 54 24
78 54 2
307 54 1
94 1 643
87 1 320
412 255 505
87 255 492
78 255 438
94 255 311
375 350 722
87 350 657
402 350 635
94 350 383
412 350 383
307 350 371
78 350 244
94 467 378
87 467 101
307 35 286
87 35 28
375 414 1196
415 414 1101
87 414 648
402 414 557
412 414 539
94 414 147
375 463 1297
415 463 416
412 463 248
94 463 220
402 463 194
408 78 39
223 78 24
385 78 2
170 94 934
250 94 704
175 94 20
377 94 6
408 94 1
223 87 20
408 307 1110
175 307 1110
377 307 1002
250 307 763
170 307 761
223 307 233
385 375 343
408 375 246
223 375 233
408 402 577
208 402 577
377 402 451
385 402 388
170 402 167
175 402 167
385 412 904
408 412 835
208 412 559
223 412 320
250 412 240
175 412 206
408 415 1025
385 415 749
208 415 624
223 415 186
298 208 789
358 208 497
168 208 456
362 208 323
208 208 311
298 175 792
358 175 701
168 175 424
266 175 424
208 175 273
362 175 262
362 250 1110
168 250 880
358 250 650
208 250 346
266 250 277
298 250 219
298 170 1238
168 170 880
208 170 581
266 170 383
358 170 206
362 408 949
298 408 899
208 408 784
358 408 699
266 408 401
298 223 718
362 223 716
358 223 632
208 223 605
266 223 438
168 223 329
208 385 1234
298 385 447
358 385 322
362 385 236
168 377 1232
266 377 1167
362 377 474
298 377 243
358 377 239
340 208 454
395 208 454
374 208 454
389 358 787
348 358 787
379 358 582
395 358 577
340 358 549
349 358 336
395 298 1188
374 298 974
379 298 589
389 298 537
343 298 232
340 298 175
340 168 1081
374 266 1199
395 266 366
395 362 466
340 362 466
374 362 466
101 343 969
101 349 1261
133 349 1115
133 389 835
101 389 634
96 395 801
101 395 704
101 374 801
133 340 1300
101 348 1152
133 348 880
96 348 665
133 379 835
101 379 590
