212
257 390 382
452 390 401
59 390 716
787 390 555
149 390 901
781 390 379
257 421 457
452 421 331
59 421 716
787 421 518
149 421 901
781 421 181
257 468 537
452 468 282
59 468 616
787 468 326
149 468 326
781 468 287
257 481 647
452 481 267
59 481 431
787 481 608
149 481 317
781 481 643
257 505 396
452 505 267
59 505 567
787 505 297
149 505 297
781 505 427
257 510 382
452 510 377
59 510 716
787 510 592
149 510 901
781 510 514
257 530 436
452 530 267
59 530 716
787 530 518
149 530 792
781 530 497
257 661 382
452 661 192
59 661 716
787 661 592
149 661 901
781 661 387
257 664 748
59 664 716
787 664 518
149 664 901
781 664 197
257 697 748
452 697 180
59 697 716
787 697 518
149 697 901
781 697 221
257 737 382
452 737 163
59 737 716
787 737 518
149 737 901
781 737 408
257 746 382
452 746 511
59 746 716
787 746 518
149 746 901
781 746 605
257 782 612
452 782 216
59 782 310
149 782 560
781 782 352
257 807 612
452 807 226
59 807 462
787 807 535
149 807 475
781 807 613
257 813 612
452 813 200
59 813 448
787 813 512
149 813 348
781 813 409
257 878 367
452 878 174
59 878 398
787 878 398
149 878 668
781 878 551
257 967 671
452 967 623
787 967 51
781 967 39
452 924 107
149 924 1
781 924 126
59 237 304
79 257 926
723 257 877
785 257 865
796 257 485
605 257 464
79 452 926
723 452 828
796 452 667
605 452 447
785 452 352
605 59 749
605 787 208
79 787 4
723 149 498
79 149 723
796 149 3
785 781 753
723 781 44
364 723 615
142 723 466
1 723 64
364 79 1043
142 79 175
1 79 117
439 796 275
142 796 873
1 796 111
313 785 412
142 785 1
35 605 755
1 605 572
142 605 567
313 605 441
364 605 323
39 439 964
87 439 828
329 439 424
412 439 267
87 1 524
329 169 783
39 169 514
415 169 266
87 169 242
329 313 783
412 313 415
39 364 1020
412 364 771
87 364 739
329 364 197
329 35 673
87 35 21
412 142 771
87 142 537
415 142 361
39 142 216
438 87 543
17 39 1118
100 39 49
309 415 497
346 415 199
100 415 171
17 412 590
100 329 786
193 329 699
309 329 588
17 329 557
438 329 223
415 438 836
298 438 441
168 438 348
402 438 303
50 100 853
168 100 426
168 346 1062
50 346 693
415 346 417
298 346 302
415 17 713
168 17 1114
298 17 5
50 309 957
168 309 443
415 309 443
298 309 428
402 309 252
168 193 1037
50 193 877
415 193 646
340 402 696
379 402 660
343 402 614
388 402 540
367 402 424
379 50 1094
388 415 1087
340 415 1063
343 415 614
367 415 304
379 298 850
343 298 462
340 298 275
367 168 847
388 168 1034
340 168 1026
95 343 820
133 379 790
133 367 1120
95 367 1097
95 388 1097
133 340 1120
