175
609 451 419
261 451 377
583 451 1172
281 451 343
505 451 694
645 451 554
609 469 698
583 469 840
281 469 406
505 469 678
645 469 344
609 476 698
261 476 411
583 476 1172
281 476 406
505 476 633
645 476 411
609 661 883
261 661 486
583 661 896
281 661 406
505 661 761
645 661 344
609 710 883
261 710 486
583 710 726
281 710 406
505 710 633
645 710 430
609 839 673
261 839 290
583 839 933
281 839 813
505 839 165
645 839 322
609 859 825
261 859 474
583 859 933
281 859 727
505 859 183
645 859 410
609 1023 31
261 1023 26
281 1023 574
505 1023 21
645 1023 66
583 902 11
281 902 203
645 902 842
597 609 1122
585 609 1122
598 609 1111
643 609 1068
738 609 921
597 261 1038
738 261 983
598 261 739
585 261 709
597 583 1032
585 583 1032
738 583 827
643 583 774
598 583 600
597 281 946
585 281 511
598 281 499
738 281 308
643 281 153
597 505 952
585 505 779
738 505 669
598 505 398
643 505 370
598 645 1140
597 645 1075
643 645 976
738 645 921
585 645 276
428 597 1214
454 597 756
431 597 547
483 597 375
484 597 162
484 643 1074
428 643 881
431 643 687
483 643 375
454 738 2
428 598 1214
454 598 756
483 598 705
484 598 631
431 598 620
428 585 1065
431 585 957
484 585 848
454 585 756
483 585 375
129 304 956
172 304 829
325 304 621
361 304 484
412 483 358
325 483 809
172 483 863
300 483 604
129 484 416
325 484 10
361 484 2
325 428 1208
172 428 1077
361 428 871
412 428 530
300 454 1231
172 454 1077
361 454 1014
129 454 917
325 454 782
412 454 454
325 431 1160
172 431 896
300 431 616
412 431 454
361 431 407
297 300 1071
307 300 795
235 300 558
396 300 551
297 129 1207
235 129 866
396 129 852
307 129 664
235 361 1276
396 361 1041
307 361 448
235 172 1165
297 172 838
307 172 795
396 172 551
396 412 1135
235 412 827
307 412 418
235 325 1189
396 325 1041
307 325 964
303 307 1103
264 307 1064
338 307 726
360 307 701
303 235 1156
338 235 852
360 235 701
338 396 773
360 396 713
303 396 505
264 396 233
303 297 754
264 297 719
338 297 532
152 360 642
374 338 898
152 338 582
386 303 1020
152 303 897
374 303 814
408 303 775
154 303 471
154 264 492
101 382 1134
101 374 998
101 408 1298
76 386 1252
101 386 737
76 152 1290
76 154 740
