156
339 426 343
484 426 499
736 426 499
779 426 615
781 426 956
339 459 312
484 459 203
736 459 608
779 459 597
781 459 870
339 560 1004
484 560 719
736 560 816
779 560 597
781 560 1112
339 583 1004
484 583 504
736 583 686
779 583 686
781 583 1077
339 743 738
484 743 719
736 743 816
779 743 597
781 743 920
339 780 789
484 780 962
736 780 858
779 780 332
781 780 656
339 806 666
484 806 570
736 806 733
779 806 559
339 834 805
484 834 570
736 834 288
779 834 520
781 834 529
339 888 805
484 888 443
736 888 301
779 888 296
781 888 889
484 181 1015
779 181 26
781 181 1019
796 339 1062
755 339 896
690 339 586
695 339 447
752 339 423
796 484 733
690 484 715
752 484 582
755 484 492
695 484 447
755 736 1081
796 736 836
690 736 172
796 779 1105
752 779 763
695 781 239
755 781 5
31 755 394
370 755 7
249 755 1
31 796 973
502 796 1234
370 796 1062
249 796 5
31 752 2
502 695 916
370 695 392
35 695 232
31 695 101
35 690 1006
502 690 916
370 690 392
249 690 333
329 502 56
412 502 292
87 502 1230
39 502 27
87 370 1197
329 370 853
412 370 529
39 370 348
181 370 201
87 249 1103
39 249 866
329 249 642
412 249 450
181 249 256
39 31 478
87 31 1119
329 35 833
87 35 83
226 181 964
193 181 905
241 87 248
438 87 769
226 87 212
17 39 1296
226 39 553
241 412 914
17 412 544
438 412 275
226 412 258
226 329 964
193 329 916
17 329 773
241 329 547
438 329 522
436 438 825
437 438 587
402 438 446
168 438 343
402 226 672
437 226 280
436 226 270
168 17 1297
437 17 510
436 17 785
168 193 1221
437 193 1207
436 193 1187
50 193 1104
402 193 148
168 241 1221
437 241 1207
436 241 1187
50 241 874
402 241 365
379 402 826
343 402 735
349 402 553
367 402 454
343 437 960
349 437 891
367 437 442
379 436 1162
349 436 891
343 436 687
367 436 442
379 50 1275
349 50 16
367 168 1037
95 343 906
133 349 1271
95 349 893
134 349 715
134 379 1152
133 379 786
133 367 1298
95 367 1225
