268
73 249 1
10 249 1193
828 249 925
73 422 474
665 422 399
10 422 1068
657 422 213
810 422 651
828 422 281
781 422 119
73 521 474
665 521 225
362 521 455
10 521 977
657 521 237
810 521 500
828 521 237
781 521 464
73 524 242
665 524 270
362 524 455
10 524 652
810 524 651
828 524 401
781 524 620
73 647 246
665 647 287
362 647 491
10 647 724
657 647 484
810 647 651
828 647 551
781 647 151
73 698 487
665 698 361
362 698 321
10 698 1052
657 698 501
810 698 204
828 698 255
781 698 501
73 776 291
665 776 241
362 776 450
10 776 581
810 776 601
781 776 581
73 778 725
665 778 544
362 778 261
10 778 457
810 778 359
781 778 784
73 782 725
665 782 230
362 782 379
10 782 381
657 782 292
810 782 601
781 782 784
73 788 536
665 788 230
10 788 814
657 788 307
810 788 601
828 788 164
781 788 600
73 806 555
665 806 394
362 806 379
10 806 901
657 806 332
810 806 481
73 847 363
665 847 544
362 847 363
10 847 435
657 847 361
810 847 397
781 847 600
73 854 562
665 854 544
362 854 379
10 854 786
810 854 194
828 854 212
781 854 674
73 865 291
665 865 340
362 865 137
10 865 503
657 865 361
810 865 532
828 865 164
781 865 714
73 867 684
665 867 449
362 867 180
10 867 435
657 867 180
810 867 601
781 867 684
73 869 725
665 869 361
362 869 379
10 869 381
657 869 241
810 869 601
781 869 784
73 882 725
665 882 544
362 882 517
10 882 480
657 882 191
810 882 350
781 882 784
10 983 816
828 983 145
193 73 457
785 73 913
658 73 92
202 73 39
712 73 80
658 665 917
747 665 416
785 665 251
712 665 163
202 362 682
712 362 609
193 362 602
747 362 425
658 362 379
785 362 352
712 10 592
747 10 1082
202 10 1104
193 10 1248
193 657 377
785 657 339
658 657 160
747 810 1
202 828 737
712 828 180
193 828 1
785 828 1
202 781 928
712 781 855
785 781 863
486 747 402
35 747 1226
518 747 81
44 712 1260
442 712 862
44 193 968
486 193 1124
49 193 400
442 193 516
35 193 1
518 193 4
44 202 774
49 202 1094
486 202 1171
518 202 14
442 658 884
518 658 477
35 658 319
486 658 259
49 785 973
486 785 1063
37 49 945
78 49 1263
37 442 1104
78 442 820
415 442 746
390 442 746
18 442 546
412 442 526
375 442 480
39 442 347
39 518 104
37 518 50
18 518 7
78 486 1144
37 486 1285
18 486 743
412 486 61
37 44 1284
18 35 1227
100 78 861
408 78 36
385 78 3
408 37 1
436 375 761
416 375 761
346 375 584
385 375 395
408 375 294
385 39 28
100 39 29
100 18 779
385 18 10
416 390 1202
385 390 928
408 390 472
346 390 289
385 412 1047
436 412 924
408 412 888
346 412 279
416 412 253
385 415 908
408 415 847
436 415 778
416 415 616
346 415 289
168 100 221
424 100 3
298 100 1
298 408 878
424 408 491
267 408 489
424 385 446
298 385 343
168 346 1150
267 346 812
417 346 521
437 346 520
298 346 513
298 436 878
267 436 489
424 436 279
417 436 248
424 416 469
417 416 338
298 416 248
437 416 232
379 424 1006
388 424 533
330 424 324
349 424 324
340 424 324
388 437 1116
330 437 1086
340 437 1044
349 437 738
343 437 708
330 417 1124
379 417 1003
340 417 458
349 417 365
343 417 267
379 298 820
343 298 436
340 298 278
330 298 278
379 267 543
340 168 1103
388 168 1134
330 168 599
69 343 1054
69 330 1096
134 330 845
69 349 962
134 349 845
134 379 1221
134 388 1176
69 388 758
134 340 938
