193
48 391 1198
685 391 502
381 391 694
202 391 989
434 391 637
48 438 1260
685 438 937
381 438 915
202 438 989
434 438 630
48 459 1260
685 459 568
381 459 694
202 459 989
434 459 446
48 520 1204
685 520 622
381 520 694
202 520 989
434 520 369
48 609 1260
685 609 937
381 609 915
202 609 989
48 729 1260
685 729 937
381 729 915
202 729 989
434 729 621
48 759 1260
381 759 694
202 759 989
434 759 619
48 782 653
685 782 540
381 782 425
202 782 708
434 782 258
48 799 452
685 799 556
381 799 582
202 799 948
434 799 258
48 821 889
685 821 556
381 821 585
202 821 926
48 869 152
685 869 540
381 869 432
202 869 435
434 869 258
48 870 689
685 870 556
381 870 585
202 870 331
434 870 363
48 885 920
685 885 556
381 885 582
202 885 208
434 885 370
809 48 1114
656 48 12
621 685 1099
809 685 1017
677 685 905
656 685 794
516 685 652
658 685 109
656 381 869
703 381 438
677 381 409
621 381 372
658 381 345
516 381 225
809 202 1257
656 202 159
809 434 893
621 434 822
703 434 442
656 434 442
516 434 410
677 434 224
658 434 197
109 809 996
278 809 945
112 809 733
54 809 6
112 656 978
463 656 458
278 656 360
32 656 143
109 621 1176
54 621 651
278 621 554
109 658 1197
112 658 208
54 658 116
109 677 1225
54 677 1125
54 703 1086
112 703 623
278 703 554
109 703 298
32 516 1252
109 516 1124
112 516 514
278 516 320
402 32 14
239 54 994
402 54 358
239 112 1250
375 112 573
307 112 258
415 112 250
239 278 1124
402 278 663
239 109 1217
307 109 504
375 463 1300
390 463 1002
415 463 514
402 463 197
407 375 1256
416 375 891
402 375 805
436 375 704
398 375 421
385 375 319
408 375 223
408 307 1155
398 307 704
436 307 505
407 307 358
416 402 789
402 402 634
385 402 452
408 402 336
407 402 277
385 415 822
407 415 822
408 415 806
416 415 677
402 415 634
398 415 557
436 415 557
407 390 1286
402 390 1240
416 390 1224
385 390 825
398 390 572
408 390 545
408 239 637
208 407 1300
206 407 915
267 407 435
208 402 1300
206 402 1286
267 402 435
206 408 1206
208 408 1015
267 408 435
208 385 1105
206 385 843
267 385 386
206 398 1286
208 398 597
267 398 187
206 436 1163
208 436 967
267 436 435
206 416 1286
208 416 336
342 208 964
330 208 295
379 267 432
342 206 1188
379 206 686
69 330 1186
101 330 935
134 330 920
69 343 1133
101 343 939
134 342 1299
69 342 1068
101 342 513
69 355 1297
101 355 1070
101 349 1269
69 349 1105
134 349 920
134 379 1234
