250
584 313 207
42 313 15
308 313 2
584 393 415
42 393 301
209 393 326
376 393 264
308 393 417
270 393 412
781 393 758
584 448 415
42 448 258
209 448 193
376 448 264
308 448 313
270 448 145
781 448 892
584 530 343
42 530 160
209 530 269
308 530 318
270 530 412
781 530 758
584 768 694
42 768 199
209 768 165
376 768 165
308 768 204
270 768 485
781 768 291
584 776 677
209 776 268
376 776 427
308 776 491
270 776 666
781 776 719
584 789 694
42 789 199
209 789 394
376 789 240
308 789 491
270 789 452
781 789 568
584 810 694
42 810 605
209 810 321
376 810 193
308 810 159
270 810 448
781 810 713
584 815 694
42 815 315
209 815 152
376 815 240
308 815 567
270 815 188
781 815 683
584 817 694
42 817 199
209 817 268
376 817 197
308 817 208
270 817 448
781 817 651
584 824 694
42 824 605
209 824 321
376 824 384
270 824 731
781 824 920
584 855 694
42 855 199
209 855 123
376 855 210
308 855 491
270 855 472
781 855 694
584 862 328
42 862 409
209 862 152
376 862 427
308 862 623
270 862 570
781 862 739
584 865 328
42 865 605
209 865 321
376 865 427
308 865 577
270 865 442
781 865 575
584 984 347
42 984 589
209 984 208
376 984 17
308 984 27
270 984 346
42 934 237
209 934 17
376 934 46
781 934 182
209 948 467
308 948 297
781 948 240
308 276 98
683 584 828
711 584 631
827 584 572
605 584 542
692 584 539
801 584 155
827 42 1174
683 42 566
711 209 1101
827 209 255
692 376 863
605 376 654
683 376 379
827 376 369
801 376 287
711 376 249
801 308 885
605 308 432
827 308 403
683 308 287
692 308 262
711 308 176
692 270 832
827 270 832
801 270 791
605 270 604
711 270 547
683 270 266
827 781 403
683 781 105
469 692 887
402 692 874
330 692 469
35 692 272
76 711 1279
35 711 1031
330 711 59
469 711 62
469 683 887
402 683 874
76 683 453
35 683 280
49 683 252
54 683 189
330 683 189
54 801 1063
402 827 429
330 827 158
469 827 51
76 827 46
35 605 1158
402 605 874
469 605 816
76 605 508
54 605 480
330 605 469
78 54 5
76 54 80
412 54 19
313 54 61
413 49 289
78 49 1277
87 49 47
413 402 885
87 402 367
78 402 302
412 402 274
313 469 1197
413 469 107
412 469 447
413 330 620
412 330 394
78 330 390
76 330 337
415 330 291
87 330 280
313 35 69
87 35 3
76 76 912
78 76 833
100 78 976
433 78 218
408 78 38
68 78 96
433 87 135
408 413 1199
250 413 340
433 413 309
377 413 294
17 313 1009
68 313 766
408 313 482
433 313 475
377 313 275
408 412 1028
433 412 390
17 412 350
250 412 268
408 415 968
433 415 309
68 76 69
433 76 4
267 68 2
168 100 271
362 100 16
362 408 1049
298 408 959
358 408 783
208 408 777
267 408 415
208 433 1299
267 433 556
362 250 1155
168 250 1028
358 250 710
208 250 241
168 17 1298
298 17 8
358 17 34
267 17 45
168 377 1281
362 377 284
367 208 759
363 208 694
340 208 437
343 298 398
340 298 253
363 298 253
340 358 815
363 358 675
349 358 563
363 267 619
340 362 627
363 362 368
367 168 928
340 168 1127
133 363 1293
95 363 1140
175 363 707
95 343 840
133 349 1246
95 349 811
133 367 1299
95 367 1257
133 340 1299
