279
625 276 45
195 276 380
203 276 662
625 475 543
722 475 934
59 475 598
736 475 936
195 475 456
203 475 708
625 510 339
722 510 456
59 510 543
736 510 497
195 510 532
203 510 285
625 553 498
722 553 665
59 553 598
736 553 957
195 553 285
203 553 652
625 560 437
722 560 679
59 560 598
736 560 936
195 560 325
203 560 514
625 599 396
722 599 932
59 599 598
736 599 932
195 599 396
203 599 514
625 609 437
722 609 759
59 609 598
736 609 786
195 609 366
203 609 514
625 615 445
722 615 797
59 615 598
736 615 797
195 615 445
203 615 514
625 627 516
722 627 456
59 627 588
736 627 936
195 627 277
203 627 487
625 677 437
722 677 348
59 677 608
736 677 954
195 677 649
203 677 375
625 697 438
722 697 896
59 697 598
736 697 896
195 697 375
203 697 514
625 743 543
722 743 493
59 743 493
736 743 716
195 743 302
203 743 493
625 753 263
722 753 842
59 753 598
736 753 842
195 753 388
203 753 711
625 794 421
722 794 238
59 794 423
736 794 835
195 794 255
203 794 475
625 870 150
722 870 481
59 870 423
736 870 481
195 870 875
203 870 475
722 705 503
59 705 377
736 705 957
203 705 539
827 625 787
677 625 737
651 625 647
719 625 539
711 625 504
605 625 475
636 625 273
719 722 559
651 722 594
605 59 582
651 59 764
719 59 3
677 59 6
636 736 245
719 736 285
677 736 72
651 736 47
711 195 784
827 195 33
677 195 5
719 195 1
827 203 307
719 203 1056
651 203 106
711 203 24
208 719 869
1 719 986
1 636 901
467 636 755
414 636 581
458 636 435
76 711 1285
69 711 217
208 827 308
467 827 69
76 827 20
76 651 905
1 651 901
414 651 888
467 651 639
208 651 386
69 651 356
458 651 265
414 677 967
76 677 905
208 677 477
467 677 306
458 677 222
1 677 154
467 605 755
1 605 736
76 605 457
414 605 409
208 605 386
458 605 343
87 1 241
337 1 405
43 1 98
413 1 17
87 458 623
375 458 540
337 458 499
413 458 449
333 458 447
337 208 764
87 208 540
413 208 468
43 208 229
402 208 224
337 467 684
87 467 61
413 467 223
43 69 1280
87 69 15
337 69 55
413 69 45
43 76 192
402 76 114
333 76 171
337 76 21
375 414 1211
415 414 1132
87 414 546
402 414 536
413 414 449
43 414 355
333 414 326
405 333 951
408 333 789
309 333 636
175 333 349
411 333 325
222 333 206
17 337 896
309 337 572
222 337 524
408 337 408
175 337 408
208 337 408
405 337 256
411 337 227
408 43 54
411 87 34
408 413 1078
208 413 562
309 413 451
405 413 229
175 413 176
17 375 467
405 375 241
411 375 230
408 375 226
408 402 707
208 402 562
309 402 451
405 402 327
222 402 167
175 402 158
17 402 158
408 415 1078
208 415 562
309 415 451
222 415 404
405 415 296
411 415 198
208 411 731
298 411 445
266 411 189
298 208 692
264 208 647
168 208 582
229 208 565
208 208 334
266 208 207
229 175 1053
264 175 847
298 175 734
266 175 486
168 175 486
208 175 337
298 405 835
208 405 492
168 405 258
229 405 245
298 408 827
208 408 816
266 408 364
229 408 339
229 222 886
264 222 847
208 222 689
298 222 596
266 222 383
168 222 236
168 17 1292
298 17 9
229 309 456
298 309 456
266 309 306
168 309 211
367 208 771
363 208 548
324 208 419
340 208 388
389 229 1026
340 229 639
324 229 419
349 229 404
389 298 615
343 298 299
324 298 211
340 298 211
363 298 211
389 264 1140
349 264 329
324 168 929
340 168 1048
367 168 844
367 266 426
133 363 1278
101 343 973
101 349 1276
133 349 1188
133 389 852
133 324 855
101 324 578
133 367 1300
133 340 1300
