304
14 18 2
32 18 129
381 18 42
562 18 65
641 18 34
719 18 786
14 96 176
32 96 52
719 96 781
14 513 961
601 513 222
32 513 725
381 513 611
562 513 447
641 513 449
719 513 838
14 641 961
601 641 276
32 641 725
381 641 421
562 641 447
641 641 449
719 641 838
14 687 961
601 687 160
32 687 725
381 687 735
562 687 325
641 687 450
719 687 838
14 702 1124
601 702 290
32 702 409
381 702 476
562 702 494
641 702 449
719 702 670
14 707 1084
601 707 171
32 707 338
381 707 727
562 707 447
641 707 449
719 707 858
14 756 961
601 756 348
32 756 725
381 756 727
562 756 207
641 756 312
719 756 858
14 764 1045
601 764 276
32 764 791
381 764 448
562 764 447
641 764 449
719 764 838
14 778 598
601 778 409
32 778 579
381 778 606
562 778 130
641 778 236
719 778 201
14 782 598
601 782 444
32 782 159
381 782 412
562 782 277
641 782 444
719 782 444
14 820 524
601 820 507
32 820 736
381 820 205
562 820 652
641 820 629
719 820 524
14 826 650
601 826 242
32 826 158
381 826 787
562 826 277
641 826 633
719 826 201
14 833 276
601 833 345
32 833 774
381 833 606
562 833 277
641 833 343
719 833 476
14 841 227
601 841 144
32 841 464
381 841 606
641 841 202
719 841 253
14 847 650
601 847 241
32 847 726
381 847 386
562 847 241
641 847 315
719 847 360
14 870 451
601 870 223
32 870 587
381 870 466
562 870 153
641 870 343
719 870 223
14 871 352
601 871 278
32 871 684
562 871 168
641 871 229
719 871 564
14 883 278
601 883 507
32 883 798
381 883 787
562 883 652
641 883 516
719 883 516
32 211 414
641 211 2
337 14 1161
691 14 227
646 14 14
800 14 3
718 601 1169
800 601 891
691 601 698
337 601 670
646 601 500
656 601 372
693 601 343
693 32 467
800 32 1278
691 32 59
337 381 1082
718 381 875
800 381 759
693 381 620
691 381 620
656 381 523
646 381 393
337 562 765
693 562 534
800 562 508
718 562 486
691 562 453
656 562 313
718 641 1169
800 641 891
691 641 698
337 641 594
656 641 584
646 641 367
693 641 191
800 719 263
337 719 1124
411 656 654
490 656 605
458 656 384
483 656 327
266 337 1088
490 337 650
216 337 634
411 337 327
32 337 314
483 337 256
458 718 316
411 718 477
411 646 1062
458 646 852
483 646 731
490 646 605
216 646 277
411 691 1062
216 691 963
490 691 605
483 691 410
458 691 333
411 693 1062
483 693 290
32 693 190
458 693 116
216 800 1185
490 800 166
411 800 293
368 266 709
402 266 659
139 266 476
429 266 258
402 32 50
429 32 55
368 458 1075
139 458 810
375 458 451
333 458 403
429 458 348
368 411 1154
402 411 940
139 411 788
333 411 403
429 411 348
375 411 335
139 483 1194
333 483 350
429 490 883
139 490 76
368 216 1169
402 216 322
333 216 197
408 333 683
433 333 287
433 429 1185
447 429 1058
442 429 1008
407 429 956
402 429 453
447 368 524
402 368 375
442 368 375
407 368 375
433 368 181
447 139 524
433 139 354
408 139 300
442 375 1267
407 375 1262
447 375 1028
402 375 771
436 375 607
433 402 1196
447 402 1058
442 402 1008
408 402 598
402 402 497
407 402 321
408 415 1044
402 415 543
436 415 543
407 415 478
433 415 352
442 415 223
208 442 1287
298 442 909
230 442 442
266 442 312
208 447 1296
298 447 680
266 447 312
344 447 200
208 407 1296
230 407 1042
298 407 646
266 407 312
208 402 1296
230 402 1072
298 402 931
266 402 312
344 402 283
208 408 1124
298 408 770
230 408 320
266 408 312
208 433 1300
344 433 730
266 433 264
298 436 931
208 436 905
344 436 730
266 436 312
214 208 1180
374 208 381
336 230 1025
374 230 380
368 230 315
374 298 987
368 298 855
355 298 460
374 266 1250
214 266 699
355 266 613
336 344 1025
374 344 875
214 344 679
355 344 613
368 344 315
349 344 241
101 336 1285
69 336 1270
69 355 1294
101 355 1155
101 368 1022
101 374 841
69 374 825
101 214 753
101 349 1285
69 349 995
