142
609 172 894
322 172 1160
609 392 1015
322 392 637
583 392 679
581 392 1215
609 435 1015
322 435 899
583 435 683
581 435 1215
609 471 974
322 471 238
583 471 683
581 471 1121
609 568 435
322 568 435
583 568 683
581 568 1042
609 570 1015
322 570 515
583 570 566
581 570 1215
609 576 1015
322 576 670
583 576 195
581 576 1137
609 657 1015
322 657 457
583 657 683
581 657 1155
609 674 1015
322 674 497
583 674 683
581 674 1189
322 250 1069
322 914 827
322 937 37
611 609 981
627 609 967
738 609 909
63 609 595
63 322 1235
627 322 977
738 322 879
611 322 491
738 583 1062
63 583 1015
627 583 949
611 583 130
611 581 981
627 581 967
738 581 909
63 581 595
13 738 1223
186 738 3
186 627 1165
483 627 745
13 627 586
483 611 1214
10 611 958
13 611 803
186 611 512
402 611 177
300 483 438
276 483 273
333 483 956
139 483 922
172 483 407
325 483 445
276 10 78
333 186 1090
139 186 929
325 186 700
172 186 427
276 186 394
300 186 221
172 402 860
325 402 725
300 402 631
276 402 631
333 13 128
408 300 1263
355 300 926
307 300 893
297 300 882
441 300 445
180 300 437
408 333 1218
297 333 1051
355 333 926
307 333 609
180 333 314
441 333 277
408 276 1066
355 276 926
441 276 585
180 276 533
297 276 533
408 139 1085
355 139 926
441 139 805
307 139 587
297 172 894
307 172 893
441 172 729
408 172 317
307 325 1073
441 325 825
408 325 634
355 325 634
264 307 1006
303 307 819
360 307 453
208 307 215
360 441 632
208 441 613
303 441 460
208 408 917
303 297 590
264 297 562
264 355 1006
208 355 674
303 355 605
360 180 746
208 180 735
264 180 607
303 180 590
214 208 1096
326 208 334
326 360 796
152 360 502
193 360 286
152 303 828
336 264 382
101 336 1291
101 415 1049
101 358 1240
152 214 1300
76 214 771
101 326 1297
76 193 1049
76 152 1287
