297
295 348 105
75 348 887
295 476 619
342 476 338
596 476 379
500 476 324
400 476 144
75 476 619
655 476 376
295 478 411
657 478 464
342 478 267
596 478 193
500 478 235
400 478 229
75 478 1099
655 478 349
295 514 723
657 514 570
342 514 472
596 514 303
500 514 219
806 514 145
400 514 216
75 514 648
655 514 171
295 531 379
342 531 235
596 531 390
500 531 201
806 531 518
400 531 168
75 531 926
655 531 321
295 608 420
657 608 150
342 608 235
596 608 334
806 608 308
75 608 764
655 608 344
295 697 197
657 697 131
596 697 231
500 697 235
806 697 502
400 697 153
75 697 1171
655 697 314
295 770 164
657 770 239
342 770 228
596 770 420
806 770 420
400 770 143
75 770 1097
655 770 420
295 772 508
657 772 646
596 772 473
500 772 139
806 772 911
400 772 175
75 772 794
655 772 480
295 780 326
657 780 252
342 780 178
596 780 180
500 780 687
400 780 411
75 780 918
655 780 391
295 782 508
342 782 178
596 782 507
500 782 393
806 782 949
400 782 113
75 782 486
655 782 272
295 806 585
657 806 192
342 806 297
596 806 507
500 806 159
806 806 887
400 806 697
75 806 682
655 806 480
295 808 230
657 808 646
342 808 172
596 808 481
500 808 687
806 808 404
400 808 697
75 808 394
655 808 408
295 812 508
657 812 645
596 812 481
500 812 422
806 812 186
400 812 697
75 812 602
655 812 408
295 854 539
342 854 179
596 854 481
500 854 687
806 854 321
400 854 697
75 854 539
655 854 396
295 875 508
657 875 168
596 875 383
500 875 287
806 875 116
400 875 221
75 875 695
655 875 391
295 876 508
657 876 192
342 876 297
596 876 481
500 876 124
806 876 911
400 876 697
75 876 472
655 876 480
295 883 153
657 883 192
342 883 179
596 883 499
500 883 416
806 883 911
400 883 697
75 883 486
655 883 480
657 737 236
342 737 431
596 737 147
500 737 201
806 737 349
400 737 185
75 737 499
655 737 349
657 853 172
596 853 481
400 853 697
75 853 695
655 853 369
75 941 182
801 295 1259
796 295 1071
751 295 815
732 295 637
636 295 208
788 295 144
796 657 899
801 657 888
636 657 573
788 657 437
751 657 344
732 657 179
788 342 964
796 342 964
751 342 642
732 342 637
801 342 355
636 342 293
796 596 966
801 596 843
732 596 685
636 596 573
788 596 372
751 596 363
801 500 1162
796 500 936
788 500 829
732 500 681
751 500 647
636 500 287
788 806 1111
801 806 1161
796 806 204
732 806 22
636 806 285
801 400 1244
788 400 728
751 400 575
732 400 539
796 400 513
636 400 328
788 75 1104
796 75 1233
801 75 138
796 655 899
788 655 758
801 655 667
636 655 573
732 655 308
751 655 299
254 732 691
54 636 856
439 636 372
142 636 329
370 636 170
370 796 925
142 796 1098
439 796 402
54 801 1114
439 788 612
254 788 765
142 788 13
370 751 555
439 751 947
142 751 117
94 54 1197
320 439 1186
87 439 1181
312 439 873
265 439 470
94 439 378
87 370 1258
94 370 1186
265 370 804
312 370 686
87 254 1158
265 254 1018
320 254 492
312 254 317
94 254 298
415 254 240
87 142 899
94 142 826
265 142 804
312 142 686
415 142 240
112 265 1140
100 265 797
170 265 731
250 265 611
175 265 562
251 265 325
112 87 1246
251 87 221
175 312 867
100 312 797
112 312 572
251 312 325
170 94 1126
250 94 860
251 94 443
175 94 12
251 415 242
112 320 1140
175 320 867
100 320 797
170 320 642
251 320 325
362 100 18
298 175 878
266 175 283
208 175 281
362 175 277
298 170 1268
208 170 830
266 170 285
219 170 178
362 112 2
298 251 753
362 250 1176
208 250 578
219 250 209
138 140 330
138 208 362
374 208 354
138 219 1048
377 219 631
382 219 495
374 298 871
379 298 639
355 298 334
374 266 1282
355 266 317
374 362 353
101 382 1152
101 377 808
101 336 1279
133 336 1209
101 355 1105
68 138 1193
101 374 1004
133 379 836
