201
625 423 484
634 423 489
398 423 742
655 423 1000
203 423 540
625 445 430
634 445 211
398 445 680
655 445 560
203 445 776
625 460 182
634 460 706
398 460 655
655 460 875
203 460 596
625 531 435
634 531 538
398 531 680
655 531 723
203 531 776
625 645 484
634 645 489
398 645 680
655 645 1103
203 645 762
625 674 266
634 674 315
398 674 680
655 674 871
203 674 728
625 719 243
634 719 489
398 719 376
655 719 1103
203 719 540
625 730 274
634 730 503
398 730 324
655 730 527
203 730 223
625 749 192
634 749 315
398 749 677
655 749 704
203 749 677
625 758 305
634 758 498
398 758 262
655 758 1103
203 758 540
625 883 211
634 883 1092
398 883 233
655 883 1193
203 883 559
625 884 515
634 884 1092
398 884 274
655 884 1201
203 884 630
398 10 154
655 10 343
203 116 664
663 625 1229
801 625 1151
651 625 692
789 625 670
636 625 382
801 634 1076
663 634 1076
636 634 616
651 634 254
789 634 197
743 634 138
789 398 1079
801 398 1013
663 398 866
743 398 714
636 398 385
651 398 199
663 655 1229
801 655 1151
789 655 670
636 655 504
743 655 478
651 655 349
789 203 1142
743 203 61
651 203 56
663 203 48
41 636 1294
297 636 1024
1 636 898
476 636 708
223 636 598
305 636 116
305 743 1033
297 743 3
476 743 562
1 743 4
223 651 1100
41 651 1083
1 651 898
297 651 564
244 801 1140
223 789 23
244 663 1224
223 663 1100
1 663 898
476 663 586
297 663 564
41 663 153
129 1 482
94 1 994
275 1 19
87 1 162
140 305 415
94 305 404
275 305 404
129 305 373
87 305 361
129 476 270
94 476 978
192 476 851
94 244 1106
87 244 483
140 244 415
275 244 385
192 244 206
192 41 203
140 223 1232
192 223 673
87 223 344
140 297 812
94 297 703
275 297 559
129 297 252
474 275 1166
208 275 589
170 275 434
250 275 434
175 275 253
223 275 247
474 140 1097
175 140 545
170 140 507
250 140 507
208 140 354
208 192 1149
175 192 1099
223 192 997
474 192 535
170 192 416
250 192 355
175 129 867
170 129 610
250 129 610
474 129 535
170 94 1132
250 94 769
175 94 10
223 87 1
289 208 1266
298 208 935
266 208 312
208 208 255
289 175 1207
298 175 916
208 175 297
266 175 283
208 250 575
289 250 517
266 250 390
298 250 221
298 170 1264
208 170 810
266 170 556
298 223 766
208 223 722
266 223 491
208 474 495
408 208 1274
374 208 625
326 208 413
344 298 1101
374 298 752
408 298 483
326 298 470
374 266 1260
408 266 1226
326 266 1038
397 266 302
408 289 1205
344 289 1168
326 289 815
397 289 699
133 397 1172
133 344 1152
96 408 983
133 374 1031
133 326 826
