110
150 217 1095
581 217 1161
282 217 961
150 241 1188
581 241 13
150 464 675
256 464 957
581 464 869
282 464 957
150 508 1025
256 508 930
282 508 930
150 525 629
256 525 1100
581 525 222
282 525 1063
150 614 923
256 614 244
581 614 573
282 614 240
150 661 955
256 661 713
581 661 667
282 661 630
150 681 629
256 681 611
581 681 926
282 681 506
150 692 629
256 692 606
581 692 222
282 692 303
282 1013 756
756 150 934
792 150 1285
804 150 1271
756 256 1209
804 256 1168
792 256 202
643 256 139
804 581 1181
643 581 1144
756 581 856
792 581 856
804 282 1069
756 282 913
792 282 623
643 282 139
352 792 1063
419 792 977
455 643 1045
417 643 522
352 643 502
419 756 1200
352 804 1218
419 804 479
143 417 1190
447 417 1131
434 417 219
143 419 1108
447 419 1092
78 419 734
434 419 620
447 352 1281
143 352 1044
434 352 936
78 352 548
447 455 1260
143 455 1057
78 455 734
434 455 455
373 434 1140
179 434 1098
237 434 916
209 434 761
237 447 1274
373 447 1140
179 447 1098
209 447 761
209 78 308
237 143 1054
209 143 894
373 143 567
331 237 1254
264 237 538
298 237 285
298 209 437
264 373 610
298 373 313
264 179 1027
298 179 499
379 331 674
389 264 1238
346 264 1162
348 264 1157
379 264 399
389 298 771
382 298 751
379 298 722
346 298 284
101 346 1291
133 346 928
133 389 928
101 382 1061
101 348 1067
133 348 1067
96 348 958
133 379 928
101 379 779
96 341 1248
