182
388 52 158
777 52 6
242 52 523
57 52 2
27 52 1215
388 423 383
665 423 300
777 423 515
242 423 367
57 423 1259
27 423 892
388 512 150
665 512 438
777 512 515
242 512 639
57 512 1240
27 512 1094
388 545 196
665 545 300
777 545 515
242 545 606
57 545 1239
27 545 892
388 570 264
665 570 677
777 570 449
242 570 639
57 570 894
27 570 1009
388 595 261
665 595 247
777 595 515
242 595 639
57 595 1219
27 595 1094
388 625 359
665 625 467
777 625 515
242 625 360
57 625 763
27 625 763
388 883 366
665 883 301
777 883 623
242 883 518
57 883 626
27 883 346
665 439 438
777 439 515
242 439 441
57 439 1261
27 439 892
665 744 575
777 744 696
242 744 355
57 744 1247
27 744 892
712 388 963
669 388 717
484 388 652
823 388 605
805 388 438
136 388 368
823 665 729
669 665 627
484 665 205
136 665 152
136 777 1137
484 777 85
712 777 128
669 777 5
805 242 991
136 242 1204
823 242 1
136 57 1220
712 57 70
484 27 1071
136 27 1256
805 27 72
229 823 225
292 823 3
121 484 1065
229 484 976
292 484 740
278 484 684
32 484 530
229 669 1251
121 669 1104
463 669 515
278 669 498
292 669 186
32 669 162
278 136 182
292 136 891
229 136 1279
121 136 1270
32 136 12
121 712 561
121 805 1015
292 805 1002
32 805 1
353 32 1061
353 229 1029
375 229 496
212 229 253
353 278 969
212 278 550
353 121 1095
212 121 384
353 292 851
212 292 384
375 292 214
375 463 1297
414 463 1295
390 463 1121
353 463 753
415 463 479
402 353 705
436 353 686
398 353 523
398 212 301
436 212 301
408 212 301
402 375 1122
398 375 596
436 375 565
416 375 565
412 375 316
402 390 1227
416 390 1220
412 390 1178
398 390 379
408 390 269
436 414 1057
398 414 999
402 414 977
416 414 874
412 414 348
408 414 269
416 415 939
412 415 939
436 415 911
402 415 911
398 415 911
408 415 601
208 402 1296
206 402 1187
208 408 1065
206 408 951
206 398 1249
208 398 700
437 398 232
436 398 232
206 416 1249
208 416 409
206 436 1090
208 436 1033
437 412 459
436 412 334
206 412 272
208 412 234
388 208 981
342 208 981
330 208 341
388 436 1155
330 436 1119
343 436 327
342 436 327
388 437 1118
330 437 1090
342 437 1080
343 437 497
342 168 616
330 168 653
388 168 1136
388 206 1127
342 206 1127
69 330 1049
152 342 1050
69 342 963
69 343 980
69 388 691
