245
601 422 434
665 422 418
182 422 1123
704 422 724
203 422 631
104 422 117
601 464 475
665 464 409
182 464 498
704 464 1039
203 464 631
104 464 195
601 469 454
665 469 250
182 469 454
704 469 1032
203 469 631
104 469 281
601 498 442
665 498 228
182 498 937
704 498 366
203 498 252
104 498 252
601 547 475
665 547 219
182 547 1045
704 547 518
203 547 462
104 547 404
601 622 459
665 622 219
182 622 1102
704 622 940
203 622 631
601 641 408
665 641 187
182 641 470
704 641 999
203 641 631
104 641 562
601 644 475
665 644 418
182 644 930
704 644 1081
203 644 631
104 644 496
601 668 653
665 668 219
182 668 585
704 668 1079
203 668 631
601 684 259
665 684 219
182 684 270
704 684 1121
203 684 631
104 684 153
601 685 653
665 685 379
182 685 724
704 685 441
203 685 533
104 685 762
601 699 475
665 699 187
182 699 385
704 699 917
203 699 631
104 699 260
601 708 501
665 708 218
182 708 501
704 708 1088
203 708 631
104 708 218
601 720 475
665 720 418
182 720 1032
704 720 1068
203 720 579
626 601 829
717 601 729
794 601 696
611 601 639
646 601 281
717 665 653
611 665 618
626 665 407
794 665 344
646 665 255
626 182 83
611 182 126
646 182 208
646 704 507
717 704 833
611 704 187
794 704 310
626 704 84
717 203 99
611 203 2
717 104 1005
458 794 812
432 794 801
211 794 81
463 794 3
463 646 1142
483 646 942
432 646 928
458 646 791
211 646 703
463 626 1151
483 626 942
432 626 928
458 626 791
211 626 703
463 611 1151
483 611 942
432 611 928
458 611 791
211 611 652
211 717 1264
483 717 472
333 458 833
139 458 666
264 458 620
234 458 585
375 458 426
308 458 366
333 432 833
375 432 703
139 432 666
264 432 620
234 432 392
308 432 366
234 483 61
139 483 857
333 483 788
264 483 18
308 211 1105
264 211 503
139 211 420
333 211 420
375 211 190
375 463 1294
333 463 770
139 463 666
264 463 620
415 463 340
234 463 320
408 333 953
405 333 926
214 333 847
411 333 513
364 333 469
411 308 1034
364 308 714
407 308 673
214 308 579
405 308 448
408 308 328
405 234 926
214 234 722
408 234 714
436 234 484
364 234 469
411 234 209
364 139 834
411 139 760
408 139 647
214 139 446
405 139 369
214 264 746
411 264 628
364 264 469
405 264 448
407 375 1283
436 375 496
405 375 278
214 375 278
411 375 207
408 415 1126
436 415 863
405 415 405
407 415 392
214 415 319
411 415 293
364 415 236
374 411 865
391 411 742
208 411 581
298 411 494
267 411 409
264 364 842
391 364 742
298 364 395
267 364 247
264 214 988
267 214 988
208 214 842
391 214 717
374 214 315
298 405 866
391 405 742
208 405 544
374 405 526
267 405 409
208 407 1293
298 407 716
374 407 660
267 407 409
391 407 382
374 408 977
208 408 953
298 408 788
267 408 409
391 408 212
374 436 904
298 436 866
208 436 782
267 436 409
214 208 1181
346 391 333
214 374 372
346 374 277
346 264 1104
348 264 1051
379 264 319
379 298 493
343 298 177
346 267 961
348 267 961
379 267 319
101 343 944
101 346 1273
134 346 980
134 336 1291
101 336 1273
152 214 1300
134 214 1160
101 349 1273
134 349 692
152 348 1244
101 348 1065
134 379 1172
