161
601 21 88
144 21 335
254 21 798
630 21 13
601 461 864
56 461 928
144 461 906
254 461 1109
630 461 701
601 474 604
56 474 649
144 474 613
254 474 906
630 474 931
601 475 745
56 475 379
144 475 745
254 475 567
630 475 701
601 504 623
56 504 551
144 504 623
254 504 567
630 504 701
601 508 771
56 508 771
144 508 771
254 508 749
630 508 785
601 561 794
56 561 529
144 561 755
254 561 481
630 561 475
601 678 587
56 678 649
144 678 1006
254 678 878
630 678 701
601 807 745
56 807 596
144 807 757
254 807 853
630 807 338
601 867 463
56 867 354
144 867 1002
254 867 376
630 867 906
601 993 16
56 993 695
144 993 52
254 993 9
56 985 556
144 985 810
630 985 663
626 601 1168
715 601 1104
611 601 889
808 601 121
808 56 1222
611 56 45
715 56 19
611 144 789
808 144 1066
626 144 29
808 254 174
715 254 8
626 630 1168
715 630 1104
808 630 976
611 630 848
227 715 149
432 715 987
483 626 1191
432 626 1129
227 626 1077
135 626 947
483 611 1191
432 611 1129
135 611 947
227 611 524
135 808 1270
234 135 735
333 135 735
264 135 378
139 135 291
333 432 1132
139 432 1104
264 432 952
234 432 641
333 483 1111
139 483 1206
234 483 126
264 483 13
139 227 1005
264 227 752
234 227 453
333 227 309
405 333 1222
364 333 768
163 333 758
411 333 723
405 234 1118
364 234 768
163 234 758
411 234 437
163 139 1157
411 139 1116
364 139 1106
405 139 417
391 139 230
411 264 960
163 264 793
364 264 768
405 264 719
391 264 230
391 364 1058
264 364 801
201 364 489
368 364 451
391 411 1042
233 411 801
368 411 455
201 411 411
208 411 331
267 411 278
391 163 1085
264 163 781
201 163 184
391 391 1042
208 391 554
201 391 489
368 391 455
233 391 236
391 405 1042
368 405 455
201 405 368
267 405 278
208 405 249
336 368 893
214 368 380
180 368 278
214 208 1221
180 391 1199
336 233 352
343 233 352
180 201 893
214 201 491
180 264 1167
348 264 1099
348 267 944
101 343 1052
101 355 1158
134 336 1299
101 336 1292
152 180 1300
152 214 1300
134 214 1241
152 348 1271
101 348 1173
