320
137 141 16
665 141 284
183 141 184
242 141 129
294 141 483
27 141 67
78 141 665
137 171 1
665 171 871
183 171 101
802 171 468
242 171 2
294 171 197
78 171 3
137 423 271
665 423 371
183 423 354
802 423 530
242 423 355
294 423 371
27 423 776
78 423 542
137 429 795
665 429 373
183 429 354
802 429 530
242 429 380
294 429 276
27 429 380
78 429 687
137 459 415
665 459 370
183 459 233
802 459 392
294 459 371
27 459 695
78 459 612
137 536 271
665 536 660
183 536 510
802 536 283
242 536 185
294 536 371
27 536 505
78 536 253
137 581 795
665 581 179
183 581 201
802 581 392
242 581 342
294 581 371
27 581 251
78 581 687
137 583 271
665 583 357
183 583 414
802 583 679
242 583 314
294 583 371
27 583 533
78 583 357
137 664 297
665 664 774
183 664 213
802 664 413
242 664 405
294 664 383
27 664 582
78 664 774
137 673 225
665 673 371
183 673 510
802 673 530
242 673 148
294 673 276
27 673 275
78 673 247
137 737 216
665 737 366
802 737 585
242 737 355
294 737 371
27 737 366
78 737 273
137 825 295
665 825 417
183 825 551
242 825 723
294 825 148
27 825 235
78 825 549
137 826 305
665 826 426
183 826 526
802 826 492
242 826 112
294 826 228
27 826 235
78 826 549
137 860 308
665 860 920
183 860 257
242 860 811
294 860 497
78 860 549
183 257 532
242 257 303
746 137 378
686 137 1219
805 137 1040
787 137 32
11 137 41
746 665 1030
686 665 1030
752 665 619
11 665 201
805 665 192
11 183 1061
484 183 7
686 802 864
11 242 536
805 242 1143
686 294 1053
805 294 910
787 294 904
484 294 903
746 294 538
11 294 381
752 294 140
484 27 1160
787 27 153
805 27 154
11 27 178
11 78 933
787 78 841
805 78 10
746 78 1
32 787 36
389 787 99
292 484 1190
198 484 538
32 484 538
402 484 457
358 484 435
389 484 394
212 484 225
358 752 9
292 805 1237
32 805 1
463 686 1273
389 686 745
212 686 714
292 686 526
358 686 500
465 686 444
402 686 444
198 686 400
402 11 95
358 11 835
292 11 1254
198 11 988
465 11 84
389 11 46
212 746 675
465 746 798
292 746 199
32 746 1
55 32 259
55 465 543
30 465 750
378 465 32
413 465 234
55 292 1162
378 292 881
413 292 755
30 292 430
375 292 347
55 402 1154
375 402 879
413 402 846
30 402 582
378 402 522
390 402 291
375 198 1130
30 198 1127
55 198 569
378 198 500
413 198 345
55 212 699
413 212 625
378 212 559
375 212 515
30 212 342
30 358 992
378 358 397
375 358 347
55 389 1162
378 389 881
413 389 755
30 389 744
375 389 548
390 389 495
415 389 398
414 389 234
375 463 1299
414 463 1288
390 463 927
413 463 406
415 463 406
30 463 163
55 463 161
291 30 919
232 30 367
408 30 3
402 375 990
436 375 608
416 375 608
398 375 508
232 375 425
291 375 238
416 413 1092
398 413 1088
436 413 1085
402 413 1003
408 413 945
232 413 269
291 378 783
436 378 653
398 378 653
402 378 640
416 378 482
232 378 444
408 378 406
291 55 479
408 55 18
232 55 3
402 390 1230
416 390 1185
232 390 774
398 390 578
291 390 363
408 390 324
416 415 918
402 415 821
436 415 821
398 415 821
232 415 668
408 415 650
436 414 1085
398 414 1060
402 414 1003
416 414 763
232 414 616
408 414 324
291 414 254
264 291 499
324 291 424
168 291 329
298 291 300
208 402 1296
374 402 1065
298 402 775
267 402 277
324 402 199
168 232 739
264 232 621
298 232 551
374 232 469
208 408 978
374 408 978
298 408 775
324 408 499
267 408 277
208 436 942
374 436 929
298 436 775
324 436 472
267 436 277
374 398 1155
208 398 614
324 398 472
374 416 1065
324 416 472
208 416 356
214 208 1123
342 208 891
330 208 383
340 208 383
368 374 814
214 374 341
343 374 252
379 374 204
379 264 390
368 264 342
368 298 753
379 298 575
343 298 314
368 267 626
379 267 390
342 324 661
379 324 390
343 324 278
330 168 600
342 168 588
340 168 1074
134 342 1292
152 342 1127
101 342 380
101 343 902
101 330 916
134 330 799
101 349 1261
134 349 799
134 368 1292
152 368 851
101 368 844
152 214 1300
134 214 1197
134 340 874
134 379 1191
