137
64 399 1032
758 399 1119
612 399 458
655 399 875
64 429 939
758 429 939
612 429 341
655 429 961
64 494 519
758 494 1073
612 494 216
655 494 639
64 642 1032
758 642 1069
612 642 764
655 642 917
64 685 859
758 685 714
612 685 684
655 685 639
64 708 1032
758 708 1119
612 708 702
655 708 639
64 788 884
758 788 799
612 788 969
655 788 839
64 848 417
758 848 417
612 848 317
655 848 1009
64 965 1038
758 853 348
612 853 753
655 853 1009
655 171 311
680 64 1241
730 64 554
724 64 1139
358 758 370
651 758 344
680 612 1235
724 612 1178
651 612 854
730 612 515
358 612 405
680 655 1059
724 655 816
358 655 578
651 655 578
730 655 368
338 724 1034
41 724 1223
443 724 139
41 730 70
374 730 603
105 730 2
62 651 1290
41 651 1068
338 651 251
62 680 1290
338 680 540
424 680 432
374 680 347
443 680 243
41 358 1261
105 358 717
443 358 383
62 358 383
374 358 369
338 358 369
477 424 1165
375 424 801
62 424 642
422 424 333
62 105 229
26 105 1203
375 105 57
477 374 1169
26 374 1149
241 374 666
62 374 652
375 443 1293
62 443 1091
477 443 974
422 443 653
62 41 1222
26 41 1184
375 41 105
62 62 873
477 62 568
422 62 334
26 62 112
62 338 896
26 338 896
241 338 643
477 338 472
422 338 347
222 26 366
433 26 399
208 26 7
433 422 1268
208 422 736
222 422 562
208 62 1080
222 62 375
433 62 46
114 62 4
114 241 1288
222 241 314
114 375 628
208 375 204
208 477 697
222 477 466
289 208 1043
264 208 533
198 208 354
208 208 316
416 208 294
198 114 1108
198 351 954
208 351 284
264 351 267
416 351 243
208 433 1300
416 433 1090
289 433 330
208 222 1052
264 222 850
198 222 697
408 208 1231
348 264 954
408 289 1173
96 408 873
96 348 1103
133 348 952
