168
694 113 5
139 113 757
694 326 14
93 326 686
139 326 1062
785 326 1109
694 393 765
93 393 233
139 393 378
785 393 762
655 393 534
694 557 258
93 557 141
139 557 878
785 557 1191
655 557 332
694 622 162
93 622 744
139 622 712
785 622 565
655 622 286
694 798 763
93 798 713
139 798 1185
785 798 705
655 798 708
694 800 482
139 800 783
785 800 778
655 800 802
93 740 294
139 740 878
785 740 1059
655 740 188
93 808 713
139 808 1019
785 808 550
655 808 602
93 838 459
139 838 288
785 838 663
655 838 802
93 852 713
139 852 913
785 852 663
655 852 386
93 858 713
139 858 1185
785 858 414
655 858 802
93 879 153
139 879 744
785 879 778
655 879 180
139 365 509
157 694 1217
732 694 919
776 694 919
801 694 803
675 694 161
732 93 1185
776 93 1290
675 93 223
801 93 3
675 139 712
157 139 1264
732 139 160
157 785 1284
801 785 175
675 785 2
732 785 1
801 655 1126
732 655 714
776 655 714
157 655 648
675 655 347
406 732 425
468 732 408
476 776 110
457 776 212
406 776 20
468 675 1229
457 675 788
476 675 747
406 675 715
457 801 360
476 157 1296
468 157 1282
406 157 420
94 468 1102
192 468 1010
261 468 1278
412 468 1
94 1 1131
87 1 342
94 476 1045
192 476 758
261 476 1169
261 406 634
87 406 607
412 406 448
307 406 387
261 457 1081
87 457 936
412 457 448
307 457 387
175 192 1195
223 192 1029
170 192 542
192 192 498
250 192 478
250 94 886
170 94 1139
175 94 6
223 87 4
175 307 1269
170 307 1005
250 307 904
223 307 275
223 261 1029
170 261 757
250 261 638
175 261 517
192 412 653
250 412 446
223 412 315
175 412 295
170 412 207
289 175 1146
298 175 952
358 175 791
266 175 268
208 175 238
298 170 1278
208 170 747
266 170 506
358 170 265
358 250 811
289 250 502
208 250 498
266 250 348
266 192 1192
298 192 724
208 223 644
298 223 554
358 223 554
266 223 434
395 208 523
374 208 523
344 358 1120
395 358 660
395 298 1247
344 298 1007
374 298 862
382 298 422
341 298 298
374 266 1271
395 266 389
344 289 1144
395 289 892
382 289 373
341 289 373
96 382 862
133 344 1121
96 341 1135
96 395 862
133 395 735
133 374 912
