179
609 197 36
793 197 1104
609 430 537
583 430 382
703 430 713
793 430 822
375 430 377
609 466 778
583 466 750
703 466 662
793 466 1177
375 466 624
609 511 300
583 511 616
703 511 865
793 511 1074
375 511 616
609 566 388
583 566 259
703 566 418
793 566 341
375 566 267
609 572 924
583 572 146
703 572 703
793 572 576
375 572 202
609 598 704
583 598 253
703 598 202
793 598 1147
375 598 337
609 609 704
583 609 750
703 609 388
793 609 1059
375 609 624
609 716 704
583 716 287
703 716 607
793 716 513
375 716 131
609 752 704
583 752 376
703 752 703
793 752 671
375 752 376
609 766 704
583 766 290
703 766 375
793 766 1142
375 766 290
609 867 187
703 867 853
793 867 853
375 867 943
793 359 858
375 359 907
643 609 1153
611 609 856
781 609 695
805 609 463
781 583 1030
805 583 934
643 583 903
805 703 934
781 703 834
611 703 277
643 703 139
805 793 1127
611 793 85
643 793 6
781 375 1218
805 375 1079
611 375 853
643 375 417
484 643 1273
483 643 612
145 643 260
69 643 208
138 805 527
484 805 1248
145 781 1088
138 781 1154
483 781 20
483 611 1220
484 611 1076
449 145 719
129 145 552
139 145 328
172 483 441
333 483 829
300 483 411
139 483 887
449 484 1225
129 484 344
300 69 143
129 69 195
449 69 277
333 138 599
449 138 594
129 138 552
297 333 1130
475 333 1051
355 333 755
307 333 689
475 300 1051
297 300 967
307 300 809
355 300 751
441 300 416
385 300 259
307 129 881
297 129 879
263 129 878
441 129 449
475 139 806
441 139 783
355 139 751
307 139 534
263 139 349
385 449 59
263 449 7
297 172 885
307 172 809
385 172 750
441 172 642
475 172 454
263 172 453
208 441 798
391 441 697
303 441 256
264 307 1086
303 307 947
168 307 836
208 307 695
391 307 659
264 475 459
391 475 855
303 475 52
208 385 1101
303 385 734
391 385 269
264 263 839
303 263 558
168 263 363
264 297 726
303 297 537
208 297 276
168 297 233
264 355 920
208 355 893
391 355 659
303 355 558
408 208 1178
214 208 1140
342 208 769
380 208 375
330 208 340
408 391 892
408 303 1000
348 264 1127
330 168 454
342 168 448
380 168 258
133 342 1279
96 342 909
101 330 895
101 214 577
101 408 1300
133 408 1050
96 408 730
101 380 1299
133 380 1233
101 349 1299
133 349 1132
101 348 1055
133 348 1055
96 348 1007
