165
482 664 542
270 664 321
149 664 1048
513 664 292
576 664 414
482 772 718
270 772 554
149 772 750
513 772 468
576 772 251
482 787 509
270 787 752
149 787 818
513 787 204
576 787 441
482 788 509
270 788 752
149 788 563
513 788 192
576 788 614
482 823 718
270 823 554
149 823 839
513 823 670
576 823 427
482 866 718
270 866 741
149 866 839
513 866 192
576 866 441
482 878 407
270 878 427
149 878 956
513 878 192
576 878 427
79 482 1070
742 482 1044
690 482 244
79 270 1000
742 270 1000
605 270 765
690 270 265
79 149 1006
742 149 990
690 149 204
742 513 1009
79 513 1009
605 513 684
690 513 333
742 576 1030
79 576 1030
690 576 670
605 576 603
364 742 949
322 742 1030
469 742 46
322 79 977
364 79 1089
469 79 203
469 690 951
322 690 761
364 690 595
161 690 198
469 605 972
364 605 595
161 605 572
322 605 509
412 469 304
337 469 583
402 469 1
39 364 915
387 364 893
394 364 867
412 364 706
415 364 263
402 364 216
39 322 915
387 322 893
394 322 867
412 322 706
39 161 915
387 161 893
394 161 867
412 161 706
337 161 291
402 161 291
17 337 928
320 337 900
309 337 765
365 337 693
408 337 396
197 337 170
17 39 1096
197 402 901
309 402 611
408 402 441
320 402 274
365 402 253
17 402 94
197 394 968
408 394 457
320 394 223
197 387 560
408 387 457
320 387 313
408 412 631
197 412 560
17 412 478
320 412 403
365 412 197
309 412 183
408 415 901
197 415 707
309 415 613
365 415 406
320 415 274
415 365 624
423 365 544
298 365 521
208 365 303
208 408 837
298 408 741
415 408 464
423 408 321
415 17 658
423 17 793
298 17 2
415 309 486
423 309 483
298 309 402
423 320 639
415 320 634
208 320 620
298 320 488
208 197 1065
423 197 674
415 197 634
214 208 882
388 208 736
324 208 635
340 208 392
374 208 392
324 415 1034
388 415 1031
340 415 1016
214 415 451
374 298 888
379 298 490
340 298 122
324 298 122
324 423 1034
388 423 1031
340 423 1016
379 423 705
374 423 299
133 379 859
101 374 821
95 374 624
133 374 567
95 324 1073
133 324 780
101 214 521
95 388 1073
101 388 701
133 340 1096
