374
137 62 2
182 62 59
247 62 434
189 62 1016
555 62 169
137 346 43
242 346 14
607 346 39
555 346 137
137 354 6
242 354 641
247 354 36
189 354 918
555 354 7
137 420 707
456 420 365
182 420 361
657 420 171
242 420 771
247 420 444
189 420 543
607 420 432
555 420 438
137 437 332
456 437 160
182 437 639
657 437 209
242 437 771
247 437 253
189 437 589
607 437 336
555 437 438
137 445 491
456 445 273
182 445 586
657 445 462
242 445 745
247 445 279
189 445 586
607 445 261
555 445 438
137 488 358
456 488 358
182 488 585
657 488 523
242 488 395
247 488 229
189 488 585
607 488 298
555 488 401
137 531 401
456 531 455
182 531 349
657 531 211
242 531 721
189 531 543
607 531 317
555 531 438
137 570 491
456 570 318
182 570 639
657 570 235
242 570 771
247 570 210
189 570 681
607 570 261
555 570 438
137 593 332
182 593 639
657 593 351
242 593 516
247 593 245
189 593 589
607 593 421
555 593 131
137 657 589
456 657 589
182 657 163
657 657 425
242 657 771
247 657 251
189 657 543
607 657 336
555 657 438
137 663 491
182 663 639
657 663 462
242 663 461
247 663 502
189 663 589
607 663 261
555 663 438
137 720 321
456 720 321
182 720 639
657 720 457
242 720 771
189 720 589
607 720 336
555 720 438
137 744 161
456 744 247
657 744 260
242 744 509
247 744 277
189 744 578
607 744 317
137 760 192
182 760 639
657 760 324
242 760 602
247 760 529
189 760 589
607 760 317
555 760 438
137 794 331
456 794 117
182 794 241
657 794 390
242 794 238
247 794 326
189 794 605
607 794 574
555 794 281
137 803 295
456 803 165
182 803 241
657 803 221
242 803 530
247 803 257
189 803 177
607 803 389
555 803 389
137 809 331
456 809 136
182 809 167
657 809 421
242 809 447
189 809 651
607 809 397
555 809 187
137 826 331
456 826 220
182 826 234
657 826 393
242 826 238
247 826 163
189 826 363
607 826 162
555 826 281
456 769 495
182 769 209
657 769 403
242 769 488
247 769 213
189 769 176
607 769 126
555 769 187
456 776 117
182 776 164
189 776 800
607 776 592
182 838 241
657 838 446
242 838 514
247 838 438
189 838 651
607 838 642
555 838 569
657 990 8
247 990 2
189 990 893
242 75 2
189 75 726
555 75 550
242 143 636
247 143 512
189 143 513
555 143 3
242 903 489
247 903 660
189 903 1148
805 137 1104
769 137 780
686 137 1121
154 137 323
154 456 1094
805 456 726
581 456 424
686 456 421
71 456 343
769 456 226
769 182 910
805 182 385
686 182 5
154 182 18
686 657 814
805 657 571
154 657 442
581 657 307
71 657 193
805 242 1176
154 242 869
769 242 90
71 242 2
154 247 655
805 247 886
581 247 567
71 247 8
805 189 1192
154 189 1149
769 189 151
581 607 872
686 607 814
71 607 664
805 607 452
154 607 434
769 607 244
154 555 1096
805 555 872
71 555 681
581 555 470
686 555 287
292 71 862
330 71 3
495 71 1
155 769 967
402 769 833
35 769 108
35 581 1091
463 581 988
495 581 527
402 581 455
292 581 182
155 581 121
495 805 1169
292 805 1010
155 805 318
35 805 46
330 805 7
463 686 1256
402 686 677
495 686 527
155 686 463
330 686 360
35 686 339
49 686 245
292 686 182
35 154 861
495 154 1194
155 154 472
292 154 278
49 154 121
330 154 6
4 495 1235
375 495 59
39 495 412
413 495 332
4 49 1247
413 49 201
55 402 1020
413 402 879
375 402 763
39 402 610
4 402 469
412 402 335
4 292 1091
55 292 1065
413 292 816
39 292 470
412 292 430
55 330 971
4 330 971
413 330 816
412 330 348
39 330 328
375 330 218
415 330 218
4 35 1090
375 35 1
4 155 1091
55 155 1065
413 155 907
375 155 507
39 155 203
375 463 1297
413 463 468
415 463 388
412 463 158
39 463 158
385 375 441
17 375 407
408 375 200
408 413 988
208 413 598
385 413 286
175 413 229
377 413 187
100 4 961
17 4 461
208 4 14
175 4 16
175 39 533
17 39 1291
100 39 68
385 39 37
385 412 1092
408 412 1020
208 412 416
17 412 322
408 55 39
100 55 186
208 55 3
377 55 10
385 415 827
408 415 753
208 415 598
168 100 381
233 208 866
168 208 723
298 208 711
267 208 691
360 208 443
208 208 282
233 175 1140
298 175 715
168 175 567
267 175 519
208 175 354
360 175 255
208 408 777
298 408 763
267 408 411
233 408 367
360 408 144
208 385 1265
233 385 822
360 385 691
298 385 330
168 17 1288
267 17 54
298 17 8
168 377 1232
360 377 627
233 377 404
342 208 931
330 208 516
367 208 482
348 208 255
349 208 244
330 360 659
349 360 244
367 168 732
342 168 504
330 168 497
330 233 800
349 233 376
343 233 376
348 233 357
342 233 312
343 298 402
330 298 289
342 298 226
348 298 212
348 267 956
101 349 1273
96 342 739
123 342 595
101 342 418
101 343 898
101 330 971
96 367 616
101 348 1165
96 348 739
