194
601 143 638
302 143 521
630 143 72
601 313 193
633 313 11
302 313 38
40 313 157
601 439 631
633 439 414
636 439 414
302 439 466
630 439 435
601 445 584
633 445 408
636 445 346
302 445 466
40 445 562
630 445 484
601 498 775
633 498 271
636 498 461
302 498 433
40 498 885
630 498 199
601 557 720
633 557 421
636 557 421
302 557 822
40 557 187
630 557 128
601 621 665
633 621 137
636 621 225
302 621 466
40 621 836
630 621 484
601 626 631
633 626 218
636 626 374
302 626 433
40 626 562
630 626 484
601 649 720
633 649 230
636 649 345
302 649 466
40 649 983
630 649 484
601 692 631
633 692 270
636 692 283
302 692 433
40 692 973
630 692 484
601 743 631
633 743 397
636 743 397
302 743 433
40 743 889
630 743 275
601 828 441
633 828 404
636 828 416
302 828 205
40 828 619
630 828 210
601 990 56
633 990 840
601 995 198
633 995 220
302 995 37
633 970 143
636 970 33
302 970 324
715 601 1074
626 601 929
794 601 819
611 601 544
71 601 327
626 633 638
794 633 638
715 633 638
71 633 404
611 633 315
715 636 1049
626 636 929
794 636 819
71 636 621
611 636 445
715 302 971
794 302 962
71 302 593
611 302 363
626 302 280
715 40 907
626 40 95
715 630 1027
626 630 929
794 630 819
71 630 415
611 630 315
134 71 756
525 71 1152
432 71 6
458 794 1004
432 794 935
525 715 688
432 715 851
458 715 751
483 626 1020
432 626 1008
458 626 993
134 626 964
483 611 1020
432 611 1008
134 611 1000
458 611 993
525 611 416
333 458 932
112 458 902
234 458 844
264 458 826
225 458 717
333 432 932
264 432 826
225 432 717
112 432 601
234 432 601
112 483 453
234 483 186
333 483 909
264 483 17
234 525 21
333 525 344
112 525 130
333 134 968
112 134 654
234 134 654
225 134 654
264 134 183
405 333 1123
493 333 789
364 333 592
411 333 567
405 234 923
493 234 789
364 234 592
411 234 285
493 112 406
364 112 688
411 264 810
493 264 789
405 264 646
364 264 592
493 225 778
364 225 592
405 225 570
411 225 533
391 225 256
391 364 872
368 364 454
201 364 444
168 364 331
391 411 841
368 411 472
267 411 396
201 411 362
208 411 325
168 411 138
391 391 841
368 391 472
201 391 362
208 391 294
391 405 841
368 405 472
267 405 396
201 405 293
208 405 227
168 405 200
201 493 707
368 493 823
340 208 297
379 368 662
349 368 408
348 368 324
348 391 372
379 391 372
348 267 967
379 267 372
340 168 1003
134 340 688
134 349 698
152 348 1170
134 379 1124
