131
601 434 380
633 434 187
712 434 1057
229 434 1231
601 448 716
633 448 136
712 448 1057
229 448 1231
601 479 323
633 479 285
712 479 1057
229 479 1231
601 559 797
633 559 355
712 559 703
229 559 703
601 605 662
633 605 683
712 605 1057
229 605 1231
601 640 536
633 640 369
712 640 1057
229 640 1231
601 693 1012
633 693 224
712 693 1057
229 693 1231
601 771 129
633 771 1034
712 771 697
229 771 1185
601 811 219
633 811 251
712 811 976
229 811 1185
601 814 1136
633 814 637
712 814 697
229 814 1185
601 827 572
633 827 694
712 827 697
229 827 1185
601 908 1
712 908 300
229 908 930
601 938 212
633 938 13
229 938 87
633 802 1031
712 802 697
229 802 949
691 601 1250
611 601 767
646 601 757
790 601 534
790 633 1183
691 633 1053
646 633 757
611 633 532
691 712 1207
790 712 629
691 229 1213
790 229 1273
350 790 753
458 790 582
483 646 1276
458 646 1225
432 646 990
350 646 897
483 691 1035
432 691 848
458 691 848
350 691 817
483 611 1276
458 611 1225
432 611 990
16 458 1134
333 458 1106
264 458 951
234 458 805
16 350 1255
333 350 734
264 350 357
234 350 275
333 432 1106
264 432 951
234 432 544
16 432 544
234 483 30
333 483 1045
16 483 744
264 483 24
405 333 1258
408 333 941
364 333 735
411 333 730
405 16 874
364 16 914
411 16 135
405 234 1090
408 234 941
364 234 735
411 234 304
411 264 1103
364 264 735
405 264 668
391 364 1001
264 364 881
267 364 470
391 411 978
307 411 932
267 411 378
208 411 313
391 405 978
307 405 851
267 405 672
208 405 225
208 408 745
267 408 672
374 208 337
349 307 344
379 267 305
349 264 322
69 343 1120
69 349 1100
134 349 935
69 355 1299
69 374 781
134 379 1260
