254
452 390 511
59 390 975
736 390 294
376 390 379
270 390 171
812 390 598
453 390 419
452 424 361
59 424 804
736 424 748
376 424 410
270 424 179
812 424 841
453 424 562
452 514 409
59 514 845
736 514 229
376 514 123
270 514 364
812 514 378
453 514 572
452 560 374
59 560 548
736 560 408
376 560 379
270 560 303
812 560 139
453 560 733
452 634 229
59 634 614
736 634 739
376 634 379
270 634 189
812 634 866
453 634 450
452 680 493
59 680 845
736 680 165
376 680 384
270 680 364
812 680 419
453 680 733
452 694 493
59 694 845
736 694 419
376 694 275
270 694 364
812 694 442
453 694 442
452 787 307
59 787 470
736 787 735
376 787 200
270 787 705
453 787 705
452 788 214
59 788 468
736 788 625
376 788 178
270 788 705
812 788 126
453 788 705
452 807 270
59 807 470
736 807 735
376 807 243
270 807 696
812 807 192
453 807 315
452 833 270
59 833 373
736 833 735
376 833 178
270 833 221
453 833 507
452 866 270
59 866 360
736 866 477
376 866 321
270 866 705
453 866 741
452 981 70
453 981 716
452 1022 458
59 1022 33
376 1022 144
59 842 373
736 842 431
376 842 166
270 842 705
812 842 565
453 842 705
796 452 985
651 452 632
158 452 537
636 452 390
605 452 355
605 59 749
651 59 848
636 736 445
796 736 625
651 736 48
158 736 12
605 736 5
796 376 768
158 376 744
651 376 581
605 376 551
636 376 157
796 270 768
605 270 735
158 270 686
651 270 402
636 270 399
636 812 115
796 812 908
796 453 1068
158 453 537
636 453 489
651 453 472
605 453 355
1 636 1085
467 636 1019
469 636 609
439 636 289
142 636 260
1 796 193
142 796 1090
439 796 482
1 651 975
467 651 919
469 651 567
142 651 562
439 651 289
467 605 1019
1 605 968
469 605 861
142 605 638
469 158 1178
1 158 81
337 1 407
265 1 291
87 1 710
87 439 1114
402 439 597
265 439 484
337 467 777
87 467 167
337 469 714
412 469 354
402 469 8
402 142 1074
412 142 889
265 142 873
337 142 791
87 142 780
415 142 352
480 337 996
17 337 984
320 337 957
309 337 730
319 337 617
208 337 378
408 337 310
438 337 289
17 265 813
309 265 763
480 265 684
438 265 377
408 265 310
320 265 291
319 265 274
319 87 214
438 87 394
480 87 250
320 87 3
408 402 688
309 402 605
208 402 504
320 402 155
319 402 144
408 415 1100
319 415 733
309 415 593
208 415 527
320 415 283
408 412 788
320 412 549
17 412 455
208 412 401
480 412 359
309 412 297
319 412 297
208 438 543
298 438 498
168 438 272
266 438 258
344 208 932
298 208 815
168 208 599
362 208 346
208 208 238
168 319 1118
266 319 1118
344 319 502
362 408 999
298 408 887
208 408 775
266 408 490
362 480 782
298 480 256
344 480 198
266 480 1
168 17 1266
298 17 9
362 309 1000
344 309 737
298 309 507
266 309 411
168 309 233
208 320 720
298 320 633
168 320 533
362 320 483
388 208 842
367 208 690
324 208 580
374 208 348
340 208 348
374 298 1010
340 298 199
324 298 199
374 266 1229
397 266 350
367 266 333
340 362 500
374 362 500
367 344 1120
374 344 756
388 344 296
324 168 1051
367 168 808
388 168 1152
340 168 1129
101 397 1269
133 397 1062
101 374 944
133 374 726
133 324 851
101 324 541
101 388 963
133 340 1272
101 340 532
133 367 1272
