89
197 338 1273
470 338 379
197 727 1235
470 727 779
503 727 1057
197 798 1102
470 798 941
503 798 1022
197 833 1223
470 833 689
503 833 693
197 836 1249
470 836 941
503 836 880
197 848 1249
470 848 861
503 848 1022
197 874 1249
470 874 674
503 874 674
197 893 1135
470 893 941
503 893 880
695 197 890
138 197 46
656 470 1002
796 470 889
695 470 753
138 470 262
695 503 1080
656 503 919
138 503 849
796 503 730
502 656 1083
370 656 674
522 656 654
394 656 423
370 138 151
522 138 1078
394 138 31
502 796 1296
370 796 1276
502 695 1083
394 695 1063
522 695 698
370 695 674
78 502 1185
87 502 1299
329 502 66
87 370 1288
329 370 1074
78 370 1004
87 394 1277
329 394 1130
78 394 1004
181 394 529
329 522 745
78 522 60
226 181 1207
193 181 896
346 181 340
438 78 132
438 87 775
226 87 420
226 329 1222
193 329 1007
438 329 370
424 438 759
407 438 730
426 438 494
426 226 563
407 226 409
50 193 1141
407 193 909
424 193 861
426 193 861
50 346 868
407 346 702
426 346 648
424 346 258
385 424 1135
330 424 329
385 50 1279
330 407 1142
385 407 229
385 426 1195
330 426 764
95 330 745
95 385 749
