111
609 421 905
770 421 964
581 421 964
620 421 400
609 752 527
770 752 739
581 752 418
620 752 739
609 769 372
770 769 756
581 769 994
620 769 463
609 782 372
770 782 322
581 782 727
620 782 231
609 798 461
770 798 756
581 798 994
620 798 463
609 830 679
770 830 756
581 830 994
620 830 463
609 836 368
770 836 756
581 836 994
620 836 463
609 849 998
770 849 756
581 849 994
620 849 474
609 881 998
770 881 756
581 881 994
620 881 474
643 609 1287
756 609 989
776 609 932
627 609 726
756 770 49
627 770 56
776 770 3
643 581 1287
627 581 1039
756 581 904
776 581 898
643 620 1287
627 620 1224
776 620 891
756 620 288
456 776 65
122 643 1232
445 643 1044
456 643 989
164 643 198
456 756 167
77 756 166
122 756 554
122 627 1232
164 627 623
456 627 313
77 627 228
445 627 218
129 456 335
129 122 1139
226 122 755
213 122 661
226 445 285
129 445 252
213 164 661
226 164 293
465 213 1094
297 213 1079
408 213 361
255 213 240
297 226 1280
263 226 761
255 226 725
465 226 550
263 129 1138
297 129 1061
465 129 715
408 129 482
289 255 1197
208 255 463
411 255 410
208 408 890
289 408 324
289 263 1001
303 263 458
208 263 451
411 263 410
411 297 1120
289 297 1063
303 297 400
411 465 326
408 208 1191
408 303 1062
341 411 1199
382 411 1169
408 289 1263
344 289 1112
101 344 1295
96 344 605
101 382 1016
96 382 903
101 408 1295
96 408 903
96 341 1232
101 341 769
