180
601 289 620
511 289 458
402 289 31
633 289 20
601 356 383
572 356 795
511 356 1
601 473 293
572 473 341
511 473 293
402 473 580
633 473 560
630 473 198
601 485 195
572 485 346
511 485 405
402 485 357
633 485 560
630 485 305
601 532 189
572 532 341
402 532 644
630 532 643
601 702 670
572 702 146
511 702 472
402 702 354
633 702 560
630 702 405
601 707 382
572 707 178
511 707 222
402 707 338
633 707 560
630 707 643
601 800 368
572 800 232
511 800 568
402 800 478
633 800 442
630 800 185
601 826 410
572 826 180
511 826 827
402 826 180
633 826 883
630 826 180
601 872 342
572 872 488
511 872 881
402 872 342
633 872 506
630 872 1102
601 884 993
572 884 533
511 884 876
402 884 222
633 884 883
630 884 367
601 969 2
572 969 800
511 969 992
572 9 844
633 9 532
572 177 1030
511 177 343
633 177 304
572 930 220
402 930 1
626 601 1252
715 601 1187
646 601 845
611 601 744
715 572 990
646 572 990
626 572 990
611 572 990
646 511 905
626 511 725
611 511 725
715 511 721
611 402 893
626 402 833
646 402 528
715 402 87
626 633 874
715 633 874
646 633 845
611 633 580
626 630 1251
715 630 1187
646 630 903
611 630 580
227 715 405
432 715 990
227 646 1236
483 646 1231
432 646 1158
306 646 165
227 626 1236
483 626 1231
432 626 1158
483 611 1231
432 611 1158
227 611 829
306 611 141
139 432 1134
333 432 1079
264 432 880
234 432 333
139 483 1271
333 483 1053
264 483 72
234 483 53
139 227 986
264 227 697
234 227 283
139 306 1253
333 306 1112
264 306 671
405 333 1249
214 333 766
163 333 730
411 333 707
364 333 653
405 234 1011
214 234 766
163 234 730
364 234 653
411 234 267
163 139 1126
364 139 1121
411 139 1083
214 139 625
405 139 544
163 264 945
411 264 822
214 264 766
405 264 708
364 264 653
391 364 1025
264 364 803
267 364 390
201 364 342
344 364 303
391 411 1012
344 411 658
267 411 520
208 411 498
201 411 277
267 214 1058
264 214 1050
391 214 987
208 214 940
344 214 779
391 163 1067
344 163 949
264 163 811
391 405 1012
267 405 540
208 405 498
201 405 218
214 208 1199
323 391 409
323 201 716
214 201 570
323 267 681
323 264 644
336 344 883
214 344 660
355 344 337
323 344 331
101 323 1198
134 336 1299
101 336 1294
101 355 1160
134 214 1250
101 214 544
101 343 1046
134 379 1236
