297
333 408 445
520 408 583
161 408 828
238 408 420
726 408 1201
581 408 445
104 408 256
333 447 616
520 447 694
161 447 730
238 447 716
726 447 1026
581 447 478
104 447 423
333 451 301
520 451 349
161 451 566
238 451 487
726 451 1039
581 451 665
104 451 692
333 475 532
520 475 299
161 475 828
238 475 420
726 475 1250
581 475 470
104 475 631
333 515 301
520 515 694
161 515 639
238 515 639
726 515 1204
581 515 336
104 515 423
333 563 301
520 563 299
161 563 828
238 563 304
726 563 1166
581 563 504
104 563 319
333 582 301
520 582 694
161 582 828
238 582 414
726 582 1127
581 582 317
104 582 174
333 621 301
520 621 299
161 621 828
238 621 299
726 621 1199
581 621 279
104 621 526
333 661 301
520 661 299
161 661 828
238 661 299
726 661 1226
581 661 639
104 661 515
333 670 301
520 670 349
161 670 828
238 670 642
726 670 1217
581 670 279
104 670 692
333 674 301
520 674 694
161 674 828
238 674 414
726 674 1253
581 674 380
333 690 648
520 690 517
161 690 828
238 690 420
726 690 1219
581 690 498
104 690 246
333 709 373
520 709 503
161 709 560
238 709 414
726 709 954
581 709 472
104 709 692
333 788 323
161 788 563
238 788 1058
726 788 900
581 788 682
104 788 592
333 815 402
520 815 548
161 815 363
238 815 198
726 815 273
581 815 610
104 815 473
161 365 562
726 365 668
104 365 8
161 778 528
238 778 413
726 778 898
581 778 422
104 778 166
709 333 821
719 333 821
769 333 638
651 333 596
35 333 542
746 333 403
769 520 617
746 520 593
709 520 575
719 520 518
35 520 518
651 520 518
627 520 511
35 161 1182
709 161 80
746 238 711
35 238 1095
719 238 1040
709 726 730
35 726 980
769 726 621
627 726 10
746 726 15
719 726 2
746 581 1100
709 581 1031
35 581 670
627 581 546
651 581 460
769 581 375
719 581 151
746 104 495
719 104 610
35 104 273
769 104 374
153 719 28
208 719 1185
94 719 609
402 719 7
153 709 308
402 709 292
208 709 67
347 35 986
208 35 1252
402 35 449
153 35 57
94 35 633
217 769 221
402 769 810
208 769 3
463 627 1204
94 627 484
217 627 320
208 651 647
153 651 503
402 651 480
217 651 175
208 746 449
347 746 901
50 94 953
292 94 69
292 153 864
50 153 763
413 153 481
292 208 864
50 208 763
413 208 481
413 402 848
375 402 781
50 402 655
129 402 613
50 217 837
413 217 681
292 217 290
415 217 267
50 347 648
292 347 607
413 347 498
375 347 387
271 347 316
375 463 1296
415 463 531
413 463 453
50 463 407
292 463 306
175 50 624
408 50 76
297 129 753
175 129 723
465 129 625
408 129 569
337 129 511
408 413 1097
398 413 1062
297 413 657
465 413 546
175 413 522
433 413 275
465 375 646
297 375 532
398 375 460
408 375 297
175 271 1032
465 271 796
398 271 737
408 271 507
276 271 504
337 271 383
433 271 379
175 292 1243
408 292 1226
276 292 881
297 292 712
433 292 602
465 292 452
337 292 383
408 415 873
398 415 753
297 415 657
465 415 546
276 415 292
175 415 289
433 415 275
337 415 249
310 175 1051
411 175 874
298 175 546
374 175 454
208 175 279
360 175 216
411 337 897
360 337 672
208 337 588
374 337 292
310 337 233
411 276 913
310 276 636
298 276 522
374 276 189
374 398 1160
208 398 580
310 398 580
360 398 234
374 408 986
208 408 781
298 408 729
310 408 634
360 408 181
208 433 1297
374 433 863
310 433 634
360 433 181
411 297 998
310 297 314
298 297 246
208 297 246
411 465 263
214 208 951
374 208 382
326 208 311
326 360 778
326 374 698
214 374 317
336 310 725
214 310 586
374 298 1061
382 298 242
355 298 241
214 411 1112
341 411 1096
382 411 978
336 411 752
355 411 475
374 411 394
326 411 356
101 382 1004
134 336 1286
101 336 1270
101 355 963
101 374 850
134 214 1131
101 214 575
101 326 1292
96 341 1162
134 341 964
101 341 805
