97
150 241 1181
581 241 5
150 454 1017
256 454 957
581 454 335
282 454 478
150 525 846
256 525 844
581 525 574
282 525 851
150 782 629
256 782 944
581 782 842
282 782 450
150 867 1254
256 867 648
581 867 529
282 867 403
150 869 1022
256 869 1055
581 869 529
282 869 215
150 893 1011
256 893 789
581 893 590
282 893 450
256 187 658
282 187 585
756 150 1126
804 150 1280
756 256 1254
804 256 1242
804 581 1258
756 581 1044
392 581 1012
804 282 1120
756 282 769
419 756 1274
419 392 1228
417 392 1173
352 392 1169
352 804 1266
419 804 826
143 417 1262
447 417 1218
434 417 479
143 419 1229
447 419 1191
434 419 817
447 352 1286
143 352 1192
434 352 1101
491 434 1282
373 434 1169
179 434 1110
237 434 954
237 447 1289
491 447 1282
373 447 1169
179 447 1110
237 143 1170
491 143 1145
373 143 722
331 237 1267
276 237 696
264 237 488
264 491 230
331 491 857
276 491 1128
276 373 868
264 373 507
331 373 238
264 179 967
276 179 493
415 179 413
331 179 238
379 331 871
385 331 566
389 264 1217
348 264 1214
379 264 539
379 276 871
389 276 789
382 276 733
385 276 683
348 276 531
382 415 1068
133 389 903
137 389 847
101 382 1165
137 382 847
137 385 847
101 385 802
137 348 1251
101 348 1224
133 348 1143
133 379 903
