147
677 778 831
315 778 455
769 778 666
581 778 359
677 782 831
315 782 455
769 782 1036
581 782 649
677 817 831
315 817 289
769 817 1196
581 817 797
702 817 120
677 821 568
769 821 1196
581 821 800
677 842 568
315 842 455
769 842 895
581 842 859
702 842 507
677 847 831
315 847 455
769 847 803
581 847 763
702 847 164
677 870 748
315 870 289
769 870 962
581 870 797
702 870 584
677 881 831
769 881 391
581 881 763
702 881 390
677 882 568
315 882 455
769 882 889
581 882 436
702 882 243
677 892 258
315 892 423
769 892 962
581 892 797
702 892 1065
677 895 831
315 895 245
769 895 334
581 895 186
702 895 269
769 22 1224
581 22 74
769 250 626
702 250 729
627 677 1250
709 677 995
680 677 817
709 315 1053
730 315 836
680 315 567
627 315 567
709 769 1203
627 769 107
680 769 65
680 581 1036
627 581 978
730 581 915
709 581 871
680 702 1259
627 702 978
730 702 915
709 702 429
469 709 77
164 709 4
263 730 953
469 730 950
62 627 1282
263 627 1139
469 627 1123
164 627 818
424 627 173
62 680 1282
469 680 1123
424 680 441
263 680 267
477 263 1208
509 263 1072
201 263 769
271 263 722
241 263 427
477 424 1284
509 424 879
201 424 696
477 469 1205
477 62 1112
509 62 405
271 62 438
509 164 1100
271 164 834
477 164 826
201 164 804
241 164 402
367 509 1057
255 241 464
367 241 362
175 271 1124
255 271 1123
367 271 1020
408 271 584
369 271 571
367 477 479
255 477 783
255 201 1273
369 201 571
408 201 378
175 201 375
367 201 230
229 175 1031
310 175 1010
257 175 661
198 255 867
310 255 692
257 255 661
229 255 593
257 369 1035
310 369 692
229 369 541
198 369 384
310 408 615
229 408 427
229 367 1031
310 367 1010
198 367 867
257 367 801
154 198 351
408 198 308
408 310 262
408 257 1227
344 257 1064
382 257 591
154 257 351
96 382 797
96 408 797
70 344 634
96 344 521
96 341 1215
70 154 578
