361
665 404 511
482 404 361
787 404 464
487 404 378
308 404 527
395 404 631
425 404 694
781 404 814
665 712 525
482 712 232
787 712 464
487 712 481
308 712 671
395 712 257
425 712 573
781 712 821
665 720 268
787 720 515
487 720 378
308 720 527
395 720 631
425 720 684
781 720 821
665 745 510
482 745 319
787 745 510
487 745 378
308 745 671
395 745 582
425 745 601
781 745 361
665 777 573
482 777 510
787 777 350
487 777 251
308 777 203
395 777 810
425 777 216
781 777 716
665 787 573
482 787 540
787 787 250
487 787 444
308 787 190
395 787 449
425 787 381
781 787 613
665 788 310
482 788 421
487 788 271
308 788 127
395 788 810
425 788 444
781 788 612
665 789 336
482 789 284
787 789 537
487 789 427
308 789 595
395 789 645
425 789 444
781 789 518
665 795 573
482 795 552
787 795 204
487 795 468
308 795 644
395 795 449
425 795 369
781 795 842
665 803 573
482 803 421
787 803 350
487 803 123
308 803 190
395 803 449
425 803 483
781 803 434
665 811 430
482 811 552
487 811 160
308 811 190
395 811 446
425 811 483
781 811 142
665 812 654
482 812 411
787 812 350
487 812 444
308 812 299
395 812 620
425 812 138
781 812 716
665 815 205
482 815 337
787 815 537
487 815 160
308 815 644
395 815 810
425 815 217
781 815 636
665 819 241
482 819 552
787 819 133
487 819 444
308 819 190
395 819 117
425 819 483
781 819 842
665 825 573
482 825 552
787 825 350
487 825 317
308 825 190
395 825 810
425 825 338
781 825 716
665 832 654
482 832 552
787 832 259
487 832 373
308 832 168
425 832 353
781 832 575
665 855 573
482 855 284
787 855 259
487 855 160
308 855 458
395 855 810
425 855 483
781 855 842
665 857 363
482 857 498
787 857 537
487 857 309
308 857 288
395 857 183
425 857 217
781 857 842
665 868 397
482 868 493
787 868 350
487 868 160
308 868 190
395 868 810
425 868 230
781 868 716
482 111 17
787 111 60
487 111 17
308 111 5
395 111 175
425 111 357
781 111 3
581 665 706
668 665 534
596 665 362
747 665 357
801 665 250
640 665 226
600 665 176
801 482 1004
668 482 778
640 482 629
747 482 518
796 482 428
581 482 365
600 482 294
596 482 262
747 787 163
801 787 100
747 487 459
600 487 434
796 487 385
581 487 365
801 487 319
596 487 259
801 308 959
668 308 581
747 308 562
596 308 443
600 308 434
640 308 316
796 308 196
801 395 915
796 395 667
668 395 581
600 395 484
581 395 484
596 395 478
747 395 459
640 395 361
796 425 536
668 425 505
747 425 488
640 425 465
600 425 434
801 425 168
640 781 97
35 747 1279
461 747 629
35 596 949
1 596 629
414 596 584
457 596 252
322 596 244
414 640 810
54 640 425
457 640 419
322 640 244
414 668 1000
54 668 886
322 668 701
457 668 673
35 668 611
457 600 1013
322 600 510
463 600 469
414 600 460
54 600 425
461 600 331
35 600 221
35 581 1174
414 581 1000
54 581 959
457 581 673
463 581 640
1 581 545
322 581 470
414 796 46
31 796 857
1 796 159
457 796 31
54 801 1006
457 801 243
77 1 106
94 1 694
94 54 1088
412 54 39
78 54 10
375 457 1250
387 457 879
412 457 515
77 457 465
415 457 323
78 457 134
39 31 426
77 35 2
39 322 1107
77 322 1031
412 322 679
387 322 679
94 322 596
78 322 280
39 461 1052
387 461 772
78 461 624
412 461 515
77 461 465
415 461 285
375 414 1185
39 414 831
415 414 767
412 414 527
375 463 1296
77 463 899
415 463 576
39 463 254
412 463 254
94 463 192
100 78 804
408 78 16
100 77 13
170 94 1056
250 94 801
175 94 11
17 375 650
436 375 650
250 375 188
175 39 358
17 39 1293
100 39 28
408 412 906
436 412 905
17 412 343
250 412 249
408 415 834
436 415 587
436 387 1051
408 387 656
170 387 439
175 387 171
168 100 261
362 100 16
298 175 836
168 175 385
208 175 275
362 175 267
362 250 1179
168 250 1053
415 250 569
437 250 569
208 250 229
298 250 201
298 170 1252
168 170 1053
208 170 410
415 170 235
437 170 235
362 408 1047
298 408 902
208 408 781
415 408 383
415 17 715
168 17 1298
437 17 225
298 17 7
168 193 1131
437 193 1073
415 193 675
362 193 267
208 193 204
298 193 121
298 436 1050
208 436 813
415 436 211
388 208 1005
367 208 595
363 208 584
340 208 472
388 437 1087
340 437 1024
343 437 543
349 437 462
388 415 1236
340 415 1182
343 415 543
349 415 462
379 298 721
343 298 303
340 298 269
363 298 224
340 362 639
340 168 1138
388 168 1195
367 168 866
133 363 1286
95 363 1206
95 343 825
133 349 1213
95 349 867
134 349 763
133 340 1300
134 340 866
95 388 1251
134 388 1130
133 367 1300
95 367 1251
134 379 1211
133 379 836
