190
601 395 452
511 395 677
633 395 496
824 395 1005
678 395 278
684 395 712
601 405 167
511 405 200
633 405 496
824 405 909
684 405 166
601 485 104
511 485 782
633 485 496
824 485 1005
684 485 712
601 579 258
511 579 202
633 579 496
824 579 1017
684 579 712
601 702 594
511 702 274
633 702 496
824 702 481
678 702 448
684 702 192
601 766 483
511 766 539
633 766 496
824 766 971
678 766 217
684 766 712
601 825 296
511 825 767
824 825 918
678 825 741
684 825 322
601 826 368
511 826 709
633 826 798
824 826 582
684 826 259
601 860 332
511 860 336
633 860 792
824 860 360
678 860 579
684 860 514
601 928 157
824 928 729
601 951 528
633 951 777
824 951 215
601 1010 775
824 1010 875
511 177 374
633 177 323
824 177 619
824 930 169
626 601 1264
611 601 977
646 601 918
646 511 934
626 511 733
611 511 719
646 633 851
626 633 851
611 633 846
626 824 1148
646 824 292
626 678 1211
611 678 998
646 678 918
626 684 1191
611 684 977
646 684 918
483 646 1257
227 646 1161
432 646 1101
458 646 1082
463 646 1026
483 626 1257
227 626 1161
432 626 1101
458 626 1082
463 626 1026
483 611 1257
432 611 1101
458 611 1082
463 611 1026
227 611 635
333 458 1093
139 458 1075
264 458 826
300 458 359
333 432 1093
139 432 1075
300 432 872
264 432 826
139 483 1229
333 483 1050
300 483 265
264 483 50
139 227 956
264 227 593
300 227 542
333 227 246
333 463 1093
139 463 961
264 463 826
415 463 386
300 463 359
408 300 1203
364 300 673
411 300 566
163 300 566
214 300 566
405 300 411
405 333 1234
408 333 1048
214 333 921
163 333 713
411 333 521
364 333 485
163 139 1095
364 139 1033
411 139 1007
408 139 706
214 139 608
405 139 411
163 264 801
214 264 785
411 264 701
405 264 580
364 264 485
408 415 1203
405 415 537
214 415 352
163 415 272
364 415 219
391 411 1022
374 411 1020
344 411 711
208 411 475
267 411 454
391 364 1038
264 364 900
267 364 379
344 364 272
264 214 1074
267 214 1074
391 214 981
208 214 855
344 214 782
391 163 1070
344 163 920
264 163 791
391 405 1022
374 405 571
267 405 536
208 405 475
374 408 1067
208 408 1004
267 408 536
391 408 284
214 208 1125
374 208 271
389 391 930
368 374 765
214 374 330
389 267 956
368 267 574
389 264 1216
336 264 332
336 344 895
374 344 886
214 344 603
355 344 354
133 389 876
134 336 1299
101 336 1298
133 336 1257
101 355 1138
134 368 1299
133 368 1257
101 368 1012
101 374 1023
134 214 1226
101 214 640
