142
703 160 59
793 160 749
703 221 744
793 221 101
554 221 1005
703 478 655
793 478 387
554 478 813
375 478 595
703 574 727
793 574 393
554 574 889
375 574 859
703 635 908
793 635 1126
554 635 493
375 635 214
703 749 648
793 749 582
554 749 1107
375 749 666
793 95 1145
554 95 1175
375 95 369
793 147 1
554 147 1250
375 147 242
793 197 1119
554 197 1004
793 247 570
554 247 1043
793 359 909
554 359 563
375 359 1007
576 703 1099
805 703 902
611 703 248
662 703 240
662 793 1027
576 793 945
805 793 1040
611 793 62
805 554 1028
611 554 878
576 554 621
662 554 203
805 375 1063
611 375 808
576 375 606
662 375 531
484 662 1255
90 662 848
483 662 511
463 662 511
122 662 281
484 576 1255
483 576 861
90 576 848
204 576 407
122 576 225
484 805 1232
204 805 289
122 805 37
463 611 1246
483 611 1217
484 611 1112
122 611 943
90 611 301
204 611 101
449 145 817
76 145 419
129 145 290
300 90 808
325 90 87
129 90 38
76 90 22
129 122 1071
300 122 943
76 122 309
449 122 220
325 483 750
300 483 611
449 484 1179
129 484 123
325 484 13
449 204 799
76 204 751
325 204 730
300 204 332
300 463 756
449 463 315
129 463 178
408 300 1277
355 300 786
297 300 669
307 300 626
297 129 970
307 129 813
408 129 462
241 449 884
355 76 687
307 325 813
408 325 532
355 325 532
264 307 1014
168 307 806
202 307 582
208 307 240
208 408 885
374 408 860
374 436 925
208 436 656
264 297 647
208 297 243
168 297 233
374 355 1201
264 355 941
208 355 570
202 355 463
168 241 828
264 241 730
202 241 463
208 241 167
380 208 446
330 208 409
152 202 452
359 202 300
152 374 800
330 168 557
380 168 270
359 264 369
349 264 301
101 359 1287
145 330 1104
101 330 917
145 343 1277
101 343 943
76 152 1276
101 349 1287
145 349 1104
145 380 1277
101 380 1244
