259
728 396 430
813 396 458
805 396 676
818 396 560
665 396 385
708 396 164
728 403 900
813 403 900
805 403 900
818 403 566
708 403 800
728 422 724
813 422 724
805 422 724
818 422 268
665 422 322
708 422 606
728 459 182
813 459 745
805 459 1005
818 459 312
665 459 322
708 459 179
728 466 946
813 466 911
805 466 1169
818 466 268
665 466 370
708 466 221
728 483 360
813 483 649
805 483 1005
818 483 268
665 483 322
708 483 191
728 487 422
813 487 745
805 487 480
818 487 516
665 487 385
708 487 422
728 491 946
813 491 911
805 491 969
818 491 439
665 491 374
708 491 525
728 525 505
813 525 696
805 525 316
818 525 516
665 525 385
708 525 505
728 540 492
813 540 610
805 540 244
818 540 345
665 540 244
708 540 573
728 562 946
813 562 911
805 562 1055
818 562 438
665 562 385
708 562 272
728 582 946
813 582 911
805 582 1042
818 582 516
665 582 385
708 582 874
728 603 900
813 603 900
805 603 900
818 603 594
665 603 430
708 603 812
728 625 731
813 625 731
805 625 731
818 625 516
665 625 385
708 625 510
728 659 684
813 659 684
805 659 684
818 659 426
665 659 385
708 659 606
728 812 471
813 812 490
805 812 257
818 812 338
665 812 568
708 812 435
813 832 521
805 832 520
818 832 934
665 832 642
708 832 419
727 728 1206
550 728 1
744 813 1163
727 813 1070
550 813 1275
677 813 17
787 813 39
769 805 70
727 805 1122
677 805 18
658 805 24
727 818 214
744 818 341
658 818 389
677 818 14
550 818 2
550 665 823
658 665 637
744 665 466
727 665 362
769 665 225
677 665 170
550 708 1098
677 708 2
769 708 2
217 787 1174
157 787 37
71 769 274
217 769 496
176 769 214
157 769 6
13 658 698
48 658 555
176 658 474
157 658 314
463 658 167
71 677 709
13 677 641
48 677 609
176 677 474
157 677 314
463 677 201
48 727 1298
217 727 60
71 727 22
176 550 872
48 550 826
463 550 753
71 550 701
13 550 642
157 550 156
71 744 185
176 744 1262
13 744 197
375 48 855
415 48 4
375 157 633
77 157 269
412 157 235
390 176 1028
375 176 975
414 176 792
77 176 341
415 176 232
77 71 506
375 71 1038
375 217 636
77 217 241
414 217 235
390 217 235
375 13 1299
415 13 13
375 463 1300
414 463 1299
390 463 995
77 463 790
415 463 426
412 463 250
402 375 1173
416 375 648
436 375 638
398 375 552
408 375 240
402 77 524
436 412 1036
402 412 1036
398 412 1036
408 412 817
416 412 272
175 412 213
416 390 1223
402 390 1199
408 390 398
398 390 383
175 390 113
416 415 948
402 415 865
436 415 865
398 415 865
408 415 674
402 414 1154
398 414 1077
436 414 1057
416 414 741
408 414 398
175 414 200
233 175 842
208 175 536
140 175 516
267 175 449
168 175 202
140 402 1300
208 402 1299
206 402 1199
267 402 252
233 402 129
208 408 1139
140 408 1084
206 408 875
233 408 557
267 408 252
206 398 1256
140 398 973
208 398 860
233 398 473
208 436 1130
140 436 1130
206 436 1029
233 436 1018
267 436 252
206 416 1256
233 416 1018
140 416 973
208 416 327
238 140 1185
388 208 956
342 208 956
340 208 391
330 208 391
340 233 820
330 233 820
379 233 558
342 233 261
388 233 261
379 267 396
330 168 584
388 168 1149
340 168 1108
342 168 540
388 206 1089
342 206 1089
379 206 558
134 342 1294
152 342 1242
134 330 895
134 388 1162
134 340 929
134 379 1162
152 238 1300
