237
601 14 11
631 14 4
601 397 390
317 397 359
678 397 252
631 397 252
590 397 351
636 397 614
601 531 505
317 531 316
678 531 251
631 531 135
590 531 351
636 531 614
612 531 251
601 574 229
317 574 316
678 574 551
631 574 185
590 574 324
636 574 614
612 574 621
601 622 333
317 622 415
678 622 368
590 622 351
636 622 614
612 622 391
601 671 266
317 671 654
678 671 238
631 671 266
590 671 625
636 671 614
601 685 295
317 685 729
678 685 820
590 685 141
636 685 614
612 685 621
601 686 695
317 686 279
678 686 551
590 686 173
636 686 614
612 686 621
601 699 172
317 699 654
678 699 551
590 699 698
636 699 412
612 699 621
601 745 445
317 745 183
590 745 718
636 745 614
612 745 222
601 789 483
317 789 845
631 789 790
590 789 237
636 789 205
612 789 208
601 816 630
317 816 845
678 816 353
631 816 373
590 816 308
636 816 401
612 816 174
601 839 126
317 839 845
631 839 660
590 839 127
636 839 186
612 839 135
317 172 420
678 172 76
317 842 845
631 842 429
590 842 429
636 842 585
612 842 299
626 601 1023
611 601 881
646 601 705
815 601 533
680 601 114
626 317 786
680 317 749
646 317 707
611 317 538
815 317 440
611 678 881
626 678 862
646 678 705
680 678 663
815 678 334
815 631 709
626 631 706
646 631 630
680 631 460
611 631 381
626 590 872
611 590 794
815 590 709
646 590 630
680 590 460
626 636 929
611 636 881
646 636 716
815 636 640
680 636 554
680 612 962
626 612 872
815 612 709
646 612 630
611 612 538
168 815 336
244 815 20
463 815 2
483 815 2
41 646 1242
463 646 1110
483 646 1087
186 646 912
458 646 751
41 626 1129
463 626 1110
483 626 1087
458 626 751
168 626 346
186 626 252
168 680 817
244 680 652
483 680 609
458 680 505
186 680 243
463 611 1110
483 611 1087
168 611 817
458 611 751
41 611 671
186 611 252
333 458 908
139 458 702
68 458 644
300 458 504
375 458 430
300 483 356
139 483 902
333 483 818
68 483 110
300 244 785
375 244 523
333 168 415
375 168 370
129 168 370
375 41 87
415 41 6
333 186 987
139 186 909
68 186 755
415 186 243
300 186 237
375 463 1296
333 463 843
139 463 652
300 463 504
415 463 290
68 463 290
408 333 1104
475 333 908
355 333 618
307 333 569
364 333 307
408 300 1168
475 300 908
364 300 772
307 300 706
355 300 547
441 300 452
307 129 726
364 129 658
441 129 493
408 129 376
364 139 1018
475 139 837
408 139 837
441 139 751
355 139 547
307 139 400
364 68 704
475 68 129
355 68 286
307 68 140
475 375 863
355 375 541
441 375 479
364 375 352
408 415 1090
355 415 876
475 415 525
307 415 374
441 415 219
264 364 865
391 364 766
198 364 718
391 441 756
208 441 677
264 307 865
391 307 760
208 307 632
198 307 457
267 307 341
391 475 855
264 475 365
198 475 430
208 408 1070
391 408 375
267 408 323
208 355 991
264 355 865
391 355 713
198 355 457
267 355 420
214 208 1197
408 208 1184
408 391 792
408 267 775
101 382 1147
96 382 828
96 341 1201
152 214 1299
101 214 527
101 408 1293
96 408 828
