329
695 395 270
673 395 356
32 395 284
685 395 519
667 395 680
641 395 399
736 395 486
719 395 865
695 492 747
673 492 356
32 492 466
685 492 519
667 492 680
641 492 188
736 492 447
719 492 865
695 557 747
673 557 411
32 557 154
685 557 519
667 557 680
641 557 464
736 557 479
719 557 865
695 652 747
673 652 411
32 652 209
685 652 519
667 652 680
641 652 479
736 652 415
719 652 865
695 677 747
673 677 371
32 677 279
685 677 536
667 677 680
736 677 546
719 677 865
695 693 171
673 693 415
32 693 186
685 693 519
667 693 680
641 693 497
736 693 558
719 693 740
695 717 747
673 717 253
32 717 240
685 717 519
667 717 680
641 717 257
736 717 384
719 717 865
695 729 165
673 729 208
32 729 253
685 729 519
667 729 680
641 729 295
736 729 454
719 729 865
695 776 407
673 776 561
32 776 139
685 776 432
667 776 503
641 776 486
736 776 356
695 782 407
673 782 300
32 782 153
685 782 432
667 782 496
641 782 251
736 782 238
719 782 251
695 806 330
32 806 482
685 806 315
641 806 120
736 806 317
695 811 764
673 811 330
32 811 770
685 811 773
641 811 486
736 811 125
719 811 462
695 821 330
673 821 330
32 821 482
685 821 773
667 821 309
641 821 486
736 821 287
719 821 216
695 825 267
673 825 330
32 825 304
685 825 773
667 825 496
641 825 370
695 826 330
673 826 175
32 826 391
685 826 296
667 826 264
641 826 588
695 854 465
673 854 561
32 854 465
685 854 280
641 854 587
736 854 356
719 854 373
695 857 330
673 857 330
32 857 394
685 857 338
667 857 496
641 857 270
719 857 274
695 870 330
673 870 175
32 870 482
685 870 334
667 870 539
641 870 228
695 883 330
673 883 330
32 883 482
685 883 731
641 883 378
736 883 181
719 883 261
42 695 566
691 695 462
790 695 380
808 695 365
800 695 224
636 695 211
796 695 182
800 673 851
691 673 547
790 673 403
42 673 342
808 673 309
796 673 269
636 673 211
611 673 142
800 32 1292
808 32 973
790 32 248
42 32 124
691 32 95
611 32 30
42 685 598
790 685 458
800 685 213
796 685 213
808 685 213
691 685 155
636 685 155
611 685 131
800 667 851
691 667 547
808 667 340
611 667 301
790 667 244
636 667 211
796 667 182
42 667 166
800 641 851
42 641 598
691 641 547
790 641 491
808 641 359
636 641 211
796 641 186
796 736 180
636 736 224
790 736 220
42 736 9
808 719 253
636 719 237
800 719 331
411 636 1039
1 636 873
54 636 836
481 636 811
463 636 455
483 636 455
321 790 581
1 796 282
483 796 276
411 691 1077
54 691 836
483 691 334
481 691 329
1 691 269
463 691 182
321 800 244
481 800 348
411 800 243
1 800 145
100 42 1278
481 42 635
411 42 328
321 42 172
321 808 186
411 808 98
54 808 10
463 611 1151
483 611 609
411 611 331
402 54 620
412 54 23
87 1 215
337 1 315
402 411 949
368 411 714
412 411 445
87 411 337
415 411 312
337 411 256
375 411 218
412 483 309
402 483 1
375 481 1299
87 481 47
412 100 55
337 321 818
402 321 493
368 321 407
375 321 407
415 321 385
412 321 294
375 463 1299
415 463 660
412 463 445
337 463 256
39 463 148
309 368 423
407 368 310
17 368 207
407 87 166
17 337 955
407 337 565
408 337 470
309 337 423
377 337 292
407 375 1262
416 375 841
17 375 619
436 375 614
408 375 357
385 375 352
17 39 1294
385 39 35
416 402 711
408 402 567
385 402 459
377 402 404
309 402 380
407 402 247
17 402 134
408 415 1057
385 415 827
407 415 813
416 415 672
436 415 464
309 415 380
385 412 1032
408 412 811
436 412 730
407 412 457
17 412 381
416 412 265
208 407 1268
298 407 752
267 407 333
298 408 877
208 408 807
402 408 683
267 408 333
208 385 1208
298 385 328
267 385 197
168 17 1284
267 17 42
298 17 6
50 309 1074
267 309 508
298 309 384
298 436 952
208 436 757
267 436 333
402 436 237
402 416 373
208 416 373
298 416 234
168 377 1247
50 377 351
379 402 519
385 402 496
343 402 457
340 402 457
349 402 383
388 208 1005
340 208 430
379 50 1245
385 50 1240
349 50 10
379 298 738
385 298 572
343 298 383
379 267 500
388 168 1127
340 168 1123
69 343 1057
69 349 978
134 349 790
134 379 1235
134 388 1077
69 388 577
134 340 694
69 385 1141
