337
1 449 110
685 449 554
665 449 273
381 449 552
667 449 486
828 449 880
719 449 788
1 453 350
685 453 554
665 453 455
381 453 552
667 453 486
828 453 880
719 453 788
1 460 350
685 460 554
665 460 274
381 460 552
667 460 368
828 460 880
719 460 788
1 589 350
685 589 554
665 589 179
381 589 552
667 589 435
828 589 880
719 589 788
1 599 484
685 599 554
665 599 488
381 599 552
667 599 368
828 599 819
719 599 788
1 609 484
685 609 591
665 609 488
381 609 552
667 609 368
828 609 880
719 609 788
1 659 484
685 659 552
665 659 488
381 659 552
667 659 486
828 659 552
719 659 552
1 707 145
685 707 599
665 707 377
381 707 552
667 707 368
828 707 880
719 707 788
1 723 189
685 723 603
665 723 396
381 723 552
667 723 486
828 723 880
719 723 788
1 729 392
685 729 554
665 729 388
381 729 552
667 729 368
828 729 880
719 729 788
1 756 308
685 756 554
665 756 377
381 756 552
667 756 400
828 756 880
719 756 788
1 771 768
685 771 417
665 771 163
381 771 413
667 771 368
719 771 221
1 773 632
685 773 427
665 773 156
381 773 759
667 773 368
828 773 331
1 776 175
685 776 427
665 776 370
381 776 546
667 776 240
828 776 185
1 796 887
685 796 427
665 796 290
381 796 329
667 796 368
719 796 145
1 799 235
685 799 427
665 799 413
381 799 404
667 799 334
828 799 98
1 815 506
685 815 164
665 815 290
381 815 164
667 815 368
719 815 255
1 820 268
685 820 370
665 820 364
381 820 370
667 820 254
828 820 332
719 820 241
1 824 178
685 824 122
665 824 121
381 824 178
667 824 368
828 824 255
719 824 386
1 861 169
685 861 427
665 861 290
381 861 171
667 861 368
828 861 280
719 861 361
1 870 268
685 870 417
665 870 612
381 870 444
667 870 254
828 870 332
1 871 196
685 871 367
665 871 413
381 871 196
667 871 326
828 871 527
719 871 386
1 986 64
685 986 530
665 986 129
828 986 202
685 618 554
665 618 301
381 618 552
667 618 368
828 618 745
719 618 745
685 677 581
665 677 165
381 677 552
667 677 486
828 677 880
719 677 788
665 967 309
719 967 36
636 1 111
621 1 392
71 1 10
621 685 860
71 685 635
677 685 606
719 685 561
581 685 475
668 685 130
658 665 496
581 665 496
621 665 418
668 665 380
719 665 236
636 665 196
668 381 493
71 381 404
719 381 350
636 381 240
621 381 205
581 381 178
71 667 635
677 667 606
581 667 475
668 667 380
636 667 267
621 667 267
658 667 256
719 667 167
719 828 651
581 828 80
71 719 186
636 719 186
658 719 70
581 719 6
321 719 1
414 71 6
414 621 880
322 621 369
54 621 352
35 621 302
414 668 880
54 668 758
322 668 609
35 668 302
54 636 825
414 636 609
322 636 369
463 636 338
35 581 960
414 581 880
54 581 825
322 581 369
463 581 350
414 658 880
322 658 452
35 658 302
54 658 174
321 658 152
414 677 951
54 677 825
322 677 452
35 677 302
321 677 152
463 677 106
402 32 15
402 54 338
307 54 1
307 35 247
39 322 1053
368 322 680
402 322 228
390 322 222
375 321 346
39 321 285
368 321 194
375 414 1059
415 414 762
390 414 762
39 414 731
402 414 430
368 414 326
375 463 1136
390 463 810
415 463 527
39 463 264
407 368 279
17 368 259
377 368 198
385 368 198
408 368 198
407 375 1113
416 375 703
17 375 664
436 375 609
385 375 406
408 375 198
408 307 1003
377 307 949
407 307 595
436 307 422
416 307 280
17 39 1130
385 39 21
416 402 548
408 402 496
385 402 487
377 402 468
407 402 284
385 415 777
408 415 775
407 415 766
416 415 600
436 415 569
407 390 1063
416 390 1061
385 390 798
408 390 439
17 390 148
208 407 1122
298 407 686
358 407 620
298 408 827
208 408 793
358 408 635
208 385 1107
298 385 330
358 385 302
168 17 1127
358 17 50
437 17 261
298 17 8
298 436 837
208 436 613
358 436 186
358 416 635
208 416 344
298 416 299
168 416 257
437 416 225
168 377 1095
298 377 281
437 377 279
388 208 934
330 208 353
340 208 353
388 437 984
330 437 963
340 437 931
349 437 572
343 437 524
330 358 788
340 358 788
349 358 522
343 298 363
330 298 227
340 298 227
340 168 1004
388 168 1015
330 168 543
69 343 934
101 343 889
69 330 1018
101 330 890
134 330 661
101 349 1119
69 349 863
134 349 661
134 388 1003
101 388 792
69 388 626
134 340 770
