268
626 566 494
638 566 494
634 566 428
778 566 1012
447 566 213
669 566 440
658 566 581
626 589 838
638 589 614
634 589 428
778 589 889
447 589 419
669 589 440
658 589 581
626 593 838
638 593 614
634 593 567
778 593 1122
447 593 521
669 593 440
658 593 581
626 601 295
638 601 156
634 601 421
778 601 1112
447 601 560
669 601 489
658 601 614
626 622 629
638 622 614
634 622 202
778 622 1131
447 622 521
669 622 440
658 622 581
626 644 149
638 644 149
634 644 634
778 644 731
447 644 436
669 644 349
658 644 518
626 660 838
638 660 614
634 660 634
778 660 920
669 660 489
658 660 712
626 666 137
634 666 155
778 666 990
447 666 521
669 666 268
658 666 581
626 677 250
638 677 221
634 677 428
778 677 1102
447 677 521
669 677 489
658 677 581
626 738 238
638 738 182
778 738 1178
447 738 560
669 738 349
658 738 581
626 788 108
638 788 173
634 788 589
447 788 368
669 788 461
658 788 99
626 806 499
638 806 236
634 806 896
778 806 134
447 806 457
669 806 587
658 806 338
626 833 501
638 833 869
634 833 490
778 833 1006
447 833 611
669 833 438
658 833 532
626 854 283
638 854 869
634 854 676
778 854 1027
447 854 638
669 854 378
658 854 532
626 865 499
638 865 529
634 865 312
778 865 1104
447 865 409
669 865 587
658 865 312
634 598 155
778 598 1033
447 598 521
669 598 281
658 598 581
801 626 934
593 626 562
690 626 430
651 626 420
796 626 387
707 626 358
690 638 430
651 638 420
593 638 376
796 638 363
801 638 158
707 638 134
707 634 748
796 634 687
593 634 562
732 634 379
801 634 365
690 634 316
651 778 92
796 778 470
707 778 331
593 778 30
801 447 1008
796 447 900
732 447 647
707 447 532
593 447 394
690 447 155
801 669 791
707 669 614
593 669 548
690 669 493
796 669 389
732 669 349
801 658 1226
796 658 588
732 658 587
593 658 562
651 658 403
690 658 231
244 593 1199
1 593 523
414 593 400
424 593 400
456 593 400
364 593 213
456 732 12
1 796 241
424 796 209
414 796 43
244 796 76
244 801 1117
424 801 247
414 651 1112
1 651 783
456 651 615
364 651 213
424 651 127
244 707 336
1 707 75
456 707 222
414 707 16
244 690 1199
456 690 1172
414 690 1048
1 690 819
424 690 547
364 690 213
415 424 1172
412 424 687
402 424 630
78 424 287
94 424 266
412 456 662
87 456 324
94 1 834
87 1 490
94 244 822
87 244 784
412 244 718
78 244 511
402 244 398
412 364 1014
94 364 822
87 364 784
78 364 336
415 414 1079
412 414 662
87 414 659
402 414 630
94 414 182
311 78 266
169 78 298
408 78 16
223 78 8
250 94 724
170 94 1009
408 94 1
311 87 29
223 87 3
208 402 483
408 402 407
408 412 804
169 412 612
208 412 448
223 412 300
250 412 245
408 415 962
169 415 612
208 415 567
223 415 199
344 208 928
298 208 790
208 208 297
266 208 222
298 170 1238
208 170 853
266 170 436
344 170 206
208 408 1123
298 408 874
266 408 470
208 311 996
344 311 928
344 169 822
208 169 742
266 169 656
208 250 498
266 250 319
344 250 206
344 223 822
208 223 742
298 223 465
266 223 380
408 208 1180
214 208 1078
326 208 498
374 208 373
374 298 1025
408 298 300
326 298 300
374 266 1277
345 266 1250
408 266 1060
326 266 942
214 266 503
397 266 251
345 344 1237
374 344 981
326 344 590
214 344 503
101 397 1300
133 397 1129
101 345 1236
133 345 939
101 374 1156
133 374 682
101 214 883
101 326 1298
133 326 838
101 408 1299
133 408 717
