137
150 11 1128
405 11 628
282 11 249
150 241 949
703 241 608
405 241 275
541 241 25
150 317 483
405 317 345
541 317 217
150 454 755
703 454 323
405 454 690
541 454 903
282 454 428
150 661 551
703 661 454
405 661 320
541 661 591
282 661 820
150 782 1168
703 782 530
405 782 582
541 782 203
282 782 251
150 805 684
703 805 874
405 805 582
541 805 860
282 805 545
150 830 1168
703 830 896
405 830 582
541 830 599
282 830 545
150 854 611
703 854 896
405 854 562
541 854 781
282 854 545
150 876 1168
703 876 874
405 876 582
541 876 392
282 876 527
150 890 1168
703 890 874
405 890 582
541 890 392
282 890 527
703 45 386
405 45 487
541 45 12
282 45 630
703 1013 5
282 1013 528
756 150 1035
804 150 1281
804 703 1116
756 703 996
591 703 445
756 405 1253
804 405 1237
591 405 547
756 541 1252
804 541 1237
591 541 691
804 282 1188
591 282 691
756 282 453
419 756 1230
455 591 1048
169 591 668
419 591 599
419 804 687
352 804 1162
169 804 602
143 419 1163
447 419 1067
78 419 811
434 419 655
447 169 1047
78 169 918
434 169 824
143 169 566
447 455 1230
143 455 1098
78 455 811
434 455 418
447 352 1248
143 352 1134
434 352 1046
78 352 649
237 447 1282
373 447 1227
179 447 1114
373 434 1227
179 434 1114
237 434 633
217 78 283
237 143 1098
373 143 762
217 143 228
331 217 1168
303 217 1064
276 217 922
264 217 802
298 217 549
331 237 1168
276 237 787
264 237 553
298 237 374
303 373 1182
276 373 922
264 373 695
298 373 334
264 179 1019
303 179 711
276 179 631
298 179 549
348 331 432
389 276 756
382 276 603
348 276 498
389 303 246
389 264 1215
348 264 1145
389 298 756
382 298 603
133 389 937
101 382 1104
101 352 1257
101 348 1155
133 348 1094
96 348 838
96 341 1238
101 341 601
