351
601 120 21
143 120 109
777 120 889
223 120 290
828 120 602
781 120 151
601 169 110
722 169 607
781 169 473
104 169 520
601 330 237
143 330 1
777 330 39
223 330 233
828 330 3
601 420 269
143 420 345
722 420 288
777 420 269
128 420 251
223 420 207
828 420 345
781 420 799
104 420 508
601 510 210
143 510 435
722 510 254
777 510 419
128 510 451
223 510 313
828 510 546
781 510 542
104 510 411
601 514 279
143 514 345
722 514 345
777 514 331
128 514 172
223 514 331
828 514 164
781 514 564
104 514 508
601 587 181
143 587 435
722 587 254
777 587 203
128 587 283
223 587 222
828 587 586
781 587 564
104 587 420
601 635 207
143 635 435
777 635 357
128 635 251
223 635 296
828 635 586
781 635 754
104 635 508
601 705 231
143 705 218
722 705 372
777 705 480
128 705 218
223 705 467
828 705 218
781 705 528
104 705 508
601 776 160
143 776 519
722 776 195
223 776 497
781 776 638
104 776 370
601 789 340
143 789 255
722 789 282
777 789 521
128 789 329
223 789 457
828 789 299
781 789 570
104 789 423
601 857 276
143 857 531
722 857 282
128 857 329
223 857 231
828 857 301
781 857 678
104 857 241
601 867 160
143 867 526
722 867 195
128 867 352
223 867 497
828 867 155
781 867 597
104 867 282
601 972 223
777 972 297
128 972 111
781 972 761
104 972 93
601 1012 2
143 1012 192
777 1012 3
223 1012 518
828 1012 51
781 1012 218
143 168 710
223 168 554
828 168 627
781 168 8
104 168 8
143 802 531
722 802 282
128 802 329
223 802 245
828 802 159
781 802 565
104 802 370
143 846 519
722 846 282
777 846 521
128 846 329
223 846 497
781 846 570
104 846 370
143 849 360
777 849 521
128 849 350
223 849 558
781 849 597
104 849 358
143 887 255
722 887 134
777 887 175
128 887 346
223 887 203
828 887 257
781 887 157
104 887 358
722 365 310
223 365 188
828 365 465
781 365 130
104 365 4
715 601 754
827 601 545
794 601 454
611 601 397
769 601 204
686 601 202
719 143 529
516 143 423
715 143 420
769 143 1
719 722 684
516 777 711
715 777 160
611 777 80
794 777 8
719 777 11
715 128 33
686 128 17
516 223 796
715 223 268
769 223 6
719 828 802
516 828 424
769 828 35
715 828 70
827 828 48
827 781 430
686 781 84
769 104 247
719 104 763
516 104 399
686 104 452
715 104 62
208 719 779
491 719 115
496 719 163
1 719 902
496 794 296
432 794 671
458 794 552
463 794 10
1 794 75
1 715 781
496 715 159
491 715 499
458 715 398
432 715 527
208 715 1
32 516 1110
491 516 812
496 516 603
208 516 286
432 516 223
458 516 195
458 769 39
1 769 16
32 769 56
208 769 8
208 827 161
463 686 1288
491 686 544
458 686 472
463 611 1211
432 611 777
491 611 544
458 611 526
105 496 1019
413 496 28
105 32 657
241 32 585
402 32 30
241 1 17
413 1 21
333 458 517
412 458 490
413 458 399
375 458 377
241 208 612
413 208 435
402 208 224
375 432 810
333 432 517
412 432 490
413 432 399
415 432 167
105 491 367
241 491 802
412 491 184
375 463 1294
333 463 517
412 463 490
413 463 399
415 463 357
402 463 152
408 333 870
411 333 279
364 333 248
411 241 260
407 241 245
408 241 224
416 241 208
364 241 208
436 413 1158
398 413 1142
408 413 1140
416 413 843
208 413 526
433 413 171
407 413 132
407 375 1239
416 375 638
436 375 638
398 375 509
408 375 328
407 105 9
411 105 1
433 402 1092
416 402 627
408 402 594
208 402 526
407 402 266
436 412 890
398 412 890
408 412 800
407 412 452
208 412 439
411 412 412
433 412 290
416 412 273
408 415 969
407 415 783
436 415 680
398 415 680
416 415 584
208 415 526
433 415 171
298 364 481
362 364 413
168 364 311
267 208 727
298 208 622
168 208 497
324 208 434
208 208 320
362 208 263
208 411 739
298 411 525
324 411 501
267 411 422
362 411 341
208 407 1271
298 407 807
362 407 655
324 407 501
267 407 422
362 408 959
298 408 888
208 408 720
324 408 452
267 408 422
208 433 1300
267 433 600
324 433 501
362 398 959
208 398 535
324 398 501
267 398 187
298 436 888
208 436 740
324 436 501
267 436 422
362 416 959
324 416 501
208 416 424
298 416 283
330 208 320
340 208 320
379 298 709
343 298 390
348 298 151
340 168 1078
330 168 560
348 267 1079
379 267 433
359 267 365
340 362 425
330 362 425
348 324 736
349 324 466
379 324 433
343 324 383
359 324 365
69 343 1013
69 330 1105
134 330 807
69 359 1295
134 359 1203
69 349 884
134 349 807
134 340 735
152 348 1270
69 348 1013
134 379 1203
