152
197 7 739
613 7 732
235 7 341
197 223 392
134 223 978
787 223 161
613 223 505
197 229 435
134 229 1013
787 229 109
235 229 301
197 371 785
134 371 976
613 371 501
235 371 530
197 391 732
134 391 677
787 391 647
235 391 564
197 535 687
134 535 677
787 535 489
613 535 183
235 535 564
197 557 283
134 557 883
787 557 605
613 557 755
235 557 558
197 560 289
134 560 513
787 560 513
613 560 513
235 560 347
197 563 373
134 563 735
787 563 605
613 563 755
235 563 735
197 564 732
134 564 677
787 564 470
613 564 532
235 564 564
197 659 188
134 659 536
787 659 503
613 659 503
235 659 164
197 735 289
134 735 645
787 735 489
613 735 383
235 735 225
197 813 738
134 813 433
787 813 434
613 813 153
235 813 253
197 848 864
134 848 745
787 848 434
235 848 389
197 853 501
134 853 676
787 853 501
613 853 321
235 853 221
197 965 151
134 965 969
640 197 288
138 197 54
138 134 1065
810 134 541
605 134 113
810 787 186
605 787 206
640 613 1028
138 613 920
810 613 633
605 613 441
640 235 220
450 640 929
512 640 463
240 640 337
491 640 283
283 640 279
522 810 469
283 810 554
240 810 14
491 810 1
522 138 997
512 138 1038
283 138 180
450 138 108
240 138 1
522 605 662
450 605 624
512 605 468
283 605 279
491 605 123
39 512 560
422 512 29
39 450 1064
329 450 626
422 450 497
449 283 1049
329 283 837
422 283 308
329 491 466
449 491 214
422 491 453
329 240 1004
449 240 694
39 240 156
449 522 628
329 522 626
422 522 27
241 422 554
226 422 510
438 422 291
226 39 572
241 449 978
193 449 606
226 449 199
193 329 955
226 329 910
241 329 683
438 329 382
437 438 647
402 438 466
426 438 383
402 226 563
426 226 547
437 226 306
437 193 1100
426 193 568
402 193 108
437 241 1100
426 241 476
402 241 225
379 402 889
343 402 794
349 402 607
343 437 969
349 437 930
379 426 889
343 426 731
349 426 494
95 343 844
95 349 816
150 379 1150
