252
231 171 2
315 171 7
182 171 669
579 171 17
719 171 416
231 405 945
584 405 389
315 405 271
182 405 488
579 405 671
320 405 281
719 405 224
231 460 945
584 460 599
315 460 131
182 460 676
579 460 447
320 460 676
719 460 729
231 589 945
584 589 599
315 589 260
182 589 641
579 589 447
320 589 641
719 589 798
231 602 330
584 602 599
315 602 658
182 602 1024
579 602 135
320 602 773
719 602 662
231 640 915
584 640 599
315 640 409
182 640 876
579 640 484
320 640 773
719 640 662
231 703 945
315 703 404
182 703 259
579 703 793
320 703 404
719 703 661
231 708 945
584 708 271
315 708 405
579 708 447
320 708 285
719 708 665
231 723 945
584 723 599
315 723 267
182 723 876
579 723 789
320 723 773
719 723 755
231 794 1101
584 794 926
315 794 244
182 794 719
579 794 198
320 794 647
719 794 436
231 846 933
584 846 336
315 846 444
182 846 719
579 846 521
320 846 879
719 846 137
584 856 899
315 856 362
182 856 326
579 856 634
320 856 879
719 856 436
182 62 295
182 94 1120
579 94 18
182 272 116
810 231 850
605 231 208
705 231 1
71 584 1173
686 584 777
705 584 777
810 584 528
605 584 526
769 584 385
705 315 943
686 315 754
769 315 686
605 315 644
810 315 348
71 315 291
769 182 997
705 182 1292
605 182 40
686 579 1104
705 579 919
71 579 841
810 579 528
605 579 373
769 579 353
686 320 731
705 320 731
605 320 644
810 320 398
71 320 379
769 320 356
810 719 47
71 719 390
605 719 210
4 810 187
257 810 754
49 810 203
525 810 19
389 705 963
155 705 703
292 705 1
4 71 149
292 71 978
525 71 1286
257 71 18
389 71 4
155 769 1097
49 769 4
525 769 1
389 686 1009
155 686 590
49 686 438
525 686 398
4 686 311
525 605 1190
155 605 523
257 605 305
4 605 273
389 605 165
39 4 1043
90 4 26
90 49 1156
422 49 7
55 292 1224
39 292 444
90 292 324
412 292 251
422 292 237
321 292 230
375 292 218
412 525 610
422 525 977
321 525 1119
39 525 1188
55 389 1224
90 389 1043
375 389 619
412 389 396
321 389 230
39 389 207
90 257 1043
55 257 950
412 257 618
375 257 376
321 257 230
55 155 1224
321 155 513
375 155 387
433 422 1208
385 422 1046
416 422 900
412 422 704
69 90 1004
433 90 56
416 375 616
385 375 534
232 375 466
412 375 266
69 375 264
232 321 681
433 321 676
100 321 162
69 321 162
385 39 51
100 39 64
69 55 1175
100 55 124
433 55 609
385 412 1151
232 412 1108
433 412 445
416 412 300
412 412 255
168 100 268
360 69 53
168 232 1023
360 232 644
402 232 418
233 232 323
208 385 1271
233 385 826
360 385 536
208 433 1300
233 433 987
402 433 607
360 433 177
233 412 408
437 412 401
402 412 225
208 412 225
233 416 1103
208 416 459
402 416 459
437 416 182
388 208 1058
342 208 1058
340 208 327
330 208 327
342 402 670
340 402 569
343 402 569
330 402 550
388 402 422
349 402 422
340 360 632
330 360 632
388 437 1124
330 437 1124
342 437 1116
340 437 1116
349 437 656
343 437 584
330 233 921
340 233 854
388 233 346
342 233 346
340 168 1113
388 168 1125
330 168 640
342 168 607
134 342 1296
69 342 1051
123 342 754
69 330 1059
134 330 884
69 349 1055
134 349 884
69 343 1132
134 340 900
134 388 1178
