170
601 164 1038
508 164 730
601 220 1112
508 220 370
601 409 373
402 409 340
678 409 843
508 409 444
684 409 430
159 409 1190
601 439 501
402 439 501
508 439 672
684 439 355
159 439 760
601 490 355
402 490 488
678 490 675
508 490 310
684 490 140
159 490 1200
601 498 552
402 498 493
678 498 388
508 498 369
684 498 600
159 498 850
601 531 352
402 531 488
678 531 218
508 531 221
159 531 1124
601 579 493
402 579 488
678 579 155
508 579 244
684 579 404
159 579 861
601 610 576
402 610 531
678 610 149
508 610 648
684 610 719
159 610 1200
601 621 323
402 621 493
508 621 400
684 621 600
159 621 366
601 624 857
402 624 493
678 624 276
508 624 526
684 624 600
159 624 521
601 664 239
402 664 493
508 664 672
684 664 600
159 664 1200
601 826 566
402 826 278
678 826 233
508 826 268
684 826 318
159 826 566
402 924 447
508 924 116
159 924 425
508 69 11
684 69 444
626 601 1271
611 601 822
646 601 671
626 402 965
611 402 965
646 402 817
626 678 1264
611 678 912
646 678 629
626 508 1157
646 508 636
611 508 384
626 684 1261
646 684 896
611 684 753
626 159 759
483 646 1253
227 646 1251
432 646 1165
483 626 1253
227 626 1251
432 626 1165
483 611 1253
432 611 1165
227 611 951
139 432 1229
333 432 1158
264 432 978
234 432 478
139 483 1281
333 483 1131
234 483 93
264 483 34
139 227 1132
264 227 803
333 227 321
405 333 1272
408 333 800
411 333 800
163 333 790
364 333 668
405 234 1199
163 234 790
408 234 689
364 234 668
411 234 295
163 139 1170
364 139 1162
411 139 1155
405 139 570
408 139 502
411 264 964
163 264 909
405 264 827
364 264 668
391 364 1106
264 364 906
298 364 426
201 364 364
368 364 349
267 364 323
391 411 1069
267 411 523
298 411 523
368 411 349
208 411 312
201 411 275
264 411 155
391 163 1134
264 163 745
298 163 548
391 405 1069
298 405 857
267 405 560
368 405 349
208 405 312
201 405 233
208 408 890
298 408 857
267 408 560
201 408 374
336 368 936
379 368 553
214 368 327
349 368 274
214 208 1231
214 201 508
336 264 388
379 298 473
355 298 232
134 336 1298
101 336 1296
101 355 1173
134 214 1253
200 214 1120
101 214 582
101 349 1300
134 349 837
134 379 1247
