94
150 197 609
526 197 1045
150 573 681
526 573 787
256 573 948
581 573 611
150 661 792
526 661 489
256 661 775
581 661 888
150 752 680
526 752 680
256 752 598
581 752 611
150 782 864
526 782 814
256 782 1018
581 782 894
150 798 587
526 798 1029
256 798 492
581 798 1012
150 827 969
526 827 451
256 827 1062
581 827 433
150 867 1088
526 867 1129
256 867 825
581 867 469
150 887 969
526 887 804
256 887 631
581 887 416
756 150 1203
792 150 1298
804 150 1263
756 526 1249
792 526 1249
804 526 1187
756 256 1264
804 256 1209
792 256 417
804 581 1208
756 581 1038
792 581 1038
419 792 1223
419 756 1262
419 804 1004
143 417 1217
447 417 1187
434 417 341
143 419 1150
447 419 1149
434 419 653
447 455 1271
143 455 1053
434 455 341
373 434 1210
179 434 1101
237 434 924
209 434 764
237 447 1282
373 447 1210
179 447 1101
209 447 764
237 143 1155
209 143 927
373 143 698
276 237 852
264 237 525
298 237 442
276 373 1003
264 373 525
298 373 345
276 209 620
298 209 499
264 179 977
276 179 668
298 179 539
389 264 1230
348 264 1105
382 276 822
389 276 762
348 276 352
341 276 321
382 298 822
389 298 762
341 298 321
133 389 1052
96 382 874
133 348 1118
96 348 1038
96 341 1252
