157
472 18 1000
472 116 443
93 116 2
327 116 63
139 116 28
472 154 274
472 598 747
93 598 741
426 598 677
327 598 636
139 598 325
655 598 531
472 752 747
93 752 650
426 752 677
327 752 362
139 752 382
655 752 279
472 808 271
93 808 767
327 808 463
139 808 760
655 808 760
472 843 158
93 843 1228
426 843 96
327 843 463
139 843 882
655 843 761
93 798 987
426 798 191
327 798 580
139 798 882
655 798 839
93 805 376
426 805 847
327 805 704
139 805 908
655 805 761
756 472 1058
801 472 1040
743 472 896
663 472 797
776 472 293
743 93 1251
776 93 1289
756 93 232
663 93 149
801 93 4
801 426 1120
743 426 896
663 426 797
776 426 533
756 426 372
776 327 1067
801 327 1022
743 327 896
663 327 304
663 139 980
756 139 47
801 655 1243
663 655 1221
776 655 497
743 655 304
756 655 304
457 776 114
223 776 10
223 756 249
457 756 1
223 743 2
244 801 1222
457 801 241
244 663 1275
223 663 1098
181 663 996
1 663 787
284 663 588
457 663 284
41 663 284
415 181 978
192 181 503
94 181 459
78 181 398
94 1 1114
94 244 1092
412 244 546
78 244 398
412 457 413
415 457 328
78 457 220
78 41 3
412 41 135
192 41 148
415 41 2
412 223 752
192 223 667
252 223 555
78 223 246
415 223 234
94 223 231
94 284 1202
415 284 1072
169 78 261
287 252 947
175 252 819
192 252 532
170 252 224
175 192 1120
192 192 542
170 192 455
250 192 452
170 94 1128
250 94 850
175 94 2
192 412 754
169 412 713
250 412 437
175 412 258
192 415 754
169 415 713
266 192 1154
298 192 672
298 170 1251
208 170 743
266 170 601
208 169 730
266 169 678
289 169 458
208 250 484
289 250 473
266 250 353
298 250 216
289 175 1227
298 175 953
208 175 300
266 175 281
208 287 730
266 287 522
298 287 309
289 287 309
408 208 1276
374 208 517
344 298 1152
374 298 797
408 298 511
382 298 511
341 298 364
374 266 1292
408 266 1250
408 289 1222
344 289 1187
96 382 969
133 344 1138
133 374 921
96 408 969
133 408 917
96 341 1164
