349
107 456 1020
605 456 254
735 456 719
665 456 644
657 456 552
692 456 437
107 523 1020
605 523 254
735 523 736
665 523 644
657 523 552
692 523 437
104 523 142
107 531 955
605 531 190
735 531 627
665 531 644
657 531 183
692 531 437
104 531 538
107 552 551
605 552 254
735 552 617
665 552 449
657 552 552
692 552 404
104 552 580
107 553 980
605 553 244
735 553 627
665 553 644
657 553 210
692 553 338
104 553 443
107 575 1020
605 575 237
735 575 627
665 575 644
657 575 477
692 575 437
104 575 237
107 583 613
605 583 299
735 583 751
665 583 549
657 583 360
692 583 300
104 583 246
107 600 690
605 600 472
735 600 883
665 600 557
657 600 451
692 600 472
104 600 538
107 616 1020
605 616 252
735 616 627
665 616 644
657 616 264
692 616 338
104 616 186
107 620 747
605 620 123
735 620 640
665 620 557
657 620 301
692 620 482
104 620 538
107 625 802
605 625 269
735 625 409
665 625 462
657 625 385
692 625 491
104 625 193
107 679 961
605 679 152
735 679 627
665 679 644
657 679 364
692 679 611
104 679 355
107 687 1020
605 687 406
735 687 627
665 687 644
657 687 153
692 687 751
104 687 354
107 703 354
605 703 383
735 703 356
665 703 491
657 703 271
692 703 437
104 703 196
107 710 146
605 710 742
735 710 574
665 710 549
657 710 552
692 710 742
104 710 391
107 720 631
605 720 254
735 720 736
665 720 549
657 720 552
692 720 497
104 720 156
107 747 632
605 747 254
735 747 736
665 747 462
657 747 552
692 747 765
104 747 793
107 789 472
605 789 472
735 789 165
665 789 170
657 789 442
692 789 344
104 789 825
107 794 575
605 794 579
735 794 289
665 794 335
657 794 442
692 794 344
104 794 207
107 809 660
605 809 579
665 809 254
657 809 442
692 809 344
104 809 862
680 107 385
677 107 172
581 107 50
752 107 3
686 107 1
827 107 2
581 605 609
677 605 586
686 605 465
752 605 447
827 605 187
680 605 173
769 605 134
752 735 697
827 735 870
677 735 31
686 665 950
752 665 731
827 665 638
581 665 550
677 665 200
769 665 137
752 657 872
686 657 635
581 657 274
827 657 242
680 657 230
677 657 200
769 657 176
686 692 950
752 692 665
827 692 638
581 692 410
677 692 410
769 692 380
680 692 366
686 104 766
769 104 180
680 104 210
94 581 1015
459 581 1015
463 581 958
212 581 649
58 581 557
313 581 432
68 581 399
313 769 116
527 752 1185
51 752 114
313 752 81
94 752 8
94 827 956
313 827 675
212 827 855
58 827 419
527 827 147
463 686 1277
94 686 1015
459 686 791
212 686 649
68 686 496
51 686 427
58 686 382
313 686 372
94 677 575
58 677 557
459 677 487
463 677 319
94 680 1015
459 680 791
212 680 649
463 680 333
51 680 241
313 680 153
307 51 10
413 51 34
375 51 2
88 94 1042
403 94 131
375 527 157
390 527 168
88 527 2
307 313 821
413 313 700
403 313 679
88 313 621
375 313 231
403 58 15
88 212 878
375 212 618
413 212 552
403 212 417
375 68 3
415 68 2
413 68 12
403 68 2
375 459 1165
415 459 973
390 459 973
403 459 358
307 459 161
375 463 1298
390 463 858
415 463 446
413 463 340
403 463 306
416 403 1170
232 403 821
208 403 442
175 403 367
402 403 367
436 403 367
408 403 327
416 413 1123
402 413 1118
436 413 1001
408 413 886
208 413 610
175 413 367
232 413 313
175 307 1150
408 307 1131
232 307 456
402 307 448
436 307 295
416 307 274
232 88 80
208 88 627
175 88 203
402 375 1140
416 375 486
436 375 486
232 375 383
402 390 1246
416 390 1170
232 390 754
208 390 442
408 390 327
175 390 224
416 415 968
402 415 933
436 415 736
408 415 668
232 415 653
208 415 610
175 415 224
255 208 743
233 208 743
264 208 627
298 208 601
208 208 426
360 208 358
140 208 274
233 175 1009
255 175 1009
264 175 836
298 175 621
208 175 526
140 175 312
360 175 189
140 402 1300
208 402 1281
298 402 837
360 402 538
255 402 365
233 402 227
264 232 780
140 232 731
298 232 562
360 232 480
233 232 338
208 408 980
140 408 962
233 408 642
255 408 642
298 408 594
208 436 1084
140 436 1084
233 436 1021
298 436 837
255 436 821
360 436 173
233 416 1029
140 416 800
208 416 461
298 416 256
360 416 227
255 416 212
238 140 1074
267 140 2
214 208 1065
374 208 407
320 208 293
214 360 497
214 255 494
336 255 227
267 233 378
336 233 274
267 264 580
374 298 811
355 298 205
101 320 942
96 267 597
101 355 957
101 336 1232
101 415 824
152 374 1038
101 374 753
152 214 1300
101 214 441
152 238 1300
