384
532 205 528
601 205 491
665 205 1
534 205 725
529 205 52
186 205 421
532 430 378
601 430 407
665 430 397
534 430 592
529 430 385
186 430 574
607 430 394
311 430 460
8 430 407
532 502 163
601 502 378
665 502 225
534 502 592
529 502 420
186 502 348
607 502 356
311 502 233
8 502 410
532 531 378
601 531 462
665 531 397
534 531 351
529 531 385
186 531 814
607 531 308
311 531 312
8 531 879
532 557 618
601 557 482
665 557 282
534 557 733
186 557 282
607 557 282
311 557 480
532 569 378
601 569 462
665 569 247
534 569 592
529 569 420
186 569 800
311 569 233
8 569 800
532 587 335
601 587 335
665 587 406
534 587 280
529 587 420
186 587 568
607 587 230
311 587 233
8 587 233
532 614 216
601 614 229
665 614 217
534 614 592
529 614 420
186 614 568
607 614 325
311 614 439
8 614 325
532 625 427
601 625 462
665 625 397
534 625 427
529 625 385
186 625 814
607 625 350
311 625 350
8 625 879
532 705 378
601 705 462
665 705 397
534 705 244
529 705 385
186 705 641
607 705 359
311 705 353
8 705 641
532 720 618
601 720 482
665 720 250
534 720 733
529 720 420
186 720 566
607 720 356
311 720 439
8 720 566
532 738 618
601 738 482
665 738 212
534 738 721
186 738 814
607 738 394
311 738 537
8 738 879
532 776 401
601 776 332
665 776 326
534 776 102
607 776 497
311 776 436
8 776 721
532 777 160
601 777 567
665 777 440
534 777 508
186 777 137
607 777 377
311 777 160
8 777 482
532 813 401
601 813 242
665 813 251
534 813 508
529 813 138
186 813 334
607 813 231
8 813 721
532 826 660
601 826 242
665 826 223
529 826 149
607 826 125
311 826 533
8 826 721
532 856 641
601 856 348
665 856 405
534 856 384
529 856 225
186 856 612
607 856 155
311 856 436
8 856 384
532 871 885
601 871 348
665 871 223
534 871 272
607 871 298
311 871 228
8 871 272
532 887 401
601 887 242
665 887 175
534 887 508
186 887 294
607 887 519
311 887 328
8 887 704
601 433 273
665 433 312
534 433 592
529 433 420
186 433 348
607 433 356
311 433 289
8 433 403
601 830 200
665 830 437
534 830 508
186 830 334
607 830 367
311 830 93
8 830 482
665 295 295
186 295 567
607 295 31
8 295 397
508 532 701
817 532 691
715 532 623
719 532 498
794 532 397
268 532 397
803 532 369
718 532 298
715 601 1144
718 601 876
794 601 697
803 601 545
817 601 532
268 601 284
718 665 876
817 665 532
268 665 395
794 665 395
719 665 312
803 665 293
715 665 242
508 534 845
715 534 721
719 534 568
803 534 530
268 534 523
794 534 523
718 534 347
817 534 219
508 529 845
715 529 736
718 529 604
803 529 419
817 529 354
719 529 307
794 529 177
268 529 168
719 186 861
268 186 581
817 186 352
803 186 14
715 607 833
803 607 653
817 607 531
794 607 406
268 607 269
508 607 261
719 607 190
715 311 536
817 311 526
794 311 521
803 311 468
268 311 406
719 311 376
718 311 350
508 311 244
718 8 127
817 8 420
268 8 175
794 8 22
470 719 779
1 719 842
390 719 323
442 719 168
442 794 956
432 794 915
458 794 773
1 794 20
1 803 974
470 803 509
458 718 402
432 718 137
463 718 10
432 715 736
470 715 675
1 715 622
442 715 600
458 715 476
470 508 1035
463 508 500
390 508 453
432 508 300
1 508 242
442 817 622
458 817 548
390 817 122
432 817 85
442 268 614
470 268 485
390 268 374
463 268 303
432 268 300
458 268 196
234 1 195
264 390 444
375 390 437
412 390 308
333 390 265
333 458 709
368 458 680
234 458 671
264 458 633
412 458 353
375 458 312
234 442 767
333 442 709
264 442 633
375 442 551
412 442 353
415 442 230
375 432 780
333 432 709
264 432 633
234 432 394
412 432 353
234 470 855
412 470 10
375 463 1299
333 463 709
264 463 633
415 463 413
234 463 359
412 463 353
405 333 1138
408 333 775
411 333 512
364 333 317
411 368 775
405 368 411
407 368 285
405 234 948
408 234 775
436 234 493
398 234 451
364 234 317
411 264 685
405 264 440
364 264 317
408 264 237
407 375 1288
436 375 663
398 375 566
408 375 305
405 375 299
411 375 289
436 412 962
398 412 962
408 412 801
411 412 642
405 412 403
407 412 311
408 415 1070
436 415 735
398 415 735
407 415 648
405 415 403
411 415 203
264 364 777
391 364 697
424 364 582
50 364 336
208 364 221
391 411 666
208 411 554
267 411 448
424 411 390
50 411 220
208 407 1286
267 407 448
424 407 390
391 407 279
391 405 666
424 405 549
267 405 448
208 405 368
208 408 796
267 408 448
424 408 400
208 398 515
424 398 489
391 398 225
208 436 652
267 436 448
424 436 251
348 208 299
379 50 1263
348 50 1241
385 50 1267
349 50 4
348 391 546
379 391 509
359 391 389
348 267 1139
379 267 509
359 267 389
348 264 1245
379 264 509
359 264 443
379 424 1047
385 424 1017
349 424 318
69 359 1298
134 359 1218
69 343 1033
69 349 945
134 349 800
134 379 1218
69 385 1033
152 348 1291
69 348 1033
