202
519 14 228
436 14 661
519 327 424
436 327 654
15 327 3
220 327 1097
519 443 416
436 443 703
763 443 595
769 443 365
15 443 688
220 443 340
519 451 312
436 451 312
763 451 897
769 451 304
92 451 365
15 451 349
220 451 1059
519 513 328
436 513 372
763 513 329
769 513 568
92 513 996
15 513 635
220 513 353
519 571 416
436 571 459
763 571 1259
769 571 568
92 571 996
15 571 384
220 571 1059
519 696 416
436 696 638
763 696 1248
769 696 350
92 696 166
15 696 384
519 753 452
436 753 703
763 753 547
769 753 568
92 753 996
15 753 384
220 753 497
519 883 1013
763 883 293
769 883 585
92 883 133
15 883 1090
220 883 618
519 987 638
15 987 949
436 784 334
763 784 205
769 784 737
92 784 133
15 784 820
220 784 257
436 821 334
763 821 437
769 821 810
15 821 527
220 821 500
781 519 1003
458 519 877
680 519 772
627 519 490
771 519 490
761 519 452
663 519 165
458 436 1026
781 436 962
771 436 545
663 436 392
761 436 358
627 436 170
781 763 34
771 763 1209
627 763 85
771 769 255
680 769 17
627 769 5
458 92 1084
781 92 1219
761 92 119
680 92 153
458 15 810
781 15 129
761 15 1116
781 220 1235
680 220 52
69 458 1036
507 458 936
138 458 694
315 458 584
375 458 363
507 771 1272
315 761 850
69 761 1114
507 761 106
256 761 36
507 627 538
456 627 106
138 627 89
375 781 209
138 781 1093
256 781 63
507 680 748
138 680 735
375 680 731
456 680 575
315 680 471
69 680 431
256 680 403
375 663 1105
256 663 914
507 663 286
69 663 272
315 663 142
83 456 1060
143 456 977
375 456 919
449 507 15
143 507 6
449 375 974
375 375 776
83 375 765
375 256 910
83 256 567
143 256 489
48 256 489
449 315 974
143 315 423
83 315 373
48 69 1289
449 69 94
143 69 13
375 138 910
83 138 512
143 138 410
449 138 382
175 83 323
408 83 145
263 48 9
442 375 1237
465 375 639
297 375 557
263 375 512
360 449 1248
263 449 32
465 449 14
263 143 485
297 143 471
442 143 330
175 143 286
408 143 262
408 415 848
297 415 639
263 415 597
465 415 523
208 442 1296
362 442 885
298 442 844
411 175 996
298 175 578
208 175 317
362 175 174
208 408 956
362 408 899
298 408 714
424 408 408
298 263 327
411 263 252
411 297 1111
424 297 474
208 297 267
411 465 331
298 360 327
214 208 1078
154 208 1006
341 424 1178
154 424 1101
382 424 990
379 424 979
379 298 566
154 298 451
382 298 451
154 362 616
214 362 574
341 411 1150
214 411 1139
154 411 1101
382 411 990
336 411 812
101 382 1072
101 379 811
101 336 1289
152 214 1300
96 341 1197
152 154 1300
