175
654 782 929
150 782 925
703 782 760
538 782 125
425 782 642
654 788 1069
150 788 876
703 788 999
538 788 588
425 788 714
654 797 929
150 797 369
703 797 760
538 797 824
425 797 369
654 804 845
150 804 640
703 804 845
538 804 588
425 804 714
654 819 929
150 819 333
703 819 883
538 819 700
425 819 714
654 820 888
150 820 131
703 820 888
538 820 919
425 820 714
654 823 1069
150 823 520
703 823 999
538 823 178
425 823 714
654 824 935
150 824 640
703 824 1090
425 824 519
654 832 929
150 832 640
703 832 1090
538 832 588
425 832 474
654 851 1048
150 851 925
703 851 999
538 851 251
425 851 714
612 654 1035
576 654 796
804 654 660
764 654 503
785 654 497
612 150 971
804 150 1181
576 150 203
764 703 1156
576 703 1088
612 703 736
804 703 660
785 703 120
804 538 1010
785 538 648
576 538 374
764 538 203
612 538 158
612 425 803
804 425 713
785 425 648
576 425 467
484 764 669
169 764 25
463 764 45
49 764 2
463 612 1286
35 612 1143
484 612 1130
1 612 736
526 612 645
484 576 1231
526 576 1120
35 576 529
1 576 529
484 785 903
526 785 734
49 785 872
526 804 285
484 804 1264
169 804 627
1 804 183
49 804 1
129 1 744
434 484 707
181 484 1046
129 484 198
78 49 1299
129 169 868
78 169 620
434 169 528
181 169 242
129 35 513
181 526 541
412 526 70
76 526 1
415 463 653
412 463 423
129 463 177
408 434 1257
373 434 1135
416 434 779
385 434 603
100 78 939
408 78 14
373 181 945
100 181 928
88 181 368
17 129 917
100 129 757
408 129 506
416 129 465
373 129 449
385 412 1171
408 412 939
373 412 839
17 412 247
416 412 214
408 415 1133
373 415 839
416 415 794
385 415 732
88 76 1112
168 100 361
168 88 27
208 408 1063
374 408 952
298 408 818
208 385 1236
374 385 1235
303 385 549
298 385 221
168 17 1297
303 17 37
298 17 1
168 373 1085
303 373 1073
208 373 360
298 373 322
374 416 1202
208 416 423
303 416 329
298 416 221
342 208 936
367 208 761
384 208 586
363 208 569
343 374 275
343 303 312
343 298 408
384 168 843
367 168 908
342 168 356
101 343 1026
95 343 804
133 363 1288
95 363 1202
133 384 1300
95 384 1276
133 342 1273
95 342 1037
133 367 1300
95 367 1276
101 349 1292
133 349 1229
95 349 873
