318
657 472 346
143 472 737
482 472 737
638 472 159
787 472 534
736 472 543
607 472 301
781 472 255
657 508 331
143 508 363
370 508 399
482 508 449
638 508 164
787 508 542
736 508 260
607 508 301
781 508 543
657 510 302
143 510 552
370 510 229
482 510 561
638 510 219
787 510 534
736 510 543
607 510 301
781 510 471
657 530 143
143 530 367
370 530 522
482 530 143
638 530 159
787 530 497
736 530 648
607 530 301
781 530 522
657 553 227
143 553 552
370 553 226
482 553 223
638 553 218
787 553 589
736 553 600
607 553 218
781 553 254
657 564 504
143 564 291
370 564 207
638 564 159
787 564 589
736 564 600
607 564 238
781 564 429
657 593 256
143 593 575
370 593 179
482 593 284
638 593 461
787 593 489
607 593 407
781 593 496
657 652 346
143 652 303
482 652 237
638 652 248
787 652 419
736 652 648
607 652 301
781 652 397
657 659 258
143 659 396
482 659 391
638 659 261
787 659 597
736 659 396
607 659 597
781 659 179
657 705 263
143 705 376
370 705 495
482 705 334
638 705 461
787 705 589
736 705 600
607 705 407
781 705 495
657 780 307
143 780 375
370 780 604
482 780 630
638 780 382
787 780 375
736 780 634
607 780 660
781 780 557
657 825 331
370 825 328
482 825 650
638 825 382
787 825 526
736 825 140
607 825 442
781 825 722
657 834 147
143 834 590
370 834 262
482 834 650
638 834 382
787 834 147
736 834 147
607 834 603
781 834 557
657 845 302
143 845 590
370 845 328
482 845 741
638 845 703
787 845 200
736 845 442
607 845 621
781 845 610
657 874 319
143 874 396
370 874 184
482 874 582
638 874 458
787 874 526
736 874 338
607 874 444
781 874 722
657 878 318
143 878 402
370 878 328
482 878 466
638 878 458
787 878 218
736 878 323
607 878 763
781 878 512
657 885 318
143 885 171
370 885 340
482 885 447
638 885 458
787 885 526
736 885 248
607 885 126
781 885 722
143 62 124
638 62 256
787 62 694
781 62 432
143 776 590
370 776 479
482 776 771
638 776 703
787 776 561
736 776 348
607 776 694
781 776 610
143 848 578
370 848 479
638 848 427
787 848 561
607 848 694
781 848 722
143 868 351
370 868 262
482 868 633
638 868 123
787 868 526
736 868 248
607 868 670
781 868 722
143 973 69
482 973 401
787 973 465
781 973 999
370 365 7
787 365 805
736 365 3
781 365 81
785 657 411
796 657 295
805 657 244
736 657 236
605 657 177
640 657 165
796 143 360
805 143 382
736 143 53
736 370 984
805 370 855
640 370 697
796 370 362
785 370 335
605 370 314
736 482 913
640 482 777
805 482 756
785 482 486
796 482 416
605 482 158
736 638 938
796 638 269
640 638 224
605 638 210
785 638 169
805 638 152
805 787 734
605 787 104
796 736 311
640 736 11
605 736 2
736 607 938
605 607 514
796 607 424
785 607 297
640 607 166
805 607 152
785 781 977
640 781 108
736 781 64
473 640 316
491 640 312
35 640 135
355 805 40
473 805 90
35 805 88
491 796 61
49 796 2
49 785 559
491 785 571
473 785 1
4 736 1272
35 736 786
491 736 1170
473 736 914
355 736 454
35 605 1093
355 605 326
4 605 312
491 605 203
329 473 655
176 473 144
412 473 1
39 4 1146
329 355 705
176 355 629
176 49 222
87 49 92
329 35 914
87 35 9
412 491 231
329 491 458
87 491 44
226 87 247
438 87 651
241 87 288
17 39 1299
226 39 475
100 39 39
241 412 861
17 412 549
226 412 309
100 329 1002
226 329 946
193 329 811
17 329 518
241 329 492
438 329 219
226 415 310
241 415 220
438 176 666
100 176 616
226 176 616
193 176 612
17 176 527
241 176 423
50 100 1054
168 100 457
436 438 695
437 438 500
402 438 490
168 438 368
50 438 188
402 226 542
437 226 256
437 17 406
436 17 683
168 17 1299
168 193 1225
437 193 1219
436 193 1198
50 193 1125
402 193 112
168 241 1225
437 241 1219
436 241 1198
50 241 965
402 241 228
343 402 830
340 402 830
379 402 810
349 402 609
379 50 1289
349 50 17
340 437 1182
343 437 885
349 437 870
379 436 1162
349 436 870
340 436 675
343 436 590
340 168 1176
95 343 909
95 349 915
150 379 1280
150 340 1000
