195
421 222 977
702 222 311
140 222 519
421 253 22
421 351 526
140 351 457
421 381 97
702 381 1055
421 498 629
678 498 260
513 498 629
581 498 296
702 498 526
140 498 1027
421 510 251
678 510 490
581 510 97
702 510 681
140 510 894
421 655 496
678 655 204
513 655 177
581 655 271
140 655 1113
421 709 595
678 709 959
513 709 815
581 709 738
702 709 526
140 709 1027
421 791 871
678 791 411
513 791 324
581 791 769
702 791 271
140 791 733
421 824 534
678 824 589
581 824 829
702 824 1126
140 824 488
421 881 227
678 881 337
513 881 125
581 881 874
702 881 870
140 881 710
678 32 19
140 32 2
678 238 125
513 238 2
702 238 363
140 238 594
513 13 264
140 13 123
513 72 536
702 72 6
513 938 97
702 938 348
589 421 939
627 421 860
663 421 714
643 421 443
643 678 1256
589 678 1100
627 678 704
663 678 701
589 513 939
663 513 920
643 513 908
627 513 781
643 581 1256
627 581 704
663 581 156
589 702 1137
643 702 1132
627 702 704
663 702 500
663 140 380
287 643 1209
284 643 996
445 643 893
310 643 794
305 643 162
284 589 931
310 589 794
305 589 766
1 589 455
284 627 996
1 627 913
310 627 708
305 627 291
1 663 913
310 663 794
284 663 611
305 663 332
129 1 518
83 1 984
241 1 4
370 305 869
241 305 814
375 305 379
129 305 350
469 305 230
375 443 1265
241 287 814
469 287 674
375 287 566
83 287 402
129 287 222
370 310 1036
83 310 543
241 310 314
469 310 296
375 284 1248
469 284 1007
129 284 1007
415 284 681
83 284 532
241 284 249
370 445 949
375 445 738
129 445 302
241 445 264
469 445 262
263 469 427
274 469 33
263 129 954
192 129 747
274 129 747
307 129 743
442 129 265
274 83 538
335 83 35
307 241 831
335 241 605
192 241 361
442 241 265
263 241 252
407 375 1298
442 375 1281
192 375 277
263 375 276
192 415 662
407 415 626
274 415 454
263 415 398
335 370 605
274 370 595
289 335 1218
411 335 1098
208 335 1051
416 335 511
411 274 1197
208 274 1051
298 274 289
208 407 1300
416 407 818
298 407 570
208 442 1290
416 442 1153
298 442 875
416 307 1059
208 307 1042
289 307 770
411 307 770
289 263 902
416 263 686
298 263 403
208 263 260
411 263 224
416 192 567
298 192 289
408 208 1263
214 208 1237
214 416 1234
341 416 201
408 298 547
382 298 443
341 298 377
341 411 1176
382 411 1112
403 411 1112
214 411 963
408 289 1164
214 289 823
341 289 400
382 289 400
101 382 1173
96 382 921
96 341 1186
101 214 642
96 403 921
101 408 1299
96 408 921
