372
577 180 254
692 180 153
765 180 694
577 400 377
657 400 150
692 400 490
489 400 264
195 400 163
136 400 155
790 400 1071
765 400 318
104 400 629
577 475 414
657 475 245
692 475 259
489 475 366
195 475 170
136 475 306
790 475 831
765 475 269
104 475 969
577 484 324
657 484 298
692 484 339
489 484 264
195 484 236
136 484 573
790 484 635
765 484 519
104 484 621
577 514 324
657 514 543
692 514 309
489 514 241
195 514 324
136 514 459
790 514 1130
765 514 379
104 514 629
577 516 342
657 516 280
692 516 578
489 516 305
195 516 179
136 516 322
790 516 302
765 516 284
104 516 214
577 524 377
692 524 561
489 524 366
195 524 163
136 524 401
790 524 854
765 524 179
104 524 594
577 528 230
692 528 664
489 528 241
195 528 128
136 528 306
790 528 965
765 528 190
104 528 629
577 531 414
657 531 132
692 531 349
489 531 354
195 531 420
136 531 181
790 531 1049
765 531 500
104 531 629
577 541 342
657 541 477
692 541 154
489 541 241
195 541 205
136 541 557
790 541 833
765 541 519
104 541 254
577 621 342
657 621 308
692 621 389
489 621 264
195 621 236
136 621 308
790 621 236
765 621 268
104 621 389
577 669 377
657 669 469
692 669 499
489 669 241
195 669 554
136 669 306
790 669 1004
765 669 268
104 669 484
577 686 377
692 686 349
489 686 259
195 686 185
136 686 307
790 686 1125
765 686 452
104 686 629
577 703 297
657 703 235
692 703 349
489 703 264
195 703 308
136 703 306
790 703 962
765 703 516
104 703 421
577 718 377
657 718 278
692 718 295
489 718 278
195 718 163
136 718 306
790 718 1165
765 718 396
104 718 629
577 747 316
657 747 174
692 747 673
489 747 259
195 747 402
790 747 935
765 747 661
104 747 1037
752 577 1051
353 577 745
711 577 489
680 577 450
813 577 311
827 577 311
686 577 136
752 657 984
353 657 745
686 657 703
813 657 634
680 657 297
827 657 286
686 692 935
827 692 791
752 692 751
813 692 634
680 692 450
711 692 420
353 692 206
813 489 957
353 489 805
686 489 767
752 489 646
827 489 637
711 489 578
680 489 325
813 195 345
711 195 757
827 195 44
752 195 69
680 195 43
353 136 297
813 136 1112
711 136 76
813 790 1136
827 790 716
711 790 546
353 765 843
752 765 229
680 765 6
813 104 137
686 104 707
680 104 300
255 711 156
333 711 270
69 711 152
212 711 6
333 752 212
94 752 6
255 353 1045
333 353 655
463 353 456
154 353 431
69 353 431
94 353 229
212 353 182
463 686 1263
94 686 1004
212 686 658
255 686 381
69 686 252
333 686 247
94 827 987
212 827 925
333 827 1
94 680 1004
212 680 658
259 680 649
255 680 442
463 680 281
333 680 247
69 680 172
154 680 138
154 813 895
333 813 527
212 813 256
94 813 240
255 813 9
259 813 1
77 255 781
378 255 700
88 255 654
87 255 403
413 255 325
287 255 292
88 94 1043
287 94 61
87 94 197
378 94 18
378 259 741
77 259 708
287 259 558
413 259 266
87 259 194
375 259 189
378 333 741
77 333 639
287 333 558
413 333 477
87 333 247
307 333 216
413 69 35
378 69 88
87 69 27
88 212 846
375 212 740
77 212 706
378 212 559
413 212 477
87 212 342
287 212 220
375 154 799
378 154 741
77 154 706
88 154 654
307 154 579
413 154 266
87 154 222
375 463 1296
77 463 968
413 463 325
378 463 185
87 463 133
407 375 1238
402 375 1013
436 375 496
208 375 218
407 87 185
402 77 249
407 77 61
279 77 1
402 413 1072
436 413 1001
408 413 836
208 413 700
407 413 250
481 413 243
175 413 207
175 307 1019
408 307 999
407 307 438
402 307 315
436 307 278
208 307 275
481 307 275
68 307 275
279 307 194
481 88 47
175 88 97
208 88 704
279 88 35
407 88 4
68 287 875
481 287 801
402 287 473
436 287 464
407 287 362
208 287 282
68 378 875
481 378 801
279 378 766
208 378 744
408 378 614
175 378 614
407 378 487
402 378 473
436 378 464
362 481 26
360 481 241
298 208 589
264 208 587
267 208 587
208 208 534
233 208 441
360 208 274
362 208 197
233 68 94
264 68 5
267 68 2
208 407 1280
233 407 720
298 407 686
362 407 551
360 407 497
267 407 245
233 175 901
264 175 748
298 175 643
208 175 412
267 175 319
362 175 193
208 402 1280
298 402 840
362 402 784
360 402 497
267 402 245
233 402 145
208 408 961
362 408 784
298 408 710
233 408 317
267 408 245
360 408 108
264 279 748
298 279 572
360 279 387
362 279 320
233 279 189
208 436 1103
233 436 913
298 436 840
267 436 245
214 208 1078
330 208 425
330 360 598
214 360 420
330 233 696
343 233 435
336 233 408
349 233 365
343 298 277
355 298 238
330 298 225
214 362 660
330 362 415
101 343 833
101 349 1210
134 349 710
101 330 934
134 330 710
134 336 1274
101 336 1210
101 355 1002
101 415 833
152 214 1299
134 214 1087
101 214 430
