125
622 14 29
438 14 122
700 14 1108
622 445 411
438 445 192
763 445 1074
273 445 917
700 445 269
622 493 229
438 493 159
763 493 1058
273 493 917
700 493 865
622 513 466
763 513 372
273 513 917
700 513 557
622 605 1010
438 605 464
763 605 750
273 605 917
700 605 228
622 784 677
438 784 213
763 784 395
273 784 599
700 784 395
622 839 383
763 839 528
700 839 752
622 844 946
438 844 449
763 844 160
273 844 236
622 885 946
438 885 548
763 885 668
700 885 507
438 375 139
273 375 1024
700 375 177
627 622 879
663 622 813
678 622 586
589 622 575
589 438 793
678 438 793
627 438 537
663 438 481
627 763 97
589 273 1163
678 273 312
627 273 303
663 273 270
663 700 1174
627 700 879
678 700 600
589 700 600
256 589 1058
469 589 1040
507 589 810
123 589 729
385 627 1175
469 627 1040
507 627 527
123 627 284
256 678 1058
385 678 887
123 678 729
469 678 650
507 678 235
256 663 1058
123 663 729
507 663 235
469 663 177
143 123 1111
201 123 809
216 123 392
241 123 327
216 469 1106
143 507 41
143 256 985
216 256 840
241 256 707
201 256 233
143 385 1171
216 385 986
201 385 409
369 241 247
408 241 229
408 216 1141
175 216 934
276 216 934
369 216 471
276 201 807
369 201 641
408 201 358
175 201 310
297 143 864
369 143 535
175 143 450
408 143 388
276 143 388
374 175 460
202 175 361
362 175 195
140 276 1115
202 276 538
362 276 378
362 369 916
202 369 263
362 408 960
374 408 960
140 408 712
202 297 429
140 297 429
138 140 187
138 202 1163
154 202 461
296 202 393
154 362 931
70 296 945
68 138 1248
70 154 831
123 154 672
