156
583 451 836
609 451 366
505 451 409
551 451 380
497 451 626
583 466 808
609 466 945
505 466 501
551 466 348
497 466 1099
583 554 808
609 554 706
505 554 911
551 554 653
497 554 844
583 645 808
609 645 730
505 645 911
551 645 584
497 645 1059
583 661 1109
609 661 945
505 661 995
551 661 577
497 661 860
583 676 808
609 676 484
505 676 674
551 676 583
497 676 1099
583 749 910
609 749 706
505 749 911
551 749 653
497 749 384
583 902 13
551 902 932
497 902 2
609 1023 79
505 1023 49
551 1023 106
497 1023 114
597 583 969
585 583 969
500 583 965
643 583 828
598 583 573
597 609 1168
585 609 1168
598 609 1133
643 609 1082
500 609 756
597 505 985
500 505 748
585 505 723
598 505 677
643 505 488
597 551 869
500 551 446
598 551 418
643 551 340
585 551 197
598 497 903
585 497 695
500 497 630
597 497 629
643 497 424
428 597 1128
431 597 377
484 597 337
428 500 952
431 500 740
484 500 525
169 500 234
484 643 1233
431 643 796
428 643 641
243 598 1135
428 598 1128
484 598 931
169 598 726
431 598 703
484 585 1104
428 585 998
431 585 834
243 585 444
304 585 223
129 304 1095
172 304 760
325 304 566
361 304 482
129 169 1095
172 169 632
325 428 1217
172 428 1022
361 428 956
129 484 417
325 484 8
325 431 1217
172 431 839
300 431 659
361 431 482
300 243 773
361 243 526
408 300 1276
297 300 1147
307 300 900
235 300 594
396 300 396
297 129 1189
235 129 844
396 129 844
307 129 790
408 129 364
235 361 1282
396 361 965
307 361 447
408 361 221
235 172 1167
297 172 1010
307 172 900
396 172 479
235 325 1210
307 325 1141
396 325 965
408 325 506
264 307 1076
303 307 996
360 307 774
310 307 617
208 307 364
208 408 953
310 408 587
303 235 1218
360 235 774
208 396 829
360 396 818
303 396 646
264 396 195
303 297 895
264 297 694
208 297 194
408 208 1192
374 208 394
408 303 904
374 303 901
389 310 426
389 264 1255
408 264 328
133 389 983
101 382 1135
101 374 991
101 408 1298
133 408 913
96 408 690
96 341 1214
