166
452 155 799
785 155 390
60 155 657
85 155 5
452 530 374
295 530 447
785 530 1102
93 530 555
60 530 430
85 530 578
452 596 374
295 596 990
785 596 1131
93 596 549
60 596 671
85 596 450
452 630 374
295 630 621
785 630 1019
93 630 555
60 630 786
85 630 635
452 656 199
295 656 990
785 656 1184
93 656 549
60 656 577
85 656 445
452 666 374
295 666 162
785 666 1230
93 666 555
60 666 547
85 666 334
452 682 571
295 682 621
785 682 1149
93 682 529
60 682 764
85 682 445
452 748 374
295 748 618
785 748 1084
93 748 555
60 748 601
85 748 601
452 824 228
295 824 831
785 824 775
93 824 441
60 824 248
85 824 134
452 845 286
295 845 821
785 845 957
93 845 357
60 845 864
85 845 339
452 883 228
295 883 200
785 883 877
93 883 284
60 883 587
85 883 339
452 904 9
785 904 1105
85 904 277
295 89 260
785 89 1
60 89 6
85 89 594
801 452 1225
732 452 717
716 452 652
785 452 616
747 452 299
801 295 1236
716 295 741
785 295 741
732 295 706
747 295 299
801 785 147
747 785 268
785 93 236
747 93 445
732 93 932
785 60 771
716 60 494
801 60 723
747 60 3
747 85 1044
716 85 700
732 85 4
785 85 3
49 716 237
524 716 570
524 747 867
35 747 1278
376 732 228
524 732 150
524 785 995
49 785 753
54 801 1219
524 801 10
94 54 1220
78 54 42
412 54 60
94 1 967
87 1 503
78 524 540
329 524 538
87 524 1190
94 524 972
78 49 1290
87 49 139
329 35 629
87 35 11
94 376 729
412 376 626
78 376 610
87 376 303
100 78 893
223 78 25
250 94 856
170 94 1100
223 87 9
100 329 1050
250 329 429
170 329 429
223 329 379
223 412 423
250 412 414
346 412 245
362 100 25
168 100 279
298 170 1267
168 170 1037
266 170 377
358 170 273
362 250 1177
168 250 1068
358 250 773
266 250 260
358 223 647
298 223 647
168 223 453
362 223 413
266 223 390
168 346 1173
358 346 649
298 346 649
348 358 895
379 358 699
363 358 580
349 358 451
379 298 756
363 298 278
363 362 375
367 266 449
367 168 816
133 363 1284
133 349 1223
133 379 827
133 367 1300
96 367 578
133 348 925
