253
605 8 248
56 8 680
425 8 57
23 8 184
605 392 290
287 392 644
56 392 973
769 392 603
425 392 269
23 392 824
481 392 326
605 403 456
287 403 447
56 403 947
769 403 309
425 403 456
23 403 735
481 403 328
605 410 268
287 410 396
56 410 893
769 410 442
425 410 411
23 410 824
481 410 228
605 468 275
287 468 525
56 468 482
769 468 425
425 468 236
23 468 482
481 468 582
605 589 334
287 589 324
56 589 973
769 589 491
425 589 334
23 589 824
481 589 819
605 597 370
287 597 324
56 597 973
769 597 652
425 597 326
23 597 824
481 597 228
605 656 290
287 656 593
56 656 973
769 656 351
425 656 573
23 656 824
481 656 420
605 745 783
287 745 324
56 745 973
769 745 214
425 745 808
23 745 824
481 745 228
605 752 333
56 752 833
769 752 521
425 752 320
23 752 609
481 752 907
605 785 244
56 785 1005
769 785 678
425 785 432
23 785 939
481 785 392
605 791 501
56 791 620
769 791 367
425 791 421
23 791 939
605 812 485
287 812 650
56 812 890
769 812 805
425 812 143
23 812 538
605 818 485
56 818 194
769 818 805
425 818 358
23 818 939
481 818 161
605 824 501
56 824 620
769 824 167
425 824 421
23 824 939
481 824 161
605 849 485
287 849 214
56 849 120
769 849 805
425 849 200
23 849 939
481 849 161
605 867 363
287 867 453
56 867 708
769 867 805
425 867 251
23 867 538
605 890 290
287 890 236
56 890 555
769 890 464
425 890 690
23 890 530
481 890 209
605 898 194
287 898 7
425 898 874
481 898 556
287 1007 3
425 1007 70
481 1007 613
738 605 987
820 605 715
729 605 679
63 605 627
740 605 324
820 287 1099
63 287 1042
740 287 1009
738 287 941
729 287 554
740 56 1283
729 56 820
820 769 263
729 769 621
740 425 1213
63 425 816
820 425 711
738 425 521
729 425 307
63 23 427
738 23 893
820 23 909
740 23 42
63 481 1114
740 481 1090
820 481 957
729 481 842
738 481 689
247 820 1132
497 820 1221
279 820 14
279 740 245
414 740 388
456 740 73
457 740 13
247 738 93
279 63 485
497 63 1297
457 63 172
456 63 36
414 729 1006
247 729 995
456 729 291
143 456 862
373 456 661
412 456 592
174 456 428
373 279 824
412 279 785
143 279 659
368 279 616
143 457 1043
412 457 655
174 457 552
415 457 443
143 497 423
174 497 271
368 497 3
368 247 981
174 247 830
415 247 262
373 414 661
412 414 592
415 414 589
174 414 552
368 414 167
369 368 407
297 368 291
408 373 1035
436 373 886
398 373 796
465 373 540
385 373 354
369 373 330
385 174 1168
297 174 1021
408 174 995
436 174 919
398 174 796
369 174 563
465 174 562
297 143 1001
385 143 1001
398 143 935
436 143 741
408 143 394
369 143 236
436 412 1156
398 412 1110
385 412 1074
408 412 788
398 415 1059
436 415 1059
297 415 859
408 415 834
385 415 591
465 415 443
374 408 1146
265 408 967
267 408 241
267 369 223
374 385 1105
265 385 341
267 385 241
374 398 1176
265 398 967
374 436 809
265 436 247
267 436 241
267 297 708
264 297 464
265 297 208
267 465 5
368 265 1238
379 265 648
355 265 556
385 265 386
368 374 900
379 374 389
379 264 478
368 264 435
336 264 435
368 267 695
379 267 478
134 379 1227
69 355 1297
134 336 1295
69 336 1205
69 415 1033
134 368 1299
69 385 1033
