468
625 316 314
212 316 592
665 316 176
722 316 59
22 316 162
625 449 265
212 449 503
462 449 220
665 449 256
722 449 540
657 449 525
736 449 248
22 449 290
203 449 521
104 449 1017
625 475 418
212 475 503
462 475 305
665 475 373
722 475 777
657 475 146
736 475 430
278 475 177
22 475 146
203 475 521
104 475 1058
625 510 215
212 510 340
462 510 486
665 510 354
722 510 253
657 510 253
736 510 426
22 510 183
203 510 340
104 510 345
625 531 321
212 531 328
462 531 356
665 531 321
722 531 266
736 531 298
278 531 237
22 531 183
203 531 298
104 531 684
625 599 268
212 599 328
462 599 477
665 599 203
722 599 704
657 599 146
736 599 430
278 599 438
22 599 706
203 599 417
104 599 397
625 685 265
212 685 503
462 685 182
665 685 191
722 685 540
657 685 186
736 685 208
278 685 177
22 685 404
203 685 521
104 685 869
625 686 206
212 686 503
462 686 182
665 686 279
722 686 540
736 686 208
278 686 237
22 686 220
203 686 521
104 686 994
625 697 371
212 697 561
462 697 262
665 697 289
722 697 607
736 697 430
278 697 144
22 697 117
203 697 417
104 697 176
625 702 157
212 702 503
462 702 305
665 702 256
722 702 540
657 702 214
736 702 206
278 702 224
22 702 191
203 702 521
104 702 1058
625 747 167
212 747 503
462 747 305
665 747 289
722 747 540
657 747 153
736 747 167
278 747 237
22 747 169
203 747 521
104 747 1058
625 765 265
212 765 503
462 765 277
665 765 254
722 765 540
657 765 277
736 765 143
278 765 277
22 765 272
203 765 521
104 765 1058
625 776 386
212 776 220
462 776 264
665 776 199
722 776 295
736 776 275
278 776 440
22 776 512
203 776 228
104 776 563
625 788 361
212 788 310
462 788 264
665 788 171
722 788 295
657 788 162
736 788 368
278 788 261
22 788 512
203 788 359
104 788 678
625 794 361
212 794 220
462 794 473
665 794 147
722 794 145
657 794 221
736 794 368
278 794 127
22 794 512
203 794 359
104 794 328
625 812 149
212 812 547
462 812 275
665 812 354
722 812 293
657 812 497
278 812 261
22 812 156
104 812 328
625 833 361
212 833 310
462 833 275
665 833 354
657 833 575
736 833 368
278 833 149
22 833 512
203 833 359
104 833 328
212 107 395
665 107 66
722 107 346
736 107 240
22 107 5
212 190 891
665 190 12
657 190 4
736 190 24
278 190 26
104 190 93
212 460 503
462 460 366
665 460 259
722 460 540
657 460 230
736 460 352
278 460 237
22 460 255
203 460 521
104 460 1058
212 789 290
462 789 454
665 789 147
722 789 327
657 789 221
736 789 181
278 789 261
22 789 512
203 789 375
104 789 678
212 848 547
462 848 473
665 848 191
278 848 261
22 848 512
203 848 228
104 848 301
686 625 768
827 625 580
719 625 439
752 625 299
358 625 256
651 625 244
680 625 213
760 625 145
812 212 814
358 212 1113
719 462 484
812 462 442
680 462 412
686 462 387
358 462 358
752 462 326
827 462 241
760 462 240
651 462 226
686 665 768
827 665 580
752 665 554
651 665 347
760 665 306
719 722 379
651 722 256
752 722 11
752 657 693
760 657 612
686 657 515
680 657 326
719 657 256
812 657 205
827 657 169
760 736 533
812 736 303
719 736 231
680 736 30
651 736 12
812 278 959
358 278 786
760 278 786
680 278 413
719 278 334
651 278 334
686 278 288
752 278 256
827 278 188
760 22 409
358 22 189
812 22 91
827 22 3
651 22 1
719 203 938
760 203 567
827 203 341
812 203 21
752 203 62
651 203 34
680 203 106
719 104 484
686 104 495
680 104 250
760 104 9
1 719 933
94 719 634
200 719 15
158 719 4
41 752 30
94 752 1
158 760 62
94 760 31
35 760 19
200 812 888
158 812 468
41 812 3
94 812 14
1 651 818
41 651 793
200 651 345
463 651 302
35 651 240
212 651 215
69 651 193
94 827 920
212 827 838
158 827 929
463 686 1283
94 686 967
212 686 581
54 686 351
158 686 343
69 686 193
94 680 967
1 680 818
212 680 581
200 680 345
158 680 343
41 358 968
463 358 650
69 358 416
35 358 363
158 358 336
200 358 306
94 358 269
87 94 184
94 1 566
87 1 158
77 1 158
413 1 13
94 54 1020
402 54 288
412 54 18
77 200 642
94 200 479
87 200 479
412 200 343
402 200 320
413 200 316
72 200 258
375 41 204
412 41 122
402 41 2
415 41 5
375 35 1
87 35 13
77 35 2
87 69 16
413 69 26
39 212 719
375 212 692
94 212 584
77 212 560
72 212 529
413 212 524
87 212 419
94 158 649
72 158 539
39 158 483
375 158 372
415 158 372
375 463 1299
77 463 913
415 463 431
412 463 352
413 463 260
402 463 221
94 463 165
175 94 25
447 94 1
407 87 139
442 87 3
442 77 117
402 77 209
407 77 73
408 413 1116
402 413 996
416 413 930
208 413 569
447 413 202
442 413 202
407 413 202
175 413 168
442 375 1280
407 375 1267
447 375 889
402 375 835
416 375 573
175 39 448
442 72 245
175 72 152
407 72 17
442 402 1105
447 402 931
416 402 603
402 402 578
408 402 525
208 402 525
407 402 435
175 402 185
408 415 882
416 415 731
402 415 703
407 415 673
208 415 569
442 415 206
408 412 875
402 412 850
442 412 546
407 412 546
208 412 455
447 412 230
416 412 207
175 412 185
298 208 624
208 208 471
428 208 471
168 208 384
273 447 1300
208 447 1284
362 447 911
298 447 652
298 175 661
208 175 574
168 175 290
429 175 282
362 175 185
273 442 1293
208 442 1284
362 442 906
298 442 903
429 442 620
273 407 1300
208 407 1284
298 407 702
362 407 573
429 407 232
273 402 1300
208 402 1284
362 402 911
298 402 903
208 408 1039
362 408 911
273 408 823
298 408 744
429 408 620
362 416 911
208 416 397
298 416 277
273 416 249
214 208 1158
388 208 809
330 208 405
214 273 1158
355 298 213
330 298 172
415 428 979
355 428 975
336 428 770
214 428 567
330 428 350
388 428 284
355 429 1067
214 429 1029
415 429 998
336 429 770
330 429 606
214 362 650
330 362 356
388 168 1099
330 168 601
101 330 920
101 336 1252
101 355 1027
101 415 909
152 214 1300
200 214 1015
101 388 868
