225
402 54 126
288 54 44
542 54 160
120 54 445
574 54 421
402 176 67
120 176 1086
402 391 255
288 391 197
542 391 455
120 391 962
769 391 526
574 391 368
402 403 255
288 403 643
542 403 625
120 403 1037
769 403 526
574 403 520
402 422 197
288 422 302
542 422 532
120 422 946
769 422 532
574 422 368
402 429 301
288 429 643
542 429 527
120 429 976
769 429 526
574 429 520
402 480 255
288 480 556
542 480 666
120 480 852
769 480 526
574 480 520
402 526 609
542 526 394
120 526 962
769 526 526
574 526 368
402 591 255
288 591 252
542 591 658
120 591 962
769 591 658
574 591 244
402 642 251
288 642 643
542 642 804
120 642 946
769 642 920
574 642 520
288 411 184
542 411 442
120 411 962
769 411 347
574 411 289
560 402 1065
767 402 1032
692 402 786
738 402 619
627 402 294
560 288 1065
767 288 1032
692 288 738
738 288 685
627 288 685
560 542 1065
767 542 1032
738 542 862
627 542 862
692 542 738
560 120 607
767 120 850
627 769 102
738 574 803
627 574 803
692 574 786
560 574 438
767 574 391
463 692 1269
141 692 833
13 692 475
373 692 343
0 692 295
132 692 155
298 560 890
13 560 761
0 560 601
463 560 424
132 560 169
122 738 1011
373 738 1212
0 738 1123
13 738 1255
463 627 1241
373 627 940
122 627 888
141 627 833
13 627 475
0 627 295
132 627 155
298 627 110
298 767 1243
132 767 517
373 767 262
13 767 151
141 767 34
0 767 1
375 373 1195
104 373 1052
213 373 539
341 373 467
457 373 371
340 373 371
428 373 350
375 122 977
104 122 902
213 122 539
457 122 226
341 122 226
340 298 997
457 298 975
341 298 866
104 298 653
375 298 257
457 0 660
213 0 258
340 0 8
457 132 667
340 132 589
104 132 472
341 132 432
375 132 333
428 132 300
375 13 1300
104 13 1229
104 141 848
457 141 694
340 141 589
213 141 539
375 141 325
428 141 246
375 463 1299
428 463 228
104 463 221
457 463 221
340 463 221
341 463 196
178 457 33
297 213 939
465 213 927
178 213 666
307 213 557
408 213 243
297 340 1094
465 340 571
355 340 376
408 340 367
307 340 334
402 428 1139
408 428 970
355 428 760
178 428 237
178 375 1300
402 375 1131
297 375 835
465 375 655
355 375 483
297 341 1094
465 341 659
408 341 347
355 341 347
402 104 1221
465 104 370
297 104 59
178 104 7
408 104 28
208 178 831
475 178 558
303 178 283
303 307 684
475 307 495
208 307 454
436 307 405
437 307 395
208 402 1295
475 402 260
303 402 126
424 402 121
208 408 1063
424 408 638
475 408 372
475 465 1085
475 297 725
424 297 594
303 297 363
208 297 295
208 355 1038
475 355 743
303 355 577
154 208 855
154 436 958
382 436 625
349 436 437
343 436 325
152 475 918
382 437 1129
154 437 836
343 437 457
349 437 437
154 303 751
152 303 708
343 303 344
382 424 1129
154 424 958
349 424 230
101 343 703
76 152 1231
101 382 856
101 349 1198
152 154 1300
76 154 604
