140
387 2 2
770 2 394
769 2 1141
387 89 417
387 171 4
387 475 426
770 475 267
769 475 917
581 475 917
387 821 409
770 821 287
769 821 1063
581 821 932
387 825 396
770 825 564
769 825 720
581 825 898
387 866 409
770 866 707
769 866 857
581 866 932
387 867 409
770 867 477
769 867 949
581 867 846
387 882 409
770 882 489
769 882 750
581 882 353
770 391 508
769 391 977
581 391 965
770 566 476
769 566 821
581 566 872
770 605 476
769 605 854
581 605 1012
770 741 562
769 741 745
581 741 873
770 881 373
769 881 612
581 881 798
769 117 1137
709 387 923
730 387 886
680 387 689
643 387 616
709 770 687
709 769 994
680 769 32
643 581 1104
709 581 856
730 581 855
680 581 728
164 709 7
469 709 67
424 643 868
456 643 647
469 643 181
164 643 147
469 730 892
424 730 2
62 680 1143
469 680 969
456 680 754
424 680 552
477 424 1121
509 424 877
375 424 622
201 424 310
509 456 877
477 456 751
375 456 521
201 456 310
413 456 299
477 469 1026
413 469 18
509 62 556
477 62 940
509 164 1052
477 164 872
201 164 390
176 164 342
433 509 1
408 413 1034
433 413 473
175 413 404
255 375 887
369 375 740
408 375 240
217 477 316
255 477 461
175 477 1
255 201 1111
369 201 444
217 201 418
433 201 362
175 201 341
408 201 291
217 176 793
255 176 666
408 176 386
229 175 921
310 175 884
264 175 823
208 175 275
229 217 921
310 217 884
264 217 823
208 217 780
310 255 639
229 255 517
264 255 472
208 255 314
208 408 657
310 408 487
229 408 334
208 369 690
310 369 639
229 369 460
208 433 1155
310 433 487
229 433 334
408 208 1012
348 229 857
348 310 295
408 310 241
348 264 890
101 382 1000
96 382 732
101 408 1154
96 408 732
101 348 940
96 348 914
101 344 1154
70 344 522
96 341 1078
101 341 733
