216
449 376 22
356 376 33
449 389 851
356 389 572
638 389 671
671 389 716
613 389 493
19 389 977
449 432 851
356 432 420
638 432 671
671 432 420
19 432 544
449 459 271
356 459 572
671 459 716
19 459 977
449 591 576
356 591 572
638 591 757
671 591 716
613 591 314
19 591 977
449 632 851
356 632 572
638 632 671
671 632 716
613 632 467
19 632 977
449 662 745
356 662 529
638 662 169
671 662 528
613 662 327
19 662 528
449 693 851
356 693 572
638 693 671
671 693 716
613 693 113
19 693 977
449 806 396
356 806 123
638 806 503
671 806 579
613 806 201
19 806 795
449 846 396
356 846 687
638 846 575
671 846 637
613 846 123
19 846 785
449 862 708
356 862 225
638 862 503
671 862 637
613 862 96
19 862 795
449 865 396
356 865 123
638 865 503
671 865 637
19 865 795
449 924 27
638 924 1051
671 924 576
356 760 572
638 760 400
671 760 716
19 760 977
680 449 701
776 449 681
729 449 630
716 449 413
695 449 407
602 449 168
729 356 696
776 356 633
680 356 357
695 356 298
602 356 284
729 638 927
776 638 753
716 638 677
602 638 648
680 638 337
695 638 276
729 671 1075
695 671 751
716 671 677
602 671 648
776 671 615
680 671 544
729 613 1172
695 613 822
716 613 677
776 613 653
602 613 648
680 613 376
695 19 552
776 19 181
680 19 275
9 716 361
255 716 869
185 716 1260
255 776 1072
416 776 121
456 776 14
456 695 1133
416 695 898
255 695 742
185 695 436
416 680 898
9 680 645
255 680 624
456 680 476
185 680 436
336 680 210
456 729 292
416 729 33
336 729 18
456 602 1133
185 602 1071
416 602 531
255 602 487
336 602 405
394 456 933
39 456 813
412 456 686
103 456 657
422 456 293
103 255 841
39 255 495
394 255 327
412 255 320
103 9 1207
422 9 2
422 416 1086
394 416 933
39 416 813
103 416 657
39 185 1262
103 185 839
412 185 355
39 336 1201
103 336 839
422 336 387
394 336 257
433 422 1224
226 422 478
438 103 345
226 39 717
433 394 1073
408 394 664
436 394 501
398 394 466
408 412 968
436 412 834
398 412 834
433 412 516
226 412 251
408 415 778
398 415 661
436 415 661
226 415 478
433 415 418
417 438 1232
403 438 1188
407 438 493
426 438 291
402 438 282
403 226 1284
417 226 1282
402 226 566
426 226 441
407 226 371
402 408 966
407 408 129
402 433 966
417 433 502
402 398 580
417 398 572
407 398 238
402 436 311
417 436 190
342 402 805
330 402 515
349 402 497
343 402 471
342 403 1243
343 403 822
330 403 661
330 417 1211
342 417 805
349 417 356
343 417 274
342 426 1024
359 426 1016
330 426 770
343 426 546
349 426 308
330 407 1211
342 407 805
359 407 585
343 407 546
349 407 356
69 359 1299
134 359 1213
134 342 1300
69 342 917
69 343 1065
69 330 1200
134 330 776
69 349 917
134 349 776
