231
601 288 3
601 439 255
550 439 792
565 439 677
335 439 140
338 439 405
678 439 220
630 439 289
601 451 359
550 451 903
565 451 677
335 451 324
338 451 132
678 451 154
601 452 244
550 452 903
565 452 677
335 452 215
338 452 244
630 452 407
601 498 382
550 498 414
565 498 309
338 498 414
678 498 210
630 498 266
601 502 738
550 502 792
565 502 677
335 502 324
678 502 255
630 502 464
601 614 212
550 614 792
565 614 677
335 614 324
338 614 248
678 614 248
630 614 217
601 670 292
550 670 873
565 670 677
335 670 863
338 670 346
678 670 274
630 670 193
601 826 380
565 826 452
335 826 207
338 826 769
601 842 152
550 842 453
565 842 452
338 842 367
601 872 181
550 872 285
565 872 343
335 872 629
630 872 1062
601 895 312
550 895 561
565 895 452
335 895 579
338 895 312
678 895 279
630 895 814
550 7 1150
565 7 128
678 7 33
550 50 251
630 50 9
550 172 88
565 172 167
678 172 69
630 172 747
550 248 1017
565 248 6
338 219 29
630 219 149
626 601 1264
715 601 1072
611 601 1040
646 601 753
715 550 824
646 550 652
626 550 539
611 550 432
611 565 825
715 565 824
646 565 710
626 565 533
611 335 683
646 335 652
715 335 616
626 335 340
611 338 1160
626 338 746
646 338 652
715 338 616
626 678 1205
715 678 1072
611 678 1040
646 678 740
626 630 1234
715 630 1072
611 630 1040
646 630 765
227 715 222
458 715 674
432 715 852
483 646 1278
227 646 1104
432 646 1037
458 646 1009
463 646 940
483 626 1278
227 626 1104
432 626 1037
458 626 1009
463 626 940
483 611 1278
432 611 1037
458 611 1009
463 611 940
227 611 528
333 458 1100
139 458 970
264 458 707
234 458 675
300 458 385
333 432 1100
139 432 970
300 432 718
264 432 707
234 432 451
139 483 1149
333 483 1012
264 483 13
300 483 210
234 483 60
139 227 847
300 227 532
264 227 506
193 227 406
333 227 245
333 463 1100
139 463 837
264 463 707
193 463 605
234 463 414
300 463 385
405 333 1138
408 333 983
355 333 543
364 333 512
411 333 505
441 333 193
408 300 1228
364 300 740
355 300 507
411 300 507
441 300 468
405 300 331
408 193 823
411 193 733
355 193 612
364 193 512
405 193 453
405 234 1034
408 234 867
355 234 543
364 234 512
441 234 250
364 139 1037
441 139 999
411 139 947
408 139 741
355 139 555
405 139 331
411 264 745
355 264 612
364 264 512
405 264 453
374 411 965
391 411 945
290 411 865
267 411 402
208 411 401
391 364 978
264 364 922
290 364 451
267 364 290
290 405 986
391 405 945
374 405 470
267 405 423
208 405 401
374 441 1233
290 441 1045
391 441 945
208 441 401
374 408 998
208 408 910
290 408 842
267 408 423
391 408 327
374 355 1187
290 355 1106
391 355 943
264 355 922
208 355 839
267 355 555
214 208 1148
214 374 272
346 264 1195
348 264 1086
379 264 294
346 267 986
348 267 986
355 290 617
101 346 1296
134 346 1001
101 355 1132
134 336 1297
101 336 1296
152 214 1300
134 214 1208
101 214 588
152 348 1235
101 348 1145
134 379 1200
