238
609 430 282
763 430 900
688 430 705
753 430 903
104 430 901
609 493 649
763 493 1067
688 493 705
753 493 956
656 493 196
104 493 901
609 571 649
651 571 185
763 571 1199
688 571 684
753 571 728
656 571 311
104 571 728
609 692 649
651 692 123
763 692 966
688 692 684
753 692 956
104 692 901
609 756 649
651 756 174
763 756 1057
688 756 684
753 756 854
656 756 118
104 756 854
609 765 649
651 765 270
763 765 900
688 765 684
753 765 956
104 765 901
609 767 649
651 767 121
763 767 900
688 767 684
753 767 956
656 767 142
104 767 901
609 789 502
651 789 752
763 789 753
688 789 394
656 789 580
104 789 398
609 800 511
651 800 277
763 800 1025
753 800 615
656 800 587
609 826 550
651 826 338
763 826 846
688 826 768
753 826 147
656 826 372
104 826 361
609 842 239
651 842 121
763 842 846
688 842 792
656 842 421
104 842 361
609 867 182
651 867 752
763 867 846
688 867 267
753 867 615
656 867 662
104 867 252
609 884 550
651 884 88
763 884 846
688 884 372
753 884 542
656 884 622
609 895 360
651 895 457
763 895 673
688 895 792
753 895 615
656 895 587
104 895 312
651 799 426
763 799 846
688 799 374
753 799 463
656 799 463
104 799 361
651 846 541
763 846 456
753 846 615
656 846 587
104 846 361
779 609 1064
611 609 839
626 609 825
691 609 779
771 609 733
771 651 1207
779 651 957
691 651 779
626 651 552
611 651 228
611 763 253
779 763 619
771 763 1241
691 763 22
626 763 7
771 688 1207
779 688 1064
626 688 825
611 688 789
691 688 486
771 753 609
691 753 667
779 753 26
771 656 1173
779 656 1064
626 656 825
691 656 387
611 656 217
779 104 853
691 104 86
322 771 372
117 771 7
483 691 999
212 691 740
463 691 622
117 691 347
69 691 198
463 626 1214
483 626 1143
117 626 347
212 626 145
463 611 1214
483 611 1143
117 611 347
212 611 144
322 611 124
483 779 1068
212 779 60
333 483 842
139 483 744
325 483 507
413 483 89
300 483 354
413 25 1
300 322 930
76 322 507
333 322 370
76 69 1172
413 69 48
300 69 177
325 69 14
76 117 796
325 117 511
333 117 511
139 117 511
413 212 736
76 212 401
325 212 200
333 212 200
333 463 659
139 463 525
300 463 523
413 463 415
408 333 1164
297 333 1068
355 333 785
307 333 411
175 333 253
436 333 200
408 300 1236
297 300 929
355 300 785
307 300 725
175 300 253
408 413 1228
436 413 1153
297 413 962
355 413 467
175 413 359
307 413 291
408 139 1000
355 139 785
307 139 461
355 76 774
307 325 920
408 325 839
355 325 785
175 325 323
310 175 1025
264 175 980
374 175 850
202 175 381
264 307 865
310 307 610
391 307 596
202 307 542
374 408 888
310 408 585
391 408 278
202 408 172
374 436 920
310 436 322
264 297 570
202 297 266
310 297 257
374 355 1189
264 355 865
310 355 610
391 355 538
202 355 400
206 202 990
154 202 388
346 264 1077
206 264 990
336 264 465
154 264 369
206 391 990
154 391 908
346 374 281
206 310 1146
336 310 663
101 346 1271
134 346 912
134 336 1292
101 336 1271
101 355 857
101 374 665
134 206 800
200 154 1010
