306
421 134 1
665 134 75
161 134 648
787 134 8
191 134 177
785 134 433
421 365 589
665 365 378
161 365 447
787 365 533
421 458 366
665 458 126
161 458 510
362 458 351
787 458 325
191 458 760
785 458 976
421 524 365
362 524 351
787 524 291
191 524 918
785 524 666
421 544 387
665 544 189
161 544 358
787 544 576
191 544 532
785 544 281
421 584 387
665 584 504
161 584 495
362 584 180
787 584 495
191 584 532
785 584 340
421 589 217
665 589 497
161 589 571
362 589 278
787 589 584
191 589 221
785 589 520
421 645 387
161 645 571
362 645 351
787 645 581
191 645 830
785 645 328
421 666 254
665 666 504
161 666 232
362 666 409
787 666 571
191 666 462
785 666 795
421 717 472
665 717 244
161 717 571
362 717 455
787 717 584
191 717 532
785 717 608
421 740 254
665 740 284
362 740 409
787 740 405
191 740 310
785 740 976
421 768 365
665 768 417
161 768 662
362 768 359
787 768 140
191 768 1040
785 768 317
421 803 365
665 803 356
161 803 283
787 803 269
191 803 1040
785 803 132
421 810 365
665 810 228
161 810 408
362 810 108
787 810 266
191 810 1040
785 810 365
421 818 365
161 818 362
362 818 143
787 818 224
191 818 747
421 824 365
665 824 127
161 824 533
787 824 172
191 824 1040
785 824 328
421 837 365
665 837 206
161 837 467
362 837 206
191 837 991
785 837 192
421 967 12
665 967 111
161 967 678
787 967 24
665 459 170
161 459 641
362 459 225
787 459 584
191 459 923
785 459 356
665 858 356
362 858 224
787 858 266
191 858 536
785 858 125
789 421 724
743 421 619
796 421 385
747 421 353
692 421 306
677 421 279
801 421 222
789 665 344
743 665 344
801 665 341
692 665 263
747 665 262
634 665 201
747 161 497
634 161 354
677 161 178
789 362 875
677 362 847
743 362 483
634 362 391
747 362 331
692 362 277
796 362 255
801 362 253
743 787 553
801 787 90
692 787 298
634 787 79
747 787 184
801 191 534
789 191 752
747 191 135
692 785 282
789 785 158
801 785 76
747 785 141
743 785 1
35 747 1296
463 692 1271
319 692 787
47 692 411
35 692 296
321 692 191
35 743 322
47 743 11
1 743 2
1 796 180
457 796 39
54 801 1071
457 801 279
319 789 856
321 789 940
457 789 138
47 789 669
54 677 1058
457 677 1054
35 677 616
319 677 616
463 677 154
457 634 1054
1 634 475
35 634 475
463 634 218
321 634 191
87 1 315
77 1 190
412 54 50
78 54 9
77 319 1154
412 319 425
375 319 331
415 319 267
78 319 265
39 319 183
375 457 1257
87 457 828
77 457 720
412 457 589
415 457 253
78 457 187
87 35 8
39 52 34
375 52 3
87 47 186
77 47 1300
412 47 14
77 321 855
375 321 461
78 321 442
412 321 310
415 321 267
375 463 1295
77 463 1148
415 463 503
39 463 140
412 463 140
100 78 736
438 78 97
408 78 16
385 78 5
438 87 525
407 87 75
407 77 62
100 77 12
407 375 1288
17 375 633
385 375 424
408 375 240
17 39 1296
100 39 22
385 39 24
385 412 1046
408 412 828
407 412 505
17 412 434
407 415 948
385 415 865
408 415 790
168 100 353
424 100 3
424 438 643
208 438 513
298 438 391
437 438 374
168 438 260
402 438 202
208 407 1263
298 407 816
424 407 451
298 408 985
208 408 823
402 408 754
424 408 568
208 385 1276
424 385 451
298 385 375
168 17 1298
298 17 9
437 17 281
437 193 1110
168 193 1110
424 193 465
298 193 200
208 193 195
168 377 1289
424 377 413
437 377 319
388 208 1016
340 208 450
330 208 450
343 402 547
340 402 547
330 402 534
379 402 508
349 402 377
388 402 377
379 424 1078
388 424 544
330 424 272
340 424 272
349 424 272
388 437 1127
330 437 1044
340 437 1036
343 437 661
349 437 590
379 298 874
343 298 429
330 298 264
340 298 264
330 168 510
340 168 1178
388 168 1186
69 343 1037
95 343 820
69 330 1135
134 330 763
95 330 740
69 349 912
95 349 832
134 349 763
134 379 1208
134 340 838
95 388 1261
134 388 1141
69 388 812
