164
632 448 625
316 448 477
93 448 956
426 448 655
298 448 655
632 557 814
316 557 565
93 557 478
426 557 786
298 557 811
632 619 814
316 619 565
93 619 527
426 619 858
298 619 887
632 752 814
316 752 477
93 752 651
426 752 786
298 752 811
632 798 660
316 798 586
93 798 988
426 798 409
298 798 1074
632 808 636
316 808 96
93 808 884
298 808 1062
632 831 660
316 831 586
93 831 1154
426 831 701
298 831 1074
632 883 636
316 883 531
93 883 723
426 883 701
298 883 1025
632 892 660
316 892 586
93 892 251
426 892 1100
298 892 1074
316 1012 441
426 1012 322
426 207 1024
298 207 372
776 632 1180
743 632 1063
732 632 978
656 632 713
675 632 293
675 316 1121
776 316 1047
743 316 843
732 316 708
656 316 520
732 93 1169
776 93 1288
743 93 1228
675 93 234
776 426 808
743 426 666
656 426 473
675 426 472
732 426 472
732 298 1172
743 298 1063
776 298 884
656 298 694
675 298 522
260 732 335
49 656 919
260 656 468
394 656 380
457 776 83
394 776 288
476 776 17
457 675 934
394 675 868
476 675 684
260 675 468
394 743 698
476 743 364
260 743 1153
94 476 937
192 476 689
11 476 35
87 49 105
78 49 1265
11 394 1000
94 394 979
78 394 830
87 394 401
87 457 992
78 457 370
87 260 914
11 260 787
78 260 580
94 260 394
100 78 696
217 78 130
223 78 3
175 192 1133
223 192 1023
170 192 621
250 192 537
217 192 248
250 94 1034
170 94 1213
175 94 6
223 87 2
217 11 28
289 100 21
289 175 1151
298 175 944
358 175 798
266 175 325
208 175 202
298 170 1269
208 170 777
266 170 494
358 170 241
298 217 825
208 217 777
358 217 684
289 217 515
266 217 476
358 250 796
208 250 619
289 250 462
266 250 192
358 223 606
208 223 576
298 223 492
266 223 476
374 208 471
389 208 447
326 208 443
407 358 1210
344 358 1044
389 358 617
344 298 968
374 298 665
389 298 637
374 266 1292
326 266 967
407 266 558
344 289 1126
326 289 965
389 289 637
407 289 474
133 389 1057
101 389 805
101 344 1298
133 344 1076
101 377 955
101 374 1138
133 374 784
101 326 1298
133 326 805
133 407 1243
101 407 1052
