360
731 9 713
665 9 1
149 9 138
506 9 66
731 177 501
8 177 9
731 408 524
601 408 339
665 408 430
8 408 918
149 408 420
270 408 379
186 408 849
506 408 378
731 481 288
601 481 339
665 481 279
8 481 213
149 481 344
270 481 196
186 481 249
506 481 296
731 509 524
601 509 324
665 509 610
8 509 918
149 509 193
270 509 228
186 509 849
506 509 290
731 531 524
601 531 300
665 531 438
8 531 918
149 531 225
270 531 228
186 531 849
506 531 414
731 535 524
601 535 300
665 535 610
8 535 918
149 535 338
270 535 228
186 535 849
506 535 427
731 542 627
601 542 325
665 542 430
8 542 896
149 542 196
270 542 228
186 542 849
506 542 581
731 567 1026
601 567 259
665 567 486
8 567 485
270 567 298
186 567 437
506 567 581
731 616 524
601 616 300
665 616 563
8 616 918
149 616 193
270 616 228
186 616 849
506 616 392
731 753 524
601 753 339
665 753 430
8 753 918
149 753 338
270 753 228
186 753 849
506 753 219
731 786 165
601 786 201
665 786 292
8 786 840
149 786 373
270 786 552
186 786 346
506 786 793
731 842 258
601 842 170
665 842 525
8 842 840
149 842 701
270 842 552
186 842 403
506 842 252
731 878 356
601 878 375
665 878 344
8 878 506
149 878 525
270 878 356
186 878 562
506 878 506
731 879 165
601 879 375
665 879 272
8 879 770
149 879 613
186 879 346
506 879 793
601 116 366
665 116 219
8 116 713
149 116 326
270 116 29
601 854 374
665 854 393
8 854 770
149 854 373
270 854 367
506 854 793
608 731 233
158 731 200
636 731 3
581 601 638
636 601 505
651 601 395
608 601 358
158 601 330
605 601 217
581 665 646
636 665 367
158 665 344
608 665 328
651 665 212
677 665 197
605 665 182
158 8 367
636 8 274
581 8 158
608 8 28
677 8 3
677 149 483
158 149 672
636 149 204
608 149 47
605 270 672
158 270 608
677 270 481
636 270 302
608 270 266
651 270 185
651 186 29
605 506 618
651 506 497
636 506 497
158 506 308
581 506 288
677 506 199
608 506 157
1 636 911
463 636 880
297 636 850
469 636 638
458 636 481
455 636 360
350 636 231
1 608 763
469 608 745
403 608 371
455 608 318
458 608 259
161 608 228
463 608 177
297 608 143
297 581 850
1 581 763
463 581 610
469 581 578
403 581 531
350 581 438
455 581 318
458 581 254
1 651 911
469 651 577
403 651 531
455 651 363
297 651 345
458 651 231
161 651 228
463 651 177
297 677 850
469 677 578
403 677 531
350 677 231
458 677 193
463 677 193
455 677 193
1 677 141
1 605 763
469 605 745
458 605 364
455 605 363
161 605 333
350 605 281
463 605 218
297 605 165
469 158 1077
403 158 206
297 158 17
1 158 36
337 1 340
87 1 234
413 1 35
313 458 735
87 458 632
412 458 594
333 458 505
413 458 440
337 458 393
402 350 550
87 350 543
337 350 517
413 350 455
412 350 401
333 350 335
337 469 528
313 469 1015
413 469 53
412 469 445
402 469 3
413 403 811
402 403 811
87 403 548
415 403 512
313 403 406
415 455 992
413 455 876
402 455 826
412 455 646
313 297 845
413 297 401
402 297 401
412 297 362
333 297 289
337 161 731
412 161 510
87 161 305
402 161 299
313 463 735
412 463 530
333 463 505
415 463 496
413 463 440
337 463 393
402 463 212
405 333 1105
408 333 826
309 333 613
411 333 405
364 333 311
433 333 270
17 337 1028
433 337 537
408 337 474
309 337 456
364 337 311
405 337 303
411 337 271
411 87 19
433 87 150
408 413 1121
309 413 326
433 413 321
405 413 296
364 413 175
433 402 1186
408 402 667
405 402 430
309 402 363
17 402 147
411 402 135
17 313 1004
433 313 527
408 313 474
411 313 323
309 313 315
408 412 856
411 412 531
433 412 465
17 412 421
405 412 371
309 412 201
408 415 1099
405 415 358
309 415 326
433 415 307
411 415 227
364 415 175
229 364 619
298 364 505
168 364 446
423 364 277
423 411 741
298 411 657
208 411 465
267 411 443
229 411 170
298 405 942
267 405 443
208 405 419
168 405 275
423 405 220
298 408 942
208 408 702
267 408 443
229 408 374
423 408 311
208 433 1300
267 433 650
229 433 374
423 433 311
423 17 955
168 17 1288
298 17 7
267 17 45
267 309 631
423 309 543
229 309 537
298 309 407
168 309 266
388 208 1005
324 208 497
340 208 409
388 229 656
340 229 635
349 229 529
324 229 497
379 229 400
343 229 395
379 298 733
343 298 426
340 298 230
324 298 230
379 267 400
388 423 1228
340 423 1192
324 423 1074
379 423 935
343 423 710
349 423 618
340 168 1131
388 168 1178
324 168 939
95 343 841
133 349 1209
95 349 880
133 379 874
95 324 1239
133 324 983
95 388 1239
133 340 1300
