141
703 160 327
793 160 578
703 511 1137
793 511 876
554 511 515
375 511 189
703 648 1084
793 648 876
554 648 758
375 648 235
703 782 889
793 782 180
375 782 644
703 788 1119
793 788 161
554 788 683
375 788 596
703 804 862
793 804 679
554 804 683
375 804 249
703 815 650
793 815 650
554 815 276
375 815 596
703 820 926
793 820 797
554 820 683
375 820 644
703 880 1100
793 880 699
554 880 683
375 880 249
703 989 187
554 989 1122
375 989 891
793 95 1137
554 95 899
375 95 439
375 341 442
576 703 1187
805 703 917
804 703 606
702 793 989
576 793 1118
805 793 1135
804 793 361
805 554 1045
576 554 617
804 554 500
804 375 1167
805 375 1134
576 375 699
702 375 687
484 576 1273
526 576 1146
93 576 1005
483 576 573
1 576 516
93 805 762
484 805 1249
304 804 1138
484 804 1286
526 804 335
1 804 166
483 804 14
484 702 1273
526 702 1146
93 702 1005
304 702 739
483 702 573
415 304 1027
449 304 929
129 304 917
181 304 349
129 1 842
300 483 566
181 484 1099
449 484 1236
129 484 162
449 93 631
181 93 711
181 526 696
449 526 85
300 526 227
415 463 610
300 463 566
449 463 301
129 463 226
408 300 1269
100 300 585
307 300 537
17 300 302
385 300 273
100 181 952
307 181 537
17 129 877
100 129 830
307 129 753
408 129 502
241 449 697
100 449 739
385 449 76
408 415 1168
385 415 663
168 100 367
208 408 1019
374 408 927
402 408 575
208 385 1227
374 385 1223
168 385 164
168 307 995
208 307 553
168 17 1299
168 241 1004
208 241 254
342 402 591
343 402 568
330 402 487
349 402 428
342 208 936
380 208 528
330 208 431
343 374 308
380 168 226
330 168 457
342 168 479
145 330 1160
95 330 879
145 343 1282
95 343 784
145 342 1282
133 342 1262
95 342 992
133 349 1217
145 349 1154
95 349 852
145 380 1282
133 380 1259
95 380 793
