97
788 325 1208
250 325 789
769 325 932
788 514 1229
250 514 1089
769 514 1056
788 555 1229
250 555 1089
769 555 986
788 649 749
250 649 643
769 649 899
788 709 1158
250 709 1089
769 709 986
788 794 1007
250 794 1009
769 794 416
788 815 1023
250 815 1009
769 815 578
788 853 761
250 853 856
769 853 244
788 881 1023
250 881 849
769 881 340
250 375 1135
631 788 459
621 788 718
621 250 99
709 769 1278
631 769 754
402 709 587
203 709 506
414 621 1214
203 621 1086
403 621 1069
402 621 873
414 651 1244
203 651 1086
403 651 1069
402 651 944
402 631 1219
203 631 1086
414 631 281
403 631 136
477 203 1083
413 203 953
307 203 287
378 203 200
413 402 1129
378 402 791
477 403 1124
413 403 1065
378 414 791
413 414 742
477 414 570
408 413 1151
465 413 1031
175 413 689
208 413 679
408 307 1275
175 307 1272
465 307 877
208 307 239
408 378 1178
175 378 1178
208 378 1141
465 378 998
465 477 77
208 477 612
175 477 6
310 208 950
229 208 950
264 208 870
339 208 244
310 175 1132
229 175 1124
264 175 870
339 175 370
310 408 795
339 408 730
229 408 596
339 465 4
345 229 621
355 229 508
374 229 456
345 310 621
345 264 749
345 339 327
101 332 1212
101 355 1122
101 345 1163
70 345 870
101 374 1053
70 374 918
