170
814 222 60
236 222 41
27 222 261
814 422 481
236 422 892
53 422 610
57 422 796
27 422 476
549 422 467
814 423 555
236 423 252
53 423 610
57 423 1041
27 423 555
549 423 467
814 439 366
236 439 667
53 439 610
57 439 1041
27 439 476
549 439 467
814 545 243
236 545 649
53 545 610
57 545 1040
27 545 476
549 545 467
814 570 396
236 570 452
53 570 564
57 570 553
27 570 512
549 570 467
814 625 743
236 625 447
53 625 610
57 625 766
27 625 659
549 625 467
814 644 355
236 644 462
53 644 610
57 644 1020
27 644 476
549 644 467
814 655 476
236 655 112
53 655 610
57 655 997
27 655 476
549 655 467
814 726 278
236 726 388
53 726 610
57 726 1025
27 726 476
549 726 467
236 873 276
53 873 487
57 873 477
516 814 222
823 814 470
712 814 114
295 236 911
136 236 477
516 236 14
295 53 832
712 53 220
516 53 31
516 57 570
136 57 990
295 57 464
712 57 24
136 27 1040
712 549 843
136 549 540
295 549 485
823 549 316
669 549 308
229 823 125
224 823 42
229 669 1043
121 669 894
463 669 545
224 669 417
32 669 154
121 136 1052
229 136 1062
224 136 461
226 136 213
32 136 18
121 295 806
224 295 684
229 295 654
226 295 569
32 295 117
121 712 357
229 516 987
32 516 844
224 516 610
121 516 184
353 32 830
353 229 771
375 229 508
353 226 805
353 121 810
353 224 805
375 224 350
375 463 1069
414 463 1068
390 463 873
353 463 550
402 353 501
436 353 501
398 353 496
407 375 1041
402 375 889
398 375 498
436 375 462
416 375 462
402 390 1015
407 390 1015
416 390 995
398 390 273
408 390 234
402 414 859
436 414 832
398 414 814
416 414 666
407 414 383
408 414 234
140 407 1071
208 407 1069
206 407 640
424 407 351
140 402 1071
208 402 1069
206 402 1016
208 408 940
140 408 827
206 408 819
424 408 398
291 408 285
206 398 1043
208 398 665
140 398 665
424 398 510
291 398 174
140 436 900
208 436 900
206 436 881
424 436 220
206 416 1043
140 416 662
424 416 483
208 416 355
238 140 960
214 208 903
342 208 714
342 424 529
214 291 466
342 291 300
342 168 459
342 206 880
152 342 890
152 214 1071
200 214 875
76 214 429
152 238 1071
200 238 875
