285
351 519 388
799 519 1133
783 519 995
701 519 319
617 519 652
506 519 640
233 519 331
351 568 508
799 568 794
783 568 794
617 568 615
506 568 640
233 568 544
351 595 189
799 595 879
783 595 879
701 595 187
617 595 693
506 595 640
233 595 434
351 628 317
799 628 1055
783 628 995
701 628 270
617 628 388
506 628 640
233 628 402
351 631 343
799 631 966
783 631 966
701 631 401
617 631 693
506 631 640
233 631 626
351 686 317
799 686 676
783 686 365
701 686 254
617 686 652
506 686 269
233 686 572
351 687 458
799 687 1069
783 687 995
701 687 544
617 687 544
506 687 640
233 687 626
351 693 511
799 693 1088
783 693 184
701 693 333
617 693 568
506 693 152
233 693 901
351 695 376
799 695 621
783 695 599
701 695 592
617 695 492
506 695 599
233 695 462
351 736 223
799 736 1156
783 736 995
701 736 347
617 736 367
506 736 640
233 736 626
351 809 564
799 809 224
783 809 291
701 809 760
617 809 598
506 809 342
233 809 530
351 811 231
799 811 506
701 811 871
617 811 392
506 811 235
233 811 911
351 826 564
799 826 506
701 826 760
617 826 191
233 826 530
351 842 564
799 842 463
783 842 186
701 842 760
617 842 279
233 842 530
351 860 477
783 860 148
701 860 871
617 860 477
233 860 890
799 570 977
783 570 977
701 570 345
617 570 693
506 570 640
233 570 240
799 606 1064
783 606 995
701 606 421
617 606 615
506 606 640
233 606 455
783 55 1152
233 55 759
783 177 38
691 351 519
611 351 494
779 351 477
626 351 185
704 799 179
611 799 10
691 799 6
704 783 1079
646 783 5
779 701 1046
704 701 906
691 701 824
626 701 659
611 701 626
646 701 457
691 617 832
611 617 758
779 617 691
626 617 659
646 617 331
704 617 234
691 506 598
646 506 580
779 506 471
611 506 471
626 506 258
704 506 215
646 233 179
704 233 1230
483 646 1244
463 646 1195
212 646 888
411 646 817
402 646 375
69 646 163
212 691 888
483 691 825
411 691 817
463 691 486
402 691 216
1 691 185
69 691 163
212 704 1104
116 704 1203
483 626 1244
463 626 1195
402 626 770
411 626 583
212 626 147
483 611 1244
463 611 1195
212 611 197
411 611 191
402 611 107
483 779 1051
212 779 33
413 1 60
172 483 382
333 483 739
139 483 969
300 483 288
413 483 113
68 483 224
413 411 1058
333 411 902
172 411 751
139 411 631
300 411 468
68 411 245
413 402 1054
172 402 751
300 402 572
68 402 309
333 116 599
139 116 599
172 116 333
300 69 125
413 69 58
413 212 736
68 212 237
333 212 216
333 463 902
139 463 631
413 463 516
300 463 468
415 463 376
68 463 376
408 333 1152
307 333 411
411 333 302
441 333 225
408 300 1202
307 300 730
441 300 405
416 300 326
411 300 302
408 413 1211
398 413 1149
436 413 1144
416 413 1078
441 413 241
307 413 195
307 68 120
441 139 939
408 139 874
411 139 757
307 139 337
441 172 882
307 172 678
416 172 305
398 172 281
436 172 281
408 172 248
408 415 1121
416 415 932
398 415 821
436 415 821
307 415 327
441 415 246
411 415 174
374 411 955
391 411 703
208 411 508
267 411 341
374 441 1246
391 441 703
360 441 501
208 441 413
264 307 893
391 307 673
360 307 526
267 307 442
208 307 393
374 408 890
208 408 838
267 408 341
391 408 335
360 408 222
374 398 1246
208 398 568
360 398 421
391 398 312
374 436 921
208 436 700
267 436 341
360 436 230
374 416 1194
208 416 444
391 416 346
360 416 338
214 208 1051
374 208 367
326 208 277
326 360 858
389 391 909
326 374 797
214 374 333
389 264 1218
389 267 905
326 267 533
377 267 433
133 389 1017
101 377 638
134 336 1294
101 336 1287
133 336 1256
101 355 1064
101 374 955
134 214 1169
101 214 604
101 326 1297
133 326 670
