233
654 276 234
777 276 3
308 276 68
654 420 376
588 420 525
703 420 1064
538 420 335
777 420 710
308 420 624
425 420 568
654 432 276
588 432 563
703 432 903
538 432 501
777 432 1038
308 432 123
425 432 501
654 530 180
588 530 178
703 530 1064
538 530 313
777 530 710
308 530 742
654 652 138
588 652 274
703 652 1064
538 652 219
777 652 995
308 652 332
425 652 342
654 656 601
588 656 601
703 656 903
538 656 154
777 656 1007
308 656 742
425 656 180
654 740 260
588 740 552
703 740 651
538 740 325
777 740 724
308 740 625
425 740 351
654 755 221
588 755 552
703 755 903
538 755 313
777 755 263
425 755 299
654 884 606
588 884 799
703 884 645
538 884 363
777 884 767
308 884 122
425 884 269
588 264 1045
588 505 200
703 505 1064
538 505 313
777 505 935
308 505 154
425 505 168
588 607 170
703 607 953
538 607 235
777 607 1038
308 607 201
588 661 167
703 661 614
538 661 772
777 661 881
308 661 395
425 661 510
588 746 178
703 746 903
538 746 772
777 746 719
308 746 235
425 746 504
703 317 1
538 317 2
777 317 560
425 187 628
738 654 921
585 654 887
769 654 672
804 654 586
591 654 145
804 588 1026
738 588 971
585 588 887
611 588 415
769 588 316
591 588 267
585 703 887
738 703 700
769 703 672
804 703 596
591 703 137
738 538 946
804 538 864
769 538 712
585 538 338
591 538 290
611 777 74
738 777 145
804 308 818
738 308 771
769 308 733
611 308 435
591 308 328
585 308 224
738 425 946
769 425 733
591 425 446
804 425 439
611 425 368
585 425 350
1 769 8
273 769 3
169 769 5
526 591 1001
1 591 724
483 591 547
169 591 463
463 591 371
273 591 148
526 738 106
169 738 158
463 611 1189
483 611 1042
526 611 1001
169 611 175
273 611 148
526 804 151
1 804 231
273 804 973
169 804 656
483 804 34
1 585 724
526 585 577
483 585 547
447 1 248
413 1 7
333 483 870
412 483 459
413 483 79
78 483 38
78 169 518
447 169 425
447 273 750
415 273 346
412 526 165
415 463 578
333 463 499
412 463 490
413 463 319
373 447 1040
385 447 612
307 447 254
408 78 38
307 78 157
385 78 2
408 333 1043
297 333 979
307 333 643
436 333 455
408 413 1242
436 413 1151
297 413 752
385 413 318
307 413 204
436 412 1134
385 412 1129
408 412 936
373 412 726
307 412 254
408 415 1100
436 415 818
297 415 752
373 415 726
385 415 692
307 415 254
303 307 949
264 307 922
208 307 521
267 307 411
374 408 976
208 408 971
267 408 300
208 385 1240
374 385 1204
303 385 685
264 385 179
303 373 1137
267 373 869
264 373 869
208 373 380
374 436 1017
208 436 602
267 436 300
303 436 261
267 297 797
264 297 797
303 297 603
208 297 303
363 208 424
348 208 217
389 208 217
152 374 877
346 374 349
152 303 877
389 303 299
389 264 1237
346 264 1190
348 264 1030
349 264 332
389 267 961
346 267 961
348 267 961
363 267 610
133 363 1271
101 343 1034
101 346 1285
133 346 910
133 389 879
76 152 1277
101 349 1285
133 349 1121
101 348 1185
133 348 1010
