119
388 52 517
742 52 1145
27 52 1181
388 423 478
57 423 1287
742 423 592
27 423 748
388 570 335
57 570 627
742 570 1017
27 570 627
388 595 418
57 595 1259
742 595 671
27 595 1034
388 599 712
57 599 1047
742 599 700
27 599 748
388 625 487
57 625 954
742 625 231
27 625 748
388 683 520
57 683 614
742 683 1081
27 683 614
388 875 889
57 875 689
742 875 362
388 883 748
57 883 748
742 883 700
27 883 203
742 242 1242
712 388 1209
669 388 705
823 388 559
295 388 535
136 388 479
136 57 1261
295 57 450
712 57 132
295 742 774
669 742 274
136 27 1289
229 823 134
278 823 1
229 669 1267
121 669 1176
278 669 803
121 712 493
275 712 4
229 712 1
121 136 1292
229 136 1280
278 136 355
275 136 73
121 295 955
229 295 829
353 229 1174
375 229 523
353 278 1027
353 121 1195
353 275 1117
375 275 397
415 275 397
414 275 397
402 375 1223
398 375 589
436 375 543
416 375 543
412 375 264
402 353 569
436 353 569
398 353 532
416 390 1253
402 390 1245
412 390 1203
398 390 269
408 390 243
402 414 1160
436 414 1040
398 414 1006
416 414 875
412 414 275
408 414 243
416 415 896
412 415 896
402 415 834
436 415 834
398 415 834
408 415 631
140 402 1300
208 402 1296
206 402 1221
208 408 1139
140 408 1115
206 408 936
206 398 1250
140 398 1008
208 398 880
208 436 1158
140 436 1158
206 436 1065
206 416 1250
140 416 1008
208 416 409
140 412 1252
437 412 447
206 412 322
238 140 1114
342 208 967
342 437 1097
342 168 656
342 206 1113
152 342 1126
152 238 1300
200 238 1131
