188
777 52 22
128 52 423
27 52 1152
777 423 988
128 423 551
57 423 1259
223 423 524
27 423 982
777 426 988
128 426 551
57 426 1058
223 426 294
27 426 812
777 512 1050
128 512 266
57 512 1234
223 512 161
27 512 1011
777 525 644
128 525 248
57 525 609
223 525 317
27 525 696
777 545 988
128 545 538
57 545 1234
223 545 294
27 545 690
777 595 1050
128 595 401
57 595 1195
223 595 234
27 595 1011
777 657 988
128 657 558
57 657 1125
223 657 153
27 657 965
777 726 988
128 726 551
57 726 1213
223 726 294
27 726 970
777 748 988
128 748 356
57 748 1192
223 748 414
27 748 690
777 789 818
128 789 404
57 789 328
223 789 609
27 789 262
777 849 1032
128 849 266
57 849 266
223 849 877
27 849 210
135 777 1134
136 777 917
516 777 920
484 777 97
823 128 276
135 128 1244
136 128 7
821 57 970
136 57 1151
135 57 327
516 57 846
821 223 1280
516 223 1085
823 223 23
135 27 1046
484 27 1148
136 27 1253
821 27 1
229 823 189
278 823 1
32 484 929
121 484 778
229 484 741
278 484 688
496 484 511
496 135 632
32 135 1249
121 135 124
278 135 15
229 136 1270
121 136 1243
278 136 246
32 136 56
496 821 429
229 821 104
32 516 1214
229 516 1099
496 516 968
121 516 351
278 516 185
413 496 45
353 32 818
241 32 684
413 229 1026
353 229 852
241 229 429
413 278 763
353 278 649
353 121 854
413 121 604
241 121 381
436 353 648
398 353 648
306 353 632
408 353 265
306 241 473
436 413 1187
398 413 1166
408 413 1105
412 413 1091
416 413 965
306 413 593
416 390 1232
412 390 1193
398 390 631
408 390 486
436 390 114
436 415 865
398 415 865
408 415 850
412 415 703
416 415 703
306 415 491
436 414 1187
398 414 1166
416 414 793
412 414 600
306 414 593
408 414 486
362 306 1091
324 306 757
267 306 539
424 306 426
362 408 910
208 408 873
324 408 599
267 408 466
424 408 464
362 398 910
424 398 611
324 398 535
208 398 353
267 398 240
362 416 910
424 416 601
324 416 535
208 416 405
208 436 711
324 436 535
267 436 466
424 436 294
267 412 466
362 412 282
324 412 262
424 412 257
208 412 208
342 208 897
340 208 350
330 208 350
379 424 938
342 424 570
340 424 289
330 424 289
349 424 260
379 267 498
340 362 473
330 362 473
342 324 631
379 324 498
349 324 432
343 324 312
69 343 1036
69 330 1079
134 330 797
69 349 980
134 349 797
134 342 1298
69 342 980
134 379 1153
134 340 881
