161
150 457 610
256 457 186
394 457 863
581 457 662
264 457 649
150 636 733
394 636 249
581 636 860
150 656 415
256 656 336
394 656 863
581 656 662
150 673 377
256 673 273
394 673 150
581 673 662
264 673 922
150 737 538
256 737 262
394 737 863
581 737 662
264 737 497
150 782 689
256 782 542
394 782 236
581 782 587
264 782 542
150 798 367
256 798 459
394 798 442
581 798 768
264 798 215
150 811 521
256 811 495
394 811 422
581 811 599
264 811 522
150 821 902
256 821 521
394 821 283
581 821 768
264 821 634
150 830 712
256 830 780
394 830 112
581 830 768
264 830 522
150 849 788
256 849 618
394 849 283
581 849 768
264 849 238
150 867 788
256 867 453
394 867 467
581 867 698
264 867 332
150 881 691
256 881 702
394 881 283
581 881 768
264 881 421
150 887 689
256 887 729
394 887 236
581 887 342
264 887 727
804 150 1076
756 150 918
756 256 1114
804 256 981
613 256 811
591 256 632
756 394 1123
804 394 981
591 394 907
613 394 94
804 581 985
756 581 712
591 581 643
613 581 357
804 264 1029
613 264 906
591 264 692
756 264 345
419 756 1029
406 756 98
406 591 1010
455 591 802
419 591 418
417 591 373
406 613 1100
419 613 477
455 613 258
419 804 560
143 417 1028
447 417 961
434 417 242
447 419 902
143 419 892
78 419 576
434 419 347
447 406 993
143 406 892
78 406 576
434 406 347
447 455 1117
143 455 826
78 455 576
434 455 242
217 78 130
209 78 326
237 447 1092
373 447 1084
179 447 926
209 447 821
373 434 1084
179 434 926
209 434 821
237 434 599
237 143 787
209 143 759
373 143 600
331 217 1103
303 217 884
264 217 801
208 217 774
298 217 567
303 209 596
298 209 535
303 373 998
264 373 408
298 373 378
331 237 1103
208 237 485
298 237 444
264 237 408
264 179 824
303 179 756
298 179 567
408 208 1095
374 208 347
374 331 849
389 264 1062
348 264 867
408 303 1014
374 303 817
374 298 877
382 298 657
408 298 657
389 298 543
341 298 327
133 389 960
101 382 1034
101 341 635
101 374 995
133 374 655
101 408 1157
133 408 699
101 348 971
133 348 960
