395
584 111 406
786 111 646
232 111 275
209 111 388
790 111 158
584 134 267
137 134 16
786 134 158
209 134 24
22 134 104
584 149 12
786 149 580
232 149 203
810 149 462
22 149 125
613 149 18
584 167 122
232 167 21
149 167 85
209 167 505
810 167 744
584 349 1
786 349 358
810 349 49
22 349 87
584 467 387
137 467 264
786 467 429
232 467 317
149 467 208
209 467 217
810 467 482
22 467 374
613 467 300
790 467 1064
104 467 379
584 483 197
786 483 514
232 483 268
149 483 356
209 483 492
810 483 594
22 483 255
790 483 940
104 483 379
584 527 323
137 527 664
786 527 626
232 527 194
149 527 356
209 527 217
810 527 482
613 527 194
790 527 1064
104 527 539
584 531 271
137 531 388
786 531 342
232 531 251
149 531 298
209 531 447
810 531 504
22 531 264
613 531 303
790 531 1061
104 531 379
584 548 252
137 548 275
786 548 611
232 548 230
149 548 356
209 548 282
810 548 482
22 548 276
613 548 167
790 548 752
104 548 379
584 698 153
137 698 508
786 698 626
232 698 252
149 698 208
209 698 607
810 698 495
22 698 190
613 698 433
790 698 188
584 720 323
137 720 275
786 720 565
232 720 317
149 720 246
209 720 217
810 720 250
22 720 374
613 720 343
790 720 250
104 720 250
584 747 252
137 747 454
786 747 454
232 747 223
149 747 298
209 747 217
810 747 482
22 747 153
613 747 200
790 747 987
104 747 922
584 765 339
137 765 453
786 765 626
232 765 252
149 765 298
209 765 217
810 765 482
22 765 252
613 765 216
790 765 540
104 765 833
584 767 242
137 767 396
786 767 626
232 767 413
149 767 142
209 767 217
810 767 482
22 767 318
613 767 151
790 767 1064
104 767 446
584 776 441
786 776 221
232 776 258
149 776 339
209 776 144
810 776 347
22 776 644
790 776 240
104 776 382
584 788 463
137 788 527
786 788 353
232 788 188
209 788 284
810 788 463
22 788 644
790 788 144
104 788 435
584 789 441
137 789 426
786 789 383
232 789 258
149 789 467
209 789 284
810 789 347
22 789 644
613 789 268
104 789 465
584 794 541
786 794 383
232 794 328
149 794 255
209 794 240
810 794 347
22 794 644
613 794 268
790 794 144
584 848 441
137 848 527
232 848 967
149 848 255
209 848 144
810 848 347
22 848 644
790 848 123
584 855 475
137 855 527
232 855 328
149 855 645
810 855 466
22 855 644
104 855 502
584 878 475
137 878 322
786 878 383
232 878 134
149 878 467
209 878 154
810 878 466
22 878 644
613 878 331
104 878 392
786 270 23
209 270 65
22 270 28
613 270 318
786 300 324
149 300 261
209 300 5
810 300 38
613 300 135
742 584 901
686 584 882
736 584 777
677 584 711
827 584 678
605 584 404
769 584 222
769 137 823
686 137 964
686 786 590
677 786 736
742 786 311
827 232 696
677 232 900
742 232 384
769 232 1
769 149 299
677 149 590
742 149 933
736 209 1042
827 209 192
677 209 1
686 810 262
742 810 95
736 810 238
677 810 1
769 22 306
677 22 13
605 22 13
742 613 926
736 613 777
677 613 711
827 613 248
769 613 210
605 613 159
827 790 735
677 790 331
686 104 695
769 104 299
605 104 48
322 742 865
364 742 452
217 769 225
35 769 98
465 769 26
522 769 14
465 827 384
212 827 1026
522 827 934
463 686 1278
212 686 800
465 686 451
4 686 311
35 686 206
35 736 753
465 736 439
4 736 1271
322 677 639
35 677 375
4 677 251
522 677 188
364 677 137
463 677 121
35 605 1058
465 605 617
217 605 427
322 605 322
4 605 271
522 605 259
463 605 245
364 605 168
39 4 1069
413 4 1
440 465 822
413 465 217
440 217 639
413 217 532
39 217 368
375 217 264
412 217 175
39 364 1124
412 364 913
440 364 517
413 364 267
375 35 1
39 322 1162
412 322 582
440 322 389
413 322 270
39 212 1094
440 212 639
375 212 545
413 212 532
412 522 922
375 463 1299
390 463 882
415 463 427
413 463 270
39 463 260
412 463 260
440 463 147
436 413 1093
408 413 1048
416 413 921
385 413 269
407 413 205
193 413 174
407 440 1275
416 440 1182
385 440 970
193 440 648
408 440 190
17 440 190
407 375 1279
17 375 655
416 375 644
436 375 634
385 375 390
408 375 248
17 39 1297
385 39 41
100 39 27
407 390 1221
416 390 1182
385 390 828
408 390 391
385 412 1020
408 412 916
436 412 836
17 412 451
407 412 358
416 412 321
407 415 880
385 415 828
416 415 781
408 415 771
436 415 701
168 100 361
208 407 1288
267 407 370
436 407 240
437 407 240
208 408 885
402 408 648
267 408 370
208 385 1250
402 385 293
267 385 233
168 17 1297
436 17 522
437 17 305
267 17 46
168 193 1167
436 193 1103
437 193 1067
267 193 631
208 193 232
208 436 701
267 436 370
402 436 330
402 416 455
208 416 455
437 416 292
168 416 260
340 402 720
343 402 600
379 402 526
349 402 448
388 402 448
388 208 1040
340 208 453
388 436 1182
379 436 999
349 436 624
340 436 582
343 436 400
388 437 1178
340 437 1140
349 437 624
343 437 600
379 267 539
340 168 1122
388 168 1139
69 343 1004
95 343 767
69 349 851
95 349 829
134 349 765
134 340 803
95 388 1231
134 388 1124
69 388 691
134 379 1218
