397
1 628 184
532 628 435
450 628 304
657 628 326
713 628 283
732 628 359
534 628 198
132 628 344
650 628 198
1 659 168
532 659 435
450 659 176
665 659 196
657 659 326
713 659 366
732 659 278
534 659 290
132 659 255
650 659 192
1 662 141
532 662 435
450 662 223
665 662 266
657 662 347
713 662 362
732 662 452
534 662 292
132 662 226
650 662 141
1 677 144
532 677 435
450 677 283
665 677 280
657 677 326
713 677 306
732 677 283
534 677 782
132 677 161
650 677 250
1 738 159
532 738 435
450 738 310
665 738 196
657 738 326
713 738 149
732 738 270
534 738 782
650 738 198
1 742 184
532 742 435
450 742 310
665 742 193
657 742 326
713 742 245
732 742 278
534 742 141
132 742 250
1 776 142
532 776 174
450 776 151
665 776 166
713 776 286
732 776 226
534 776 116
650 776 223
1 777 415
450 777 129
665 777 249
657 777 282
713 777 223
732 777 223
534 777 492
132 777 465
650 777 426
1 784 415
450 784 254
665 784 311
657 784 245
534 784 609
650 784 184
1 799 172
532 799 174
450 799 267
657 799 172
713 799 570
732 799 226
132 799 459
650 799 433
1 813 415
532 813 174
450 813 137
665 813 299
713 813 286
732 813 226
534 813 504
132 813 362
650 813 362
1 817 377
450 817 240
665 817 249
657 817 444
713 817 286
732 817 226
534 817 240
132 817 465
650 817 440
1 847 335
450 847 267
665 847 214
657 847 284
713 847 180
534 847 467
132 847 399
650 847 496
1 870 174
532 870 174
450 870 198
665 870 311
657 870 108
713 870 162
732 870 374
534 870 507
132 870 127
650 870 162
1 885 174
532 885 174
450 885 254
665 885 112
657 885 284
713 885 180
732 885 185
534 885 467
132 885 465
650 885 433
1 941 55
532 941 217
450 941 9
665 941 306
713 941 96
534 941 24
132 941 20
650 941 20
532 313 170
665 313 457
132 313 546
532 451 284
450 451 199
665 451 193
657 451 210
713 451 362
732 451 581
534 451 782
132 451 420
650 451 198
532 464 394
450 464 190
665 464 194
657 464 326
713 464 211
732 464 270
534 464 735
650 464 261
532 1004 154
665 1004 1
657 1004 212
713 1004 2
534 1004 538
650 1004 17
665 919 148
732 919 1
534 919 217
508 1 10
508 532 532
735 532 532
686 532 449
781 532 416
763 532 344
42 532 331
617 532 168
658 450 520
735 450 503
781 450 475
763 450 412
713 450 411
617 450 337
508 450 314
658 665 719
42 665 291
617 665 284
763 665 241
686 665 194
713 665 159
781 665 151
763 657 515
42 657 376
713 657 372
658 657 372
617 657 284
686 657 282
508 657 158
781 657 125
763 713 19
713 713 132
658 713 17
713 732 536
508 732 127
735 534 831
508 534 659
686 534 449
763 534 367
781 534 359
713 534 335
658 534 335
617 534 304
42 534 202
763 132 422
735 132 426
781 132 282
658 132 20
763 650 655
617 650 571
658 650 519
713 650 504
42 650 376
686 650 267
781 650 168
508 650 158
735 650 148
418 713 348
446 713 413
431 713 620
49 713 79
428 713 24
403 713 1
463 508 701
49 508 410
431 508 307
446 508 216
428 508 193
520 735 884
49 735 8
446 735 19
403 735 3
414 658 610
403 658 413
431 658 324
418 658 287
463 658 120
446 658 99
463 686 1129
414 686 496
418 686 404
49 686 329
446 686 324
403 686 272
431 686 183
428 781 141
520 781 106
418 763 171
403 763 173
49 763 18
520 763 196
446 763 51
431 42 242
414 617 610
49 617 540
463 617 424
403 617 413
431 617 324
446 617 324
418 617 287
440 418 658
375 418 509
412 418 306
414 418 250
440 403 733
413 403 549
375 403 509
415 403 500
414 403 250
413 49 86
440 49 1
375 446 672
414 446 672
413 446 303
412 446 241
415 428 895
414 428 715
412 428 304
413 428 275
390 428 274
440 428 244
415 431 1030
413 431 741
440 431 658
375 431 509
412 431 241
412 520 62
414 414 1123
375 414 1057
390 414 823
415 414 823
412 414 416
413 414 275
375 463 1132
414 463 1119
390 463 775
415 463 561
412 463 365
413 463 275
440 463 120
436 413 1048
408 413 1035
398 413 1022
416 413 711
439 413 372
385 413 211
175 413 110
408 307 1014
175 307 961
398 307 684
436 307 496
416 307 306
439 307 277
436 375 730
416 375 730
398 375 702
385 375 321
408 375 320
416 440 1085
385 440 681
436 412 924
398 412 924
385 412 897
408 412 694
439 412 321
416 412 321
408 415 819
385 415 729
436 415 697
398 415 697
416 415 575
416 390 1085
385 390 729
408 390 460
398 390 405
436 414 1048
398 414 1022
416 414 702
439 414 489
385 414 467
408 414 460
264 175 917
298 175 600
267 175 510
168 175 332
208 175 276
298 408 743
208 408 589
267 408 290
208 385 906
298 385 263
267 385 209
298 436 743
208 436 474
267 436 290
208 398 301
208 416 234
298 416 182
298 439 743
267 439 290
208 439 278
342 208 883
388 208 883
330 208 356
340 208 356
379 264 381
379 298 598
343 298 231
340 298 179
330 298 179
379 267 381
388 168 988
342 168 490
340 168 981
330 168 510
69 343 919
69 330 1005
134 330 684
134 342 1132
69 342 806
134 340 812
134 388 1014
69 388 648
69 349 806
134 349 684
134 379 1061
