251
399 10 11
93 10 7
785 10 1101
399 230 154
787 230 863
785 230 810
781 230 1050
399 415 244
657 415 636
787 415 607
93 415 274
785 415 1064
781 415 593
399 436 492
657 436 636
787 436 413
93 436 452
785 436 672
781 436 593
399 448 513
657 448 487
787 448 346
93 448 619
785 448 617
781 448 591
399 468 232
657 468 636
787 468 420
93 468 556
785 468 651
781 468 593
399 514 550
657 514 636
787 514 555
93 514 358
785 514 1035
781 514 593
399 548 332
657 548 298
787 548 687
93 548 332
785 548 859
781 548 332
399 622 528
657 622 320
787 622 717
93 622 619
785 622 617
781 622 202
399 740 239
657 740 636
787 740 615
93 740 239
785 740 1019
781 740 761
399 771 360
657 771 393
787 771 477
93 771 600
785 771 663
781 771 441
399 798 763
657 798 726
787 798 477
93 798 600
785 798 546
781 798 396
399 803 232
657 803 184
787 803 364
93 803 529
785 803 303
781 803 513
399 819 339
657 819 393
787 819 113
93 819 282
785 819 219
781 819 993
399 832 763
657 832 373
787 832 130
93 832 265
785 832 489
781 832 518
399 845 763
657 845 258
787 845 120
93 845 265
785 845 523
781 845 518
399 857 545
657 857 516
787 857 572
93 857 242
785 857 672
781 857 993
399 883 215
657 883 373
787 883 137
93 883 273
785 883 523
781 883 137
399 967 205
657 967 4
787 967 58
781 967 100
732 399 842
801 399 747
796 399 570
658 399 395
743 399 236
801 657 813
732 657 428
796 657 330
743 657 310
658 657 310
743 787 500
801 787 254
743 93 985
732 93 1045
801 93 16
801 785 364
732 785 2
743 785 2
732 781 663
457 732 1
218 743 27
457 658 1022
481 658 838
218 658 406
54 658 207
1 796 122
244 796 52
457 796 27
481 801 893
54 801 993
218 801 228
244 801 788
457 801 157
94 54 1068
78 54 13
87 1 523
94 1 881
375 481 1149
78 481 121
87 481 94
307 481 64
307 244 918
94 244 780
87 244 768
375 244 633
78 244 456
375 457 1111
87 457 910
307 457 496
78 457 232
415 457 162
94 218 698
87 218 682
78 218 547
251 78 181
223 78 22
385 78 2
251 87 289
223 87 4
250 94 873
170 94 1041
251 94 448
175 94 5
208 94 1
175 307 1047
170 307 960
250 307 946
251 307 283
250 375 479
170 375 479
385 375 423
385 415 847
208 415 541
251 415 270
223 415 180
362 250 1025
168 250 754
358 250 607
266 250 233
208 250 221
298 208 762
208 208 436
358 208 431
168 208 415
362 208 303
298 175 785
358 175 679
266 175 423
168 175 423
362 175 303
208 175 194
298 170 1114
168 170 754
208 170 419
266 170 332
358 170 150
298 251 721
358 251 679
168 251 307
208 385 1119
298 385 443
358 385 294
362 385 230
266 385 210
358 223 506
298 223 506
362 223 490
208 223 476
266 223 416
168 223 403
388 208 760
340 208 389
374 208 389
395 208 389
340 358 579
379 358 571
395 358 469
349 358 312
395 298 1041
374 298 755
379 298 617
340 298 259
382 298 241
388 298 224
374 362 478
395 362 478
340 362 478
374 266 1084
395 266 297
388 168 1023
340 168 997
134 395 914
101 395 644
101 382 954
101 349 1109
133 349 1015
134 349 611
134 379 1025
133 379 790
101 374 696
133 340 1148
134 340 626
134 388 892
101 388 740
