249
657 408 432
764 408 179
722 408 345
250 408 432
384 408 734
190 408 271
104 408 542
657 437 210
764 437 279
722 437 473
250 437 436
384 437 526
190 437 229
104 437 229
657 449 792
764 449 279
722 449 610
250 449 446
384 449 526
190 449 271
104 449 610
657 481 622
764 481 279
722 481 473
250 481 436
384 481 413
190 481 531
104 481 571
657 527 230
764 527 279
722 527 473
250 527 436
384 527 734
190 527 230
104 527 542
657 552 728
764 552 104
722 552 718
250 552 446
190 552 271
104 552 738
657 680 745
764 680 279
722 680 473
250 680 616
384 680 413
190 680 371
104 680 413
657 729 180
764 729 298
722 729 638
250 729 436
384 729 343
190 729 148
104 729 638
657 747 420
764 747 281
722 747 718
250 747 92
384 747 677
190 747 362
104 747 816
657 765 357
764 765 279
722 765 718
250 765 436
384 765 321
190 765 222
104 765 797
657 767 124
764 767 279
722 767 527
250 767 436
384 767 734
190 767 151
104 767 542
657 778 107
764 778 674
722 778 230
250 778 95
384 778 511
190 778 200
104 778 261
657 794 515
764 794 674
722 794 169
250 794 175
384 794 511
190 794 716
104 794 261
657 826 435
764 826 674
722 826 348
250 826 179
384 826 354
190 826 274
104 826 537
686 657 634
42 657 326
774 657 263
802 657 248
581 657 235
827 657 167
774 764 374
827 764 1
774 722 135
802 722 1
802 250 457
581 384 772
802 384 742
827 384 642
774 384 610
686 384 323
42 384 103
774 190 708
686 190 666
802 190 372
42 190 95
802 104 792
686 104 701
42 104 25
217 774 857
208 774 193
94 774 15
463 581 786
94 581 750
212 581 726
35 581 683
217 581 653
54 581 396
212 802 578
212 827 844
94 827 693
208 827 76
463 686 958
94 686 750
212 686 726
100 686 419
54 686 319
35 686 158
100 42 979
94 54 696
220 54 443
420 94 64
94 208 451
420 208 436
440 208 377
220 208 375
390 208 268
307 208 189
390 100 510
440 100 1
440 217 619
94 217 451
220 217 375
420 217 359
307 35 222
440 212 619
94 212 451
220 212 346
420 212 185
390 463 753
220 463 383
415 463 346
440 463 186
94 463 165
420 463 74
385 420 840
416 420 613
170 420 196
250 420 172
250 94 519
170 94 829
175 94 24
377 94 20
175 307 897
408 307 839
377 307 794
170 307 742
250 307 600
416 307 159
416 440 823
385 440 800
377 440 208
408 440 199
175 440 199
250 440 166
170 440 139
416 390 823
385 390 798
250 390 299
408 390 266
175 390 126
416 415 724
385 415 509
408 415 403
250 415 166
385 220 933
377 220 845
170 220 742
250 220 600
175 220 256
233 175 830
255 175 830
298 175 570
208 175 217
362 175 140
362 250 764
255 250 415
298 250 254
298 170 908
233 170 752
208 170 267
362 170 141
208 408 811
362 408 618
298 408 617
233 408 299
255 408 208
208 385 971
255 385 849
233 385 614
298 385 315
233 416 888
362 416 618
208 416 474
298 416 315
255 416 208
233 377 411
255 377 246
362 377 216
388 208 647
340 208 348
340 233 487
379 233 477
388 233 243
389 255 313
379 298 477
389 298 342
340 298 260
340 362 356
133 389 591
150 358 904
133 358 640
150 379 904
133 379 591
133 340 982
150 340 525
150 388 740
