278
654 404 321
257 404 387
736 404 282
303 404 393
93 404 366
785 404 1006
327 404 248
781 404 471
654 426 244
257 426 393
736 426 244
303 426 440
93 426 300
785 426 672
327 426 271
781 426 471
654 442 179
257 442 233
736 442 1011
303 442 506
93 442 509
785 442 996
327 442 225
781 442 471
654 510 171
257 510 244
736 510 581
303 510 394
93 510 786
785 510 836
327 510 314
781 510 421
654 526 186
257 526 393
736 526 1011
303 526 440
93 526 509
785 526 771
327 526 564
781 526 345
654 558 466
257 558 257
736 558 667
303 558 394
93 558 581
785 558 389
327 558 389
781 558 369
654 655 466
257 655 257
736 655 590
303 655 394
93 655 825
785 655 312
327 655 193
781 655 369
654 682 174
257 682 393
736 682 581
303 682 440
93 682 426
785 682 652
327 682 259
781 682 518
654 792 129
257 792 399
736 792 361
303 792 707
93 792 738
785 792 145
327 792 247
781 792 647
654 802 146
257 802 140
303 802 707
93 802 179
785 802 188
327 802 247
781 802 362
654 821 280
257 821 158
736 821 168
303 821 345
93 821 320
785 821 250
327 821 149
781 821 293
654 845 188
257 845 250
736 845 388
303 845 417
93 845 320
785 845 250
327 845 345
781 845 670
654 857 509
257 857 479
736 857 119
303 857 192
93 857 217
785 857 470
327 857 247
781 857 711
654 883 455
257 883 399
736 883 201
303 883 214
93 883 263
785 883 297
327 883 201
781 883 114
654 887 280
257 887 193
93 887 320
785 887 575
327 887 490
781 887 174
257 230 630
785 230 648
781 230 1049
257 235 234
736 235 17
327 235 370
257 604 393
736 604 581
303 604 440
93 604 426
785 604 700
327 604 564
781 604 286
736 330 900
743 654 1013
747 654 991
785 654 871
736 654 843
801 654 179
785 257 1096
747 257 1067
736 257 756
801 257 492
743 257 315
801 736 708
785 303 1096
747 303 1067
736 303 893
801 303 798
743 303 580
743 93 1055
747 93 428
736 93 134
785 93 376
801 93 16
801 785 299
736 785 201
747 785 311
801 327 752
747 327 745
785 327 745
743 327 580
736 327 180
785 781 1036
736 781 22
35 747 1272
11 747 24
35 743 268
49 743 2
54 801 954
244 801 948
481 801 1051
11 801 117
49 785 787
11 785 316
35 736 1020
94 54 1105
412 54 53
78 54 50
412 456 592
307 456 509
329 456 284
78 456 271
94 456 261
78 481 322
307 481 60
78 49 1279
307 244 996
78 244 734
412 244 731
94 244 704
329 244 530
329 35 835
307 35 250
329 11 451
412 11 243
78 11 84
415 11 16
100 78 914
217 78 220
223 78 18
250 94 770
170 94 1100
208 94 2
170 307 895
217 307 871
250 307 813
100 307 769
346 307 518
223 307 246
100 329 994
223 329 429
217 329 429
208 329 402
170 329 332
250 329 332
208 412 373
100 412 322
223 412 310
217 412 256
250 412 250
346 412 233
208 415 515
100 415 284
346 415 263
223 415 232
168 100 276
298 100 2
298 208 817
168 208 689
402 208 634
358 208 370
266 208 225
208 208 213
298 217 752
358 217 687
208 217 611
266 217 437
168 217 251
168 250 1023
358 250 666
208 250 481
266 250 295
298 170 1257
168 170 1001
208 170 610
266 170 447
402 170 227
358 170 162
358 223 534
298 223 534
266 223 437
208 223 380
168 223 354
168 346 1168
298 346 604
358 346 604
343 402 569
349 402 552
363 208 738
367 208 691
348 208 307
348 358 822
363 358 601
349 358 424
343 358 356
343 298 453
363 298 349
367 168 781
367 266 496
363 266 281
133 363 1294
96 363 712
101 343 1029
101 349 1291
133 349 1211
133 367 1300
96 367 712
101 348 1184
133 348 990
96 348 874
