161
601 434 336
355 434 126
712 434 1023
229 434 1184
601 448 656
355 448 184
633 448 133
712 448 1023
229 448 1184
601 479 291
355 479 189
633 479 268
712 479 1023
229 479 1184
601 605 584
355 605 189
633 605 545
712 605 1023
229 605 1184
601 640 638
355 640 648
633 640 257
712 640 1023
229 640 1169
601 670 468
355 670 648
633 670 434
712 670 1009
229 670 1009
601 693 933
355 693 206
633 693 224
712 693 1023
229 693 1184
601 771 176
355 771 629
633 771 928
712 771 696
229 771 1136
601 811 240
355 811 558
633 811 263
712 811 912
229 811 1136
601 827 476
355 827 558
633 827 565
712 827 696
229 827 1136
601 938 217
633 938 9
229 938 76
355 28 11
633 28 604
355 51 224
712 51 1120
355 177 29
633 177 703
355 321 317
712 321 1224
355 802 558
633 802 934
712 802 722
229 802 819
355 908 124
712 908 322
229 908 854
633 159 1103
712 159 46
691 601 1237
611 601 672
646 601 671
790 601 581
691 355 1235
790 355 1181
611 355 692
646 355 270
790 633 1123
691 633 1017
646 633 671
611 633 477
790 712 624
691 712 1183
691 229 1184
790 229 1246
350 790 722
458 790 505
199 790 22
483 691 955
350 691 855
458 691 758
432 691 758
199 691 447
483 646 1249
458 646 1227
432 646 1006
350 646 905
199 646 447
483 611 1249
458 611 1227
432 611 1006
16 458 1128
333 458 1083
264 458 889
112 458 855
172 458 767
16 350 1233
333 350 684
264 350 412
172 350 296
333 432 1083
264 432 889
112 432 515
16 432 515
16 483 748
172 483 578
333 483 1010
112 483 294
264 483 20
16 199 1280
333 199 1112
112 199 679
172 199 630
264 199 436
405 16 841
364 16 889
411 16 148
405 333 1265
408 333 875
411 333 715
364 333 687
364 112 916
411 264 1118
364 264 687
405 264 684
364 172 1122
411 172 606
391 364 984
264 364 819
267 364 380
391 411 941
307 411 899
208 411 379
267 411 335
391 405 941
307 405 791
267 405 609
208 405 244
208 408 734
267 408 609
374 208 304
349 264 316
379 264 307
349 307 356
379 267 307
69 343 1111
69 349 1043
134 349 950
69 355 1299
69 374 788
134 379 1265
