350
601 467 403
572 467 465
82 467 345
209 467 473
810 467 661
136 467 508
78 467 389
790 467 1121
601 503 418
572 503 239
82 503 622
209 503 549
810 503 484
136 503 256
78 503 428
790 503 322
601 524 429
572 524 354
209 524 473
810 524 630
195 524 270
136 524 508
506 524 273
78 524 389
790 524 394
601 585 312
572 585 354
82 585 622
209 585 473
810 585 630
195 585 204
136 585 508
78 585 428
790 585 380
601 686 403
572 686 465
209 686 473
810 686 661
195 686 270
136 686 508
78 686 389
790 686 1089
601 698 465
572 698 354
209 698 822
810 698 131
195 698 142
136 698 508
506 698 347
78 698 389
790 698 236
601 765 470
572 765 451
209 765 482
810 765 451
195 765 244
136 765 508
506 765 136
78 765 389
790 765 643
601 776 276
572 776 334
209 776 410
810 776 487
195 776 646
136 776 214
506 776 506
78 776 570
790 776 214
601 782 276
572 782 213
82 782 323
209 782 222
810 782 487
195 782 646
136 782 159
506 782 506
78 782 323
790 782 188
601 789 429
572 789 213
82 789 491
209 789 429
810 789 487
136 789 253
78 789 570
601 848 276
572 848 337
209 848 320
810 848 487
195 848 116
136 848 110
78 848 748
790 848 194
601 854 501
572 854 213
82 854 491
209 854 587
810 854 414
195 854 646
136 854 234
506 854 506
78 854 371
601 865 276
572 865 213
82 865 129
209 865 538
810 865 451
195 865 646
136 865 334
506 865 506
78 865 570
790 865 253
601 867 276
572 867 213
82 867 384
209 867 819
810 867 487
78 867 748
601 869 441
572 869 213
810 869 487
195 869 241
136 869 142
506 869 166
78 869 748
601 876 276
572 876 213
82 876 204
209 876 410
810 876 487
136 876 138
78 876 323
790 876 253
601 887 225
209 887 530
810 887 353
195 887 646
506 887 506
78 887 398
790 887 194
601 893 276
572 893 213
82 893 268
209 893 380
810 893 487
195 893 646
136 893 234
506 893 506
78 893 589
790 893 389
572 9 516
195 9 936
506 9 22
790 9 533
572 177 820
195 177 848
78 177 17
715 601 776
827 601 755
711 601 589
626 601 578
716 601 551
611 601 388
716 572 550
711 572 478
827 572 394
611 572 372
626 572 372
715 572 372
729 572 367
611 82 153
715 82 400
827 82 393
729 82 700
711 82 868
626 82 2
729 209 1103
827 209 105
711 209 1074
716 209 761
626 209 41
729 810 9
729 195 729
711 195 926
611 195 5
626 195 89
827 195 38
716 195 26
711 136 182
716 136 634
611 136 54
711 506 780
715 506 462
827 506 428
611 506 399
729 506 363
716 506 339
626 506 227
827 78 1034
611 78 409
827 790 720
711 790 876
626 790 1
483 716 63
185 716 826
76 716 711
150 716 305
458 716 3
458 715 455
297 715 207
150 715 76
76 711 1273
150 711 689
185 711 207
297 711 231
76 827 25
463 626 1101
483 626 819
458 626 626
76 626 496
463 611 1101
483 611 819
458 611 626
297 611 276
76 611 219
185 611 176
297 729 723
150 729 500
76 729 3
112 458 782
333 458 609
139 458 561
234 458 498
412 458 494
264 458 470
375 458 349
333 483 558
139 483 842
112 483 343
412 483 345
234 483 34
264 483 10
333 185 360
412 185 351
139 185 298
375 185 263
264 185 263
234 185 250
333 76 290
264 76 1
412 150 605
333 150 360
264 150 312
139 150 267
333 297 392
375 297 363
264 297 288
375 463 1294
333 463 609
139 463 561
412 463 494
264 463 470
415 463 445
234 463 237
405 333 1073
408 333 974
411 333 387
364 333 381
68 333 283
385 333 225
364 112 450
405 234 725
408 234 725
364 234 381
364 139 809
411 139 676
408 139 547
68 139 283
405 139 276
385 264 632
411 264 545
364 264 381
405 264 376
408 264 299
416 375 686
408 375 328
385 375 312
405 375 262
411 375 262
364 375 239
408 412 956
385 412 838
411 412 541
405 412 325
416 412 204
408 415 943
385 415 680
416 415 625
405 415 325
411 415 245
364 415 220
324 411 651
391 411 618
208 411 586
267 411 538
402 411 178
391 364 633
402 364 616
168 364 334
267 364 317
324 68 318
402 68 189
267 68 5
391 405 618
267 405 538
208 405 358
324 405 268
402 405 196
402 408 764
208 408 724
324 408 600
267 408 538
208 385 1149
324 385 651
267 385 264
402 385 238
324 416 651
208 416 566
402 416 566
391 416 242
267 416 227
342 208 1024
330 208 297
379 402 674
342 402 572
330 402 489
349 402 442
379 391 426
330 391 344
379 267 426
330 168 531
342 168 571
342 324 805
349 324 536
379 324 426
134 330 813
134 349 813
134 342 1298
134 379 1231
