194
668 14 69
668 84 190
658 84 865
668 186 603
668 324 326
668 359 586
658 359 809
668 453 148
769 453 503
581 453 503
658 453 559
620 453 559
668 500 522
581 500 361
658 500 570
620 500 570
668 566 415
769 566 383
581 566 590
658 566 937
620 566 981
668 709 677
769 709 163
581 709 420
658 709 930
620 709 930
668 756 416
769 756 416
581 756 401
658 756 937
620 756 981
668 872 590
581 872 744
658 872 416
620 872 579
668 882 205
769 882 571
581 882 287
658 882 571
620 882 593
769 811 678
581 811 309
658 811 806
620 811 579
769 836 667
581 836 764
658 836 591
620 836 722
769 860 678
581 860 879
658 860 493
620 860 579
769 867 826
581 867 592
658 867 472
620 867 423
769 881 493
581 881 865
658 881 512
620 881 722
643 668 1131
738 668 1024
627 668 1001
801 668 789
781 668 566
815 668 497
801 769 271
627 769 24
643 581 1131
627 581 745
738 581 745
815 581 623
781 581 241
801 581 178
801 658 1101
815 658 1037
627 658 848
781 658 775
643 658 726
738 658 535
643 620 1131
627 620 1057
738 620 913
801 620 789
781 620 566
815 620 497
122 643 1041
284 643 975
445 643 760
424 643 727
0 643 369
1 643 119
0 815 9
1 815 2
284 627 975
122 627 942
1 627 705
0 627 273
445 627 74
445 738 307
0 738 1036
122 738 1122
424 801 171
445 801 343
375 424 632
95 424 461
296 424 367
129 1 721
95 1 28
241 1 9
95 0 1146
226 0 20
375 122 1099
129 122 1004
95 122 966
226 122 488
296 122 284
375 284 1099
129 284 1004
296 284 886
226 284 661
95 284 571
241 284 293
375 445 669
95 445 461
129 445 414
241 445 346
263 95 402
127 95 1147
297 95 88
255 95 6
465 95 4
297 226 1071
127 226 642
263 226 439
255 226 318
465 226 294
263 129 972
297 129 772
192 129 662
465 129 409
263 241 433
192 241 403
465 241 293
297 241 293
297 375 874
255 375 594
465 375 594
263 375 403
127 375 310
192 375 289
297 296 954
255 296 454
465 296 454
263 296 403
192 296 289
127 296 237
475 263 732
289 263 732
298 263 352
411 263 155
475 255 1021
289 255 981
411 255 419
208 255 419
298 255 275
475 127 946
298 192 298
289 297 863
411 297 838
475 297 622
208 297 312
475 465 1097
411 465 185
408 208 1087
214 208 1053
326 208 394
326 298 352
408 298 352
382 411 1018
214 411 990
326 411 365
408 475 248
326 475 1
408 289 1044
326 289 733
214 289 651
382 289 336
101 382 982
96 382 697
101 214 575
101 326 1152
101 408 1152
96 408 697
