385
605 400 264
420 400 364
583 400 463
353 400 647
551 400 371
364 400 464
267 400 519
605 410 264
420 410 257
436 410 537
583 410 387
353 410 438
551 410 377
364 410 188
267 410 255
605 423 264
420 423 171
436 423 597
583 423 302
353 423 438
551 423 386
267 423 321
586 423 237
605 427 286
420 427 389
583 427 214
353 427 478
551 427 215
364 427 464
267 427 402
586 427 282
605 432 277
420 432 216
436 432 185
583 432 463
353 432 438
551 432 261
364 432 364
267 432 219
605 433 331
420 433 253
436 433 254
583 433 463
353 433 230
551 433 417
364 433 275
267 433 331
586 433 302
605 451 350
420 451 222
436 451 185
583 451 405
551 451 194
364 451 273
267 451 559
586 451 273
605 452 383
420 452 215
436 452 604
583 452 420
353 452 524
551 452 143
267 452 402
586 452 363
605 467 264
420 467 364
436 467 201
583 467 463
353 467 405
551 467 371
364 467 268
267 467 178
586 467 268
605 473 264
420 473 364
436 473 604
583 473 463
353 473 478
551 473 371
364 473 168
267 473 402
586 473 163
605 504 264
436 504 251
583 504 420
353 504 524
551 504 169
267 504 402
586 504 363
605 530 271
436 530 225
583 530 463
353 530 478
551 530 332
364 530 223
267 530 402
586 530 302
605 547 264
420 547 364
583 547 463
353 547 438
551 547 371
364 547 482
267 547 285
586 547 282
605 576 319
420 576 375
436 576 379
353 576 478
551 576 315
364 576 224
267 576 402
586 576 402
605 607 264
420 607 232
436 607 378
583 607 240
353 607 478
551 607 344
364 607 378
267 607 402
586 607 302
605 618 277
420 618 319
436 618 266
583 618 463
353 618 438
551 618 309
267 618 430
586 618 225
605 661 264
420 661 232
436 661 225
583 661 463
353 661 438
551 661 386
267 661 369
586 661 228
605 749 350
420 749 208
436 749 208
583 749 464
353 749 524
551 749 295
364 749 498
267 749 260
586 749 363
605 774 220
583 774 604
353 774 534
551 774 225
364 774 361
267 774 776
586 774 649
605 825 220
436 825 223
583 825 604
353 825 349
364 825 151
267 825 552
586 825 187
605 854 322
583 854 268
353 854 534
551 854 311
364 854 222
267 854 776
586 854 187
605 866 487
436 866 230
583 866 109
353 866 534
551 866 311
364 866 361
267 866 776
586 866 649
605 880 487
420 880 163
436 880 276
583 880 313
353 880 534
551 880 311
364 880 151
267 880 754
585 605 1131
738 605 1089
627 605 800
805 605 378
769 605 186
738 420 1032
585 420 847
769 420 777
781 420 486
805 420 437
632 420 372
627 420 128
738 436 800
781 436 788
769 436 777
805 436 436
585 436 426
632 436 278
627 436 126
738 583 842
627 583 753
781 583 577
632 583 498
585 583 467
769 583 376
805 583 338
738 353 611
781 353 570
585 353 492
632 353 449
627 353 441
805 353 436
769 353 255
781 551 788
627 551 611
738 551 611
769 551 574
632 551 449
805 551 317
585 551 205
738 364 1032
769 364 777
781 364 695
805 364 628
585 364 355
627 364 342
632 364 326
585 267 847
738 267 788
627 267 788
805 267 365
632 267 231
769 267 203
738 586 955
627 586 753
805 586 536
769 586 293
585 586 166
122 738 1157
373 738 1240
169 738 105
122 769 692
243 769 38
428 769 148
169 769 8
463 627 1288
122 627 1030
373 627 1029
414 627 537
243 627 366
169 627 209
122 805 63
414 805 265
169 805 86
375 805 252
375 781 186
428 781 146
169 781 16
243 632 1067
414 632 802
169 632 613
463 632 612
375 632 575
373 632 490
122 632 258
373 585 1118
122 585 936
414 585 537
428 585 389
243 585 366
375 373 1234
390 373 858
415 373 835
414 373 527
325 373 239
375 122 1180
390 122 858
50 122 790
415 122 720
414 122 527
447 122 268
375 169 968
447 169 472
325 428 1030
415 428 928
414 428 847
50 428 642
412 428 598
447 428 259
390 428 252
325 375 438
375 375 302
447 375 268
447 243 449
375 243 298
414 414 1293
375 414 1224
390 414 1178
415 414 1174
412 414 598
50 414 420
447 414 352
375 463 1298
414 463 1286
390 463 1002
415 463 564
50 463 420
412 463 216
355 447 427
396 50 848
175 50 358
408 50 50
297 375 779
355 375 602
408 375 258
355 412 1038
408 412 1000
396 412 931
175 412 269
355 390 1059
297 390 962
396 390 931
408 390 569
355 415 1059
408 415 1008
297 415 962
396 415 931
355 414 856
396 414 856
297 414 603
408 414 569
175 414 198
396 325 748
408 325 536
355 325 493
175 325 384
310 175 1053
264 175 1033
374 175 827
303 175 577
208 175 312
374 396 1250
208 396 982
303 396 330
264 396 230
310 396 138
374 408 909
208 408 857
310 408 589
264 297 594
303 297 540
208 297 216
310 297 189
374 355 1194
208 355 851
264 355 667
303 355 540
310 355 538
154 208 912
374 208 354
152 374 701
346 374 290
374 303 915
152 303 739
154 303 490
389 303 369
389 310 360
349 310 287
152 310 261
389 264 1206
346 264 1095
348 264 922
154 264 289
101 346 1277
101 389 623
76 152 1267
162 152 756
101 374 818
101 349 1277
101 348 1012
76 154 668
