263
782 494 582
826 494 1167
665 494 101
680 494 1170
343 494 127
645 494 900
782 498 582
826 498 1068
665 498 296
680 498 1118
343 498 160
645 498 900
782 500 582
826 500 1063
665 500 126
680 500 1170
343 500 220
645 500 996
782 681 582
826 681 1061
665 681 205
680 681 1061
343 681 202
645 681 900
782 771 295
826 771 496
680 771 1046
343 771 302
645 771 947
782 772 651
826 772 930
665 772 317
680 772 653
343 772 302
645 772 957
782 832 651
826 832 480
665 832 572
680 832 1080
343 832 386
645 832 947
782 872 218
826 872 930
665 872 294
680 872 540
343 872 386
645 872 389
782 876 651
826 876 808
665 876 274
680 876 1141
343 876 302
645 876 947
782 888 480
826 888 345
665 888 741
680 888 459
343 888 302
645 888 988
782 890 480
826 890 808
665 890 267
680 890 1084
343 890 302
645 890 987
826 315 721
680 315 1044
645 315 479
826 792 690
665 792 741
680 792 1036
343 792 247
645 792 821
357 782 450
783 782 800
354 782 512
660 782 138
801 782 506
357 826 249
354 826 1252
783 826 694
354 665 1211
783 665 1076
357 665 881
584 665 666
801 665 634
692 665 234
660 665 204
354 680 1217
801 680 885
584 680 666
680 680 624
357 680 427
692 680 270
656 680 205
660 680 143
354 343 725
680 343 710
584 343 613
692 343 527
783 343 448
656 343 348
660 343 261
801 343 215
354 645 1217
692 645 1012
801 645 777
584 645 666
656 645 513
783 645 490
357 645 426
680 645 304
660 645 182
41 656 1205
198 656 631
463 656 408
268 656 336
1 656 139
1 660 804
268 660 336
32 660 131
198 354 1178
268 354 1159
32 354 402
1 354 119
463 692 1289
1 692 363
268 692 342
41 692 332
41 584 1076
198 584 741
463 584 408
463 783 63
41 783 41
41 357 1092
463 357 755
268 357 680
198 357 585
32 357 318
1 357 232
268 801 15
1 680 804
268 680 354
198 680 154
32 680 131
94 1 811
77 1 171
72 32 1275
241 32 580
375 41 164
415 41 1
375 198 1119
77 198 1013
94 198 870
72 198 517
241 198 473
417 198 324
94 268 865
368 268 591
72 268 388
417 268 324
241 268 319
77 268 274
375 463 1297
414 463 1291
77 463 980
417 463 954
415 463 511
94 463 258
292 368 925
257 368 641
442 368 550
447 368 550
407 368 550
402 368 550
407 375 1294
442 375 1249
447 375 951
402 375 707
257 375 424
292 375 359
292 94 8
175 94 13
402 77 125
442 77 44
407 77 65
407 417 942
402 417 934
292 417 721
442 417 612
257 417 237
447 417 170
442 72 94
407 72 13
175 72 97
402 415 883
407 415 778
292 415 584
447 415 170
402 414 934
407 414 549
257 414 293
292 414 283
292 241 925
257 241 641
88 241 541
407 241 290
273 407 1300
208 407 1296
298 407 835
206 407 766
424 407 600
284 407 295
284 88 16
424 88 3
273 447 1300
208 447 1296
206 447 1084
298 447 770
424 447 712
284 447 300
298 175 665
208 175 617
273 442 1297
208 442 1296
284 442 993
206 442 976
298 442 898
208 292 1058
284 292 716
424 292 561
273 292 420
273 402 1300
208 402 1296
206 402 1277
298 402 898
284 402 196
424 402 130
424 257 759
208 257 617
273 257 528
298 257 455
206 257 452
214 208 1202
408 208 1069
214 273 1202
408 284 1069
382 284 475
341 284 374
385 298 597
408 298 377
341 424 1137
382 424 999
385 424 986
355 424 656
101 382 1137
101 355 1098
152 214 1300
101 408 1295
96 408 739
101 385 863
96 341 1200
101 341 768
