393
625 409 244
166 409 657
665 409 346
722 409 449
451 409 460
787 409 595
203 409 244
781 409 460
104 409 599
625 434 329
166 434 657
722 434 493
451 434 513
787 434 185
203 434 379
781 434 536
104 434 143
625 448 175
166 448 599
665 448 272
722 448 507
451 448 154
787 448 507
203 448 507
781 448 266
104 448 569
625 480 157
166 480 469
665 480 272
722 480 545
451 480 513
787 480 671
203 480 711
781 480 567
104 480 761
625 527 329
166 527 469
665 527 202
722 527 493
451 527 243
787 527 301
203 527 172
781 527 576
104 527 831
625 530 193
166 530 657
665 530 126
722 530 788
451 530 230
787 530 671
203 530 711
781 530 230
104 530 1086
625 531 528
166 531 176
665 531 431
722 531 310
451 531 210
787 531 323
203 531 379
781 531 323
104 531 799
625 552 378
166 552 182
665 552 264
722 552 545
451 552 273
787 552 671
203 552 711
781 552 240
104 552 1081
625 553 528
166 553 154
665 553 431
722 553 545
451 553 281
787 553 671
203 553 711
781 553 281
104 553 952
625 599 327
166 599 657
665 599 206
722 599 651
451 599 143
787 599 301
203 599 593
104 599 512
625 685 329
166 685 657
665 685 346
722 685 545
787 685 671
203 685 674
781 685 141
104 685 674
625 686 221
166 686 502
665 686 172
722 686 545
451 686 273
787 686 671
203 686 711
781 686 501
104 686 809
625 729 329
166 729 528
665 729 369
722 729 545
451 729 273
787 729 671
203 729 711
104 729 953
625 747 221
665 747 294
722 747 545
787 747 671
203 747 711
781 747 330
104 747 1123
625 765 521
166 765 368
665 765 431
722 765 545
451 765 200
787 765 671
203 765 711
781 765 333
104 765 1123
625 767 528
166 767 249
665 767 431
722 767 545
451 767 513
787 767 671
203 767 711
781 767 557
104 767 799
625 776 328
166 776 552
665 776 179
722 776 331
451 776 319
787 776 347
203 776 334
781 776 421
104 776 666
625 794 391
166 794 204
665 794 166
722 794 159
451 794 318
787 794 347
203 794 522
781 794 244
104 794 330
166 887 552
665 887 179
722 887 176
451 887 682
787 887 347
203 887 350
104 887 622
166 986 136
665 986 41
787 986 40
781 986 7
665 132 111
451 132 114
203 132 692
722 336 385
781 336 168
104 336 369
451 383 60
203 383 3
781 383 1
104 383 150
686 625 924
827 625 913
581 625 785
719 625 546
680 625 339
651 625 287
760 625 124
686 166 377
769 166 93
686 665 924
827 665 913
581 665 724
651 665 313
760 665 313
769 665 201
719 665 151
719 722 558
651 722 313
827 451 788
760 451 657
686 451 506
651 451 479
680 451 382
719 451 376
769 451 152
581 451 135
827 787 681
680 787 74
760 787 249
719 203 998
760 203 583
827 203 606
680 203 162
651 203 26
769 203 127
827 781 587
686 781 194
760 781 2
686 104 700
719 104 645
769 104 179
680 104 302
760 104 7
208 719 874
94 719 683
1 719 1023
94 581 1078
35 581 1061
463 581 815
1 581 793
212 581 741
54 581 524
355 581 346
35 769 76
208 769 2
1 769 7
208 760 254
94 760 16
35 760 22
94 827 990
212 827 961
208 827 114
355 827 4
1 651 972
35 651 417
208 651 388
463 651 354
212 651 353
355 651 346
463 686 1279
94 686 1078
212 686 741
54 686 496
35 686 220
94 680 1078
1 680 973
212 680 741
355 680 438
35 680 220
208 680 176
94 1 638
7 1 6
94 54 1054
420 94 58
7 355 827
94 355 649
420 355 492
7 208 827
94 208 649
420 208 492
390 208 238
307 208 235
307 35 281
94 212 649
375 212 495
7 212 446
420 212 201
375 463 1299
390 463 780
415 463 360
94 463 215
7 463 193
436 420 971
385 420 955
279 420 598
250 420 225
170 420 181
250 94 660
170 94 947
279 94 25
175 94 28
408 94 3
208 94 4
279 7 231
250 7 240
170 7 11
175 307 1172
408 307 1149
170 307 808
250 307 784
436 307 251
279 307 213
436 375 487
385 375 379
279 375 205
385 390 931
279 390 598
208 390 446
408 390 367
250 390 328
175 390 150
408 415 868
385 415 709
436 415 658
208 415 566
279 415 227
250 415 168
298 208 763
233 208 640
358 208 582
208 208 383
362 208 254
266 208 225
233 175 1055
298 175 801
358 175 712
266 175 415
208 175 409
362 175 221
362 250 1100
358 250 665
298 250 385
266 250 262
208 250 261
233 250 247
298 170 1225
233 170 870
208 170 484
266 170 331
362 170 218
358 170 218
362 408 936
208 408 931
298 408 784
358 408 692
266 408 343
233 408 307
208 385 1219
233 385 730
298 385 386
358 385 281
362 385 222
233 436 1068
298 436 983
208 436 925
266 436 343
358 436 281
298 279 667
358 279 586
362 279 379
266 279 274
233 279 274
208 279 264
214 208 1095
374 208 430
340 208 430
340 233 667
379 233 526
343 233 257
349 233 257
374 298 818
389 298 589
379 298 526
340 298 247
346 298 231
346 358 756
389 358 756
379 358 557
340 358 547
349 358 289
374 266 1134
214 266 499
214 362 658
374 362 396
340 362 396
101 343 865
101 349 1228
133 349 1096
133 389 802
101 346 1228
133 346 906
101 374 795
101 214 434
133 340 1300
133 379 802
101 379 527
