158
654 458 256
486 458 296
738 458 1142
235 458 234
781 458 762
654 652 130
486 652 219
738 652 1142
235 652 249
781 652 581
654 723 103
486 723 296
738 723 1142
235 723 482
781 723 955
654 817 198
486 817 556
738 817 1032
597 817 329
235 817 614
781 817 198
654 821 250
486 821 556
738 821 1171
597 821 294
235 821 647
781 821 308
654 844 549
486 844 556
738 844 1171
597 844 329
235 844 552
781 844 189
654 879 555
486 879 556
738 879 1032
597 879 443
235 879 647
654 883 387
486 883 266
738 883 1171
597 883 318
235 883 647
781 883 166
486 388 219
738 388 1142
597 388 154
235 388 427
781 388 581
486 825 556
738 825 1171
597 825 347
235 825 647
781 825 719
486 885 556
738 885 1032
597 885 329
235 885 144
781 885 913
738 207 1251
781 207 1085
738 433 1142
597 433 238
235 433 336
781 433 368
736 654 1163
785 654 1083
56 654 809
736 486 1043
785 486 1035
632 486 534
56 486 507
736 738 1179
785 738 710
56 738 682
736 597 1163
785 597 1083
56 597 724
632 597 232
736 235 1215
785 235 1240
56 235 482
785 781 1208
736 781 40
56 781 33
313 56 677
93 56 1283
313 785 749
49 785 762
93 785 1278
35 736 810
93 736 309
169 736 107
35 632 981
169 632 934
313 632 924
93 632 757
78 49 1293
87 49 121
181 49 3
329 169 1117
78 169 717
181 169 660
181 93 921
329 93 439
329 35 1065
87 35 6
329 313 1117
78 313 887
412 313 384
181 313 243
100 181 1082
217 181 785
223 181 357
100 78 1108
217 78 249
438 78 87
223 78 21
438 87 520
223 87 10
223 412 442
17 412 437
100 412 263
100 329 1143
17 329 541
223 329 357
217 329 300
50 100 942
168 100 313
402 438 520
298 438 507
168 438 352
50 217 1058
298 217 674
168 217 403
266 217 361
50 223 1096
298 223 617
402 223 396
266 223 361
168 223 355
168 17 1296
298 17 10
168 346 1215
50 346 1092
298 346 461
349 402 677
367 402 583
348 50 1261
349 50 2
367 266 609
367 168 1066
133 349 1256
95 349 865
133 367 1300
95 367 1267
95 348 1128
133 348 994
