301
638 411 649
667 411 380
778 411 1025
646 411 170
669 411 321
93 411 741
153 411 449
759 411 526
638 593 592
667 593 690
778 593 1124
646 593 424
669 593 492
93 593 768
153 593 678
759 593 338
638 652 574
667 652 380
778 652 511
646 652 392
669 652 392
93 652 186
153 652 411
759 652 897
638 660 395
667 660 441
778 660 982
646 660 395
669 660 448
93 660 254
153 660 577
638 677 725
667 677 690
778 677 818
646 677 170
669 677 258
93 677 577
759 677 532
638 717 282
667 717 525
778 717 511
646 717 160
669 717 381
93 717 410
153 717 449
759 717 739
638 738 159
667 738 441
778 738 1124
646 738 268
669 738 298
93 738 768
153 738 829
759 738 389
638 764 592
667 764 437
778 764 792
646 764 424
669 764 492
93 764 768
153 764 449
759 764 541
638 767 681
667 767 441
778 767 1114
646 767 283
669 767 298
93 767 768
153 767 917
759 767 693
638 782 496
667 782 307
778 782 602
646 782 715
669 782 409
93 782 387
153 782 268
759 782 735
638 854 839
778 854 705
646 854 280
669 854 275
93 854 591
153 854 442
759 854 378
667 598 380
778 598 1077
646 598 170
669 598 301
93 598 768
153 598 411
759 598 849
667 666 441
778 666 956
646 666 331
669 666 298
93 666 768
153 666 500
759 666 897
778 933 136
669 933 467
153 933 25
778 986 21
759 986 10
646 919 1070
669 919 516
759 919 9
776 638 824
579 638 585
593 638 573
805 638 298
796 638 274
640 638 195
776 667 753
593 667 718
579 667 613
588 667 472
805 667 422
796 667 343
640 667 195
805 778 346
796 778 486
588 778 99
593 778 52
579 646 1075
593 646 718
805 646 631
588 646 472
796 646 343
640 646 153
776 669 767
579 669 766
593 669 691
805 669 631
796 669 274
640 669 195
588 669 163
776 93 1215
776 153 614
796 153 297
805 759 954
579 759 17
796 759 4
330 593 722
183 593 603
414 593 382
470 593 382
1 593 336
364 593 258
370 593 139
414 579 1055
330 579 627
1 579 389
49 579 389
470 579 389
364 579 258
414 776 182
370 776 360
183 776 5
470 776 131
414 640 768
370 640 546
330 640 535
330 588 722
414 588 472
364 588 258
470 588 254
49 588 224
370 796 960
1 796 165
414 796 35
414 805 221
364 805 43
183 805 116
330 805 67
470 805 2
87 1 497
78 49 1275
87 49 172
176 49 118
402 49 11
87 370 1160
402 370 793
412 370 550
78 370 343
402 330 902
87 330 521
412 330 436
78 330 370
87 183 800
412 183 717
176 183 549
402 183 516
415 183 416
412 364 993
87 364 800
78 364 370
176 470 727
412 470 30
402 470 322
87 470 3
415 414 1088
402 414 731
412 414 648
87 414 560
176 414 223
78 414 191
100 78 697
433 78 213
438 78 62
408 78 11
253 78 13
433 87 71
438 87 355
253 87 100
433 402 1248
416 402 646
208 402 501
408 402 501
193 176 588
438 176 475
408 176 300
433 176 229
408 412 815
208 412 473
433 412 453
416 412 269
408 415 1009
416 415 713
208 415 521
433 415 339
50 100 896
424 100 4
50 208 784
298 208 714
267 208 612
440 208 567
208 208 346
208 438 613
424 438 415
440 438 412
298 438 372
267 438 333
208 408 969
298 408 927
440 408 539
424 408 465
267 408 333
208 433 1300
267 433 546
440 433 539
424 433 465
50 193 978
267 193 583
424 193 575
440 193 575
208 193 248
298 193 227
208 416 501
440 416 475
424 416 465
298 416 255
440 253 1040
424 253 1040
50 253 873
267 253 583
208 253 447
298 253 438
374 208 384
348 208 287
379 424 1049
385 424 998
374 424 426
349 424 246
348 50 1167
379 50 1262
385 50 1257
374 50 51
349 50 7
379 440 1049
385 440 998
349 440 432
374 440 426
374 298 1066
379 298 851
385 298 692
348 267 1052
379 267 620
359 267 418
101 359 1295
134 359 1196
101 349 1295
133 349 1100
134 349 760
134 379 1196
133 379 877
101 379 767
101 374 925
101 385 958
101 348 1233
133 348 1100
