388
625 437 422
722 437 422
273 437 383
736 437 338
657 437 281
195 437 327
203 437 383
790 437 266
104 437 287
625 445 263
722 445 739
273 445 550
736 445 338
657 445 212
195 445 187
203 445 662
790 445 594
104 445 806
625 449 444
722 449 739
273 449 145
736 449 590
657 449 598
195 449 263
203 449 662
790 449 594
104 449 804
625 472 264
722 472 512
736 472 591
657 472 334
195 472 208
203 472 556
790 472 547
104 472 374
625 475 395
722 475 1064
273 475 139
736 475 618
657 475 212
195 475 169
203 475 662
790 475 594
104 475 930
625 510 263
722 510 417
273 510 256
736 510 578
657 510 440
195 510 366
203 510 309
790 510 220
104 510 388
625 524 263
722 524 797
736 524 618
195 524 208
203 524 662
790 524 594
104 524 755
625 553 253
722 553 739
736 553 730
657 553 186
195 553 151
203 553 662
790 553 594
104 553 821
625 571 413
722 571 557
736 571 539
657 571 237
195 571 169
203 571 557
790 571 557
104 571 557
625 599 263
722 599 1026
273 599 207
736 599 618
657 599 233
195 599 169
203 599 475
790 599 213
104 599 431
625 613 263
722 613 739
273 613 191
736 613 431
657 613 147
195 613 169
203 613 662
790 613 594
104 613 968
625 624 564
722 624 863
273 624 180
736 624 618
657 624 532
195 624 319
203 624 569
790 624 569
104 624 569
625 685 444
722 685 642
273 685 247
736 685 338
657 685 256
195 685 169
203 685 642
790 685 594
104 685 642
625 686 263
722 686 705
273 686 180
736 686 490
657 686 156
195 686 169
203 686 662
790 686 721
104 686 705
625 697 500
722 697 910
273 697 180
736 697 618
657 697 156
195 697 169
203 697 475
790 697 284
104 697 171
625 702 264
722 702 739
273 702 266
736 702 492
657 702 334
195 702 398
203 702 662
790 702 594
104 702 945
625 703 412
722 703 594
273 703 180
736 703 479
657 703 195
195 703 208
203 703 594
790 703 594
104 703 594
625 747 263
722 747 739
273 747 180
736 747 374
657 747 197
195 747 299
203 747 662
790 747 594
104 747 968
625 753 264
722 753 829
273 753 180
736 753 618
657 753 309
195 753 151
203 753 556
790 753 154
104 753 288
625 765 444
722 765 739
736 765 233
657 765 238
195 765 163
203 765 662
790 765 594
104 765 968
722 460 739
273 460 260
736 460 618
657 460 488
195 460 311
203 460 662
790 460 594
104 460 880
581 625 757
677 625 730
827 625 633
719 625 554
636 625 414
651 625 337
796 625 251
719 722 563
796 722 226
651 722 303
719 273 681
827 273 681
651 273 577
796 273 550
636 273 419
677 273 313
581 273 312
719 736 411
677 736 103
796 736 292
636 736 240
651 736 18
636 657 455
581 657 402
796 657 352
677 657 218
827 657 206
651 657 189
719 657 136
827 195 40
719 195 32
677 195 17
796 195 48
719 203 941
827 203 379
651 203 51
827 790 629
677 790 359
719 104 679
796 104 171
31 719 209
1 719 1031
208 719 694
297 719 71
94 719 493
1 636 959
297 636 939
54 636 852
94 636 442
463 636 217
69 636 160
297 581 939
94 581 886
463 581 848
1 581 813
54 581 561
69 581 199
31 581 123
31 796 861
1 796 305
1 651 959
297 651 447
463 651 377
69 651 316
208 651 279
31 827 174
94 827 839
208 827 146
54 677 969
297 677 939
94 677 442
208 677 304
463 677 282
1 677 236
94 1 595
7 1 23
87 1 418
94 54 961
412 54 27
307 54 1
87 94 504
420 94 54
7 94 2
7 208 820
87 208 779
94 208 675
420 208 511
307 208 255
87 31 989
7 31 256
7 69 2
420 69 36
87 69 67
94 297 663
7 297 449
375 297 390
412 297 347
87 297 314
375 463 1298
415 463 423
94 463 240
87 463 195
307 463 172
420 463 155
385 420 965
279 420 579
250 420 221
170 420 165
170 94 881
250 94 634
251 94 574
279 94 26
175 94 12
208 94 3
250 7 247
279 7 168
170 7 6
251 87 252
175 307 1079
408 307 1079
250 307 737
170 307 727
251 307 243
385 375 349
385 412 965
408 412 952
279 412 579
208 412 458
175 412 207
250 412 196
408 415 915
385 415 789
208 415 549
251 415 258
279 415 167
250 415 167
298 208 702
233 208 505
168 208 457
208 208 380
362 208 266
362 250 1092
168 250 831
298 250 343
208 250 281
266 250 250
233 250 250
233 175 963
298 175 740
168 175 401
266 175 401
208 175 327
362 175 236
298 170 1183
168 170 800
233 170 762
208 170 572
266 170 281
362 408 926
208 408 903
298 408 837
266 408 265
233 408 206
298 251 530
168 251 410
208 385 1246
233 385 700
298 385 353
362 385 245
266 385 226
298 279 631
362 279 413
168 279 315
266 279 315
233 279 302
214 208 1098
340 208 384
340 233 692
349 233 283
343 233 283
389 298 629
355 298 235
343 298 222
382 298 191
392 298 191
214 362 661
340 362 412
214 266 489
355 266 295
340 168 1021
69 392 1174
134 392 929
69 343 951
101 343 911
69 389 951
134 389 618
101 382 1087
69 382 951
69 355 1267
101 355 1039
134 214 1098
200 214 957
134 340 711
101 349 1249
69 349 842
134 349 701
