316
722 365 340
161 365 587
726 365 561
104 365 4
722 408 330
520 408 580
161 408 859
238 408 384
657 408 507
726 408 1143
581 408 373
104 408 276
722 447 224
520 447 601
161 447 740
238 447 702
657 447 507
726 447 943
581 447 387
104 447 412
722 451 467
520 451 340
161 451 587
238 451 517
657 451 229
726 451 1004
581 451 607
104 451 703
722 475 634
520 475 260
161 475 859
238 475 408
657 475 290
726 475 1215
581 475 384
104 475 583
722 515 390
520 515 601
161 515 674
238 515 674
657 515 507
726 515 1170
581 515 281
104 515 412
722 582 260
520 582 601
161 582 859
238 582 384
657 582 507
726 582 1031
581 582 254
104 582 211
722 621 224
520 621 260
161 621 859
238 621 299
657 621 507
726 621 1141
581 621 232
104 621 573
722 642 406
520 642 181
161 642 256
238 642 475
657 642 507
726 642 1200
581 642 384
722 661 828
520 661 260
161 661 859
238 661 299
657 661 290
726 661 1163
581 661 594
104 661 535
722 674 224
520 674 601
161 674 859
238 674 384
657 674 507
726 674 1200
581 674 326
722 709 224
520 709 500
161 709 587
238 709 384
657 709 507
726 709 941
581 709 374
104 709 679
722 765 713
520 765 601
161 765 567
238 765 658
657 765 305
726 765 943
581 765 475
104 765 713
722 778 121
161 778 529
238 778 433
726 778 880
581 778 343
104 778 173
722 788 273
161 788 597
238 788 1029
657 788 245
726 788 930
581 788 639
104 788 571
722 815 353
520 815 504
161 815 401
238 815 190
657 815 633
726 815 249
581 815 590
104 815 445
722 820 273
161 820 422
238 820 974
657 820 245
726 820 648
581 820 635
104 820 571
651 722 281
35 722 1044
719 722 528
815 520 673
746 520 591
769 520 556
764 520 556
719 520 512
709 520 475
651 520 461
35 520 461
35 161 1176
709 161 58
35 238 1103
746 238 748
719 238 1038
709 657 946
764 657 738
719 657 711
35 657 345
769 657 342
746 657 200
815 657 199
651 657 186
815 726 320
35 726 1000
709 726 643
769 726 517
746 726 18
719 726 3
746 581 1104
709 581 946
35 581 684
651 581 369
769 581 343
764 581 311
815 581 268
719 581 178
746 104 519
35 104 301
719 104 660
769 104 306
815 104 14
94 719 548
208 719 1175
153 719 27
402 719 5
153 709 302
402 709 239
208 709 104
463 764 215
402 764 34
153 764 1
347 35 1004
208 35 1251
94 35 590
402 35 370
153 35 39
217 769 248
402 769 778
208 769 10
94 815 689
217 815 645
347 815 194
414 815 39
463 815 4
414 651 1043
208 651 660
153 651 447
402 651 401
217 651 199
347 746 924
208 746 460
50 94 902
292 94 56
420 94 41
292 208 807
50 208 718
420 208 479
413 208 429
292 153 807
50 153 718
420 153 479
413 153 429
413 402 842
375 402 768
50 402 593
129 402 553
420 402 152
50 217 788
413 217 652
420 217 369
415 217 269
292 217 266
292 347 661
50 347 608
420 347 479
413 347 458
375 347 346
375 414 1177
415 414 1102
413 414 397
50 414 347
420 414 241
292 414 161
375 463 1294
415 463 545
413 463 397
50 463 347
292 463 285
408 50 78
175 50 589
398 420 1056
436 420 1048
416 420 761
433 420 184
175 129 741
408 129 578
416 129 458
416 413 1095
398 413 1056
436 413 1048
408 413 1047
175 413 459
433 413 247
436 375 453
416 375 453
398 375 444
408 375 289
175 292 1231
408 292 1231
276 292 883
433 292 593
416 415 886
408 415 866
436 415 791
398 415 791
276 415 282
175 415 267
433 415 247
310 175 1036
264 175 914
298 175 586
374 175 456
208 175 281
360 175 157
310 276 606
298 276 544
264 276 543
374 408 977
208 408 816
298 408 761
310 408 580
208 433 1300
374 433 871
310 433 580
374 398 1153
208 398 583
310 398 536
360 398 227
208 436 828
298 436 820
374 436 794
310 436 309
374 416 1132
208 416 440
310 416 413
298 416 238
214 208 996
374 208 364
326 208 303
326 360 834
326 374 725
214 374 311
336 310 753
214 310 592
374 298 1044
382 298 233
355 298 232
336 264 313
101 382 1040
134 336 1290
101 336 1270
101 355 960
101 374 819
134 214 1116
101 326 1294
96 341 1167
134 341 973
101 341 778
