144
763 52 822
769 52 1258
807 52 564
763 385 958
769 385 938
581 385 207
807 385 984
763 406 785
769 406 699
581 406 397
807 406 756
763 458 845
769 458 783
581 458 731
807 458 845
763 513 155
769 513 1219
581 513 1085
807 513 702
763 610 537
769 610 915
581 610 989
807 610 561
763 623 809
769 623 1238
581 623 784
807 623 561
763 699 1231
769 699 625
581 699 297
807 699 132
763 718 677
769 718 1192
581 718 604
807 718 789
769 955 865
581 367 888
807 367 1072
627 763 389
653 763 83
781 763 5
627 769 68
680 769 24
627 581 1143
653 581 1025
680 581 578
781 581 428
781 807 1090
653 807 14
75 627 946
284 627 884
507 627 555
445 627 109
445 653 900
507 653 877
375 653 697
284 653 502
75 653 452
149 653 154
75 781 968
149 781 1066
375 781 195
75 680 942
507 680 877
284 680 828
375 680 697
149 680 275
469 149 1118
235 149 1030
330 149 859
271 149 769
241 149 665
143 149 338
235 507 515
469 507 11
271 507 2
143 507 4
235 75 1035
235 375 1029
330 375 768
469 375 745
241 375 662
271 375 475
143 375 338
469 284 979
241 284 609
235 284 527
271 284 475
330 284 226
143 445 1142
241 445 534
469 445 414
271 445 373
330 445 245
263 469 826
297 469 4
263 241 623
465 241 384
297 241 253
408 235 1238
175 235 1238
263 235 1030
465 235 852
465 271 1158
175 271 957
263 271 912
408 271 537
465 330 1048
263 330 1030
408 330 543
175 330 543
263 143 556
297 143 552
175 143 423
465 143 379
408 143 341
411 175 1107
310 175 987
208 175 256
339 175 167
208 408 804
339 408 557
310 408 537
339 263 607
310 263 552
411 263 427
411 297 1175
339 297 866
310 297 571
411 465 410
339 465 1
408 208 1163
326 208 460
341 411 1165
403 411 1162
382 411 1082
326 411 468
101 382 908
96 403 645
101 326 1286
101 408 1286
96 408 645
96 341 1190
101 341 816
