277
799 182 392
793 182 381
617 182 54
233 182 475
799 457 844
701 457 189
793 457 576
617 457 726
506 457 580
233 457 837
104 457 837
799 519 1019
701 519 214
793 519 742
617 519 665
506 519 580
233 519 460
799 570 856
701 570 503
793 570 742
617 570 733
506 570 580
233 570 182
104 570 291
799 595 811
701 595 307
793 595 742
617 595 733
506 595 580
233 595 359
104 595 304
799 606 982
701 606 513
793 606 679
617 606 633
506 606 580
233 606 494
104 606 779
799 631 959
701 631 335
793 631 959
617 631 733
506 631 580
233 631 494
104 631 244
799 687 999
701 687 475
793 687 1027
617 687 475
506 687 580
233 687 494
104 687 184
799 693 999
701 693 371
793 693 1074
617 693 556
233 693 998
104 693 556
799 702 352
701 702 673
793 702 742
617 702 665
506 702 159
233 702 840
104 702 840
799 717 999
701 717 204
793 717 1074
617 717 665
506 717 580
233 717 763
104 717 314
799 736 1056
701 736 369
793 736 1074
617 736 397
506 736 580
233 736 494
799 740 896
701 740 791
793 740 204
617 740 397
506 740 580
233 740 327
799 801 630
701 801 748
617 801 454
506 801 393
104 801 831
799 809 185
701 809 724
793 809 348
617 809 535
506 809 378
233 809 439
104 809 666
799 816 630
701 816 437
793 816 348
617 816 575
233 816 439
799 842 384
701 842 724
617 842 275
233 842 439
104 842 548
793 14 193
233 14 666
611 799 53
691 799 4
626 799 3
779 701 1019
626 701 789
691 701 773
611 701 711
646 701 541
691 793 629
611 793 329
646 793 120
626 793 138
611 617 797
691 617 720
626 617 589
779 617 589
646 617 415
646 506 696
691 506 580
779 506 488
611 506 486
626 506 443
646 233 268
691 104 50
779 104 639
463 646 1210
483 646 1171
212 646 961
458 646 767
68 646 530
402 646 389
91 646 161
212 691 961
483 691 769
458 691 591
463 691 591
68 691 530
402 691 172
91 691 161
463 626 1210
483 626 1171
68 626 972
402 626 972
458 626 767
91 626 231
212 626 152
463 611 1210
483 611 1171
458 611 767
212 611 190
91 611 182
68 611 182
402 611 182
483 779 1029
212 779 42
333 458 894
139 458 706
68 458 704
413 458 495
300 458 477
264 458 455
172 458 439
139 483 920
172 483 346
333 483 796
300 483 339
68 483 148
413 483 92
264 483 4
139 91 144
413 402 937
172 402 747
300 402 591
68 402 254
264 402 246
333 116 619
139 116 619
172 116 316
264 116 314
413 212 787
333 212 246
264 68 153
413 68 18
68 68 1
333 463 885
139 463 625
300 463 477
264 463 455
413 463 446
68 463 375
408 333 1113
475 333 890
307 333 447
364 333 404
411 333 292
175 333 219
408 300 1195
475 300 890
307 300 700
364 300 689
411 300 334
175 300 237
408 413 1186
436 413 1148
475 413 393
175 413 218
307 413 170
364 68 684
475 68 89
307 68 122
364 139 946
475 139 817
408 139 817
411 139 639
307 139 332
475 264 708
411 264 552
175 264 459
364 264 404
307 172 700
364 172 678
475 172 382
374 411 918
391 411 690
208 411 599
267 411 363
264 364 891
391 364 706
264 175 1075
374 175 550
267 175 464
208 175 336
360 175 294
264 307 891
391 307 660
360 307 579
267 307 464
208 307 450
264 475 446
391 475 785
374 475 1
374 408 928
208 408 909
267 408 363
391 408 333
360 408 202
374 436 883
208 436 709
267 436 363
360 436 237
326 360 934
374 208 422
326 208 366
389 391 908
326 374 863
389 264 1202
389 267 895
326 267 605
377 267 307
133 389 1003
101 382 1159
101 377 695
133 377 695
134 341 900
101 341 804
101 355 1075
101 374 981
101 326 1299
133 326 712
