445
605 314 105
665 314 1
512 314 536
605 387 123
107 387 483
601 387 230
137 387 483
584 387 204
668 387 265
665 387 342
701 387 389
512 387 247
790 387 517
104 387 1122
605 467 145
107 467 605
601 467 225
137 467 797
584 467 398
668 467 338
665 467 178
701 467 166
512 467 301
790 467 1130
104 467 687
605 480 229
107 480 605
601 480 225
137 480 635
584 480 234
668 480 265
665 480 342
701 480 159
512 480 247
790 480 517
104 480 820
605 505 231
107 505 411
601 505 225
137 505 289
584 505 270
665 505 318
701 505 209
512 505 146
790 505 985
104 505 961
605 527 200
107 527 411
601 527 280
137 527 717
584 527 310
668 527 180
665 527 157
701 527 167
790 527 1092
104 527 801
605 573 375
107 573 506
601 573 267
137 573 506
584 573 204
668 573 265
665 573 186
701 573 166
512 573 307
790 573 517
104 573 1153
605 613 271
107 613 327
601 613 279
137 613 228
584 613 214
668 613 224
665 613 253
701 613 446
512 613 230
790 613 517
104 613 1153
605 628 271
107 628 441
601 628 280
137 628 441
584 628 204
668 628 265
665 628 157
701 628 320
512 628 282
790 628 550
104 628 890
605 686 159
107 686 411
601 686 225
137 686 623
584 686 310
668 686 182
665 686 196
701 686 196
512 686 230
790 686 1130
104 686 992
605 702 311
107 702 311
601 702 157
137 702 163
584 702 310
665 702 129
701 702 389
512 702 302
790 702 517
104 702 1153
605 712 445
107 712 411
601 712 225
137 712 193
584 712 310
668 712 280
665 712 200
701 712 389
512 712 204
790 712 504
104 712 504
605 747 229
107 747 411
601 747 276
137 747 417
584 747 270
665 747 354
701 747 203
512 747 160
790 747 964
104 747 1153
605 755 230
107 755 311
601 755 221
137 755 273
584 755 310
668 755 171
665 755 365
701 755 389
512 755 224
790 755 517
104 755 960
605 765 279
107 765 392
601 765 280
137 765 260
584 765 328
701 765 279
512 765 170
790 765 517
104 765 1153
605 794 518
107 794 400
137 794 282
584 794 535
665 794 205
701 794 400
512 794 238
790 794 270
104 794 316
605 855 279
601 855 331
137 855 536
584 855 477
668 855 135
665 855 340
701 855 153
512 855 273
104 855 645
107 514 411
601 514 225
137 514 286
584 514 310
701 514 163
512 514 302
790 514 1130
104 514 953
107 767 605
601 767 280
137 767 764
584 767 225
668 767 265
665 767 313
512 767 247
790 767 1130
104 767 973
601 685 280
137 685 227
584 685 227
665 685 227
512 685 190
790 685 517
104 685 857
137 166 104
701 166 14
512 166 533
104 166 18
744 605 812
677 605 504
813 605 498
691 605 355
686 605 329
769 605 251
611 605 251
827 605 148
677 107 165
611 107 230
744 107 5
827 107 2
744 601 1116
827 601 608
813 601 498
691 601 434
769 601 430
611 601 295
686 601 147
686 137 1007
769 137 997
691 137 54
813 137 17
686 584 886
677 584 658
827 584 635
813 584 498
691 584 355
769 584 336
744 584 280
611 584 259
769 668 744
677 668 658
691 668 434
813 668 360
744 668 324
611 668 295
686 668 287
686 665 886
827 665 635
691 665 434
744 665 386
611 665 295
769 665 292
677 665 131
686 701 886
827 701 770
813 701 498
691 701 434
744 701 324
769 701 301
611 701 295
744 512 1032
769 512 620
686 512 476
691 512 414
813 512 348
611 512 271
827 512 213
677 512 150
827 790 719
813 790 986
677 790 257
744 790 11
686 104 615
769 104 359
691 104 68
813 104 80
402 769 810
52 769 84
1 769 5
212 827 1022
402 827 446
94 827 908
94 691 958
54 691 845
212 691 777
68 691 569
483 691 384
402 691 371
1 691 282
463 691 215
463 686 1292
94 686 958
212 686 777
402 686 673
68 686 673
52 686 488
54 686 388
483 686 149
402 813 487
212 813 391
483 813 158
94 813 192
68 813 17
54 813 20
54 677 845
94 677 356
483 677 269
463 677 269
402 677 248
463 611 1218
483 611 769
212 611 261
68 611 212
402 611 212
212 744 86
52 744 53
68 744 2
403 1 690
413 1 48
76 54 91
403 54 350
412 54 35
50 54 69
50 94 913
325 94 249
403 94 31
412 483 346
325 483 366
413 483 190
413 402 923
375 402 897
50 402 538
325 402 356
412 402 166
50 212 758
413 212 724
375 212 425
403 212 256
76 212 201
50 52 340
375 52 8
413 68 12
415 68 2
375 463 1298
415 463 547
413 463 444
412 463 397
50 463 347
403 463 146
208 50 143
175 50 349
408 50 56
416 403 1196
385 403 893
297 403 607
408 403 414
208 403 411
402 403 379
436 403 379
175 403 258
416 413 1130
408 413 1128
436 413 1086
402 413 1058
297 413 607
208 413 534
175 413 258
385 413 237
402 375 978
416 375 595
436 375 588
297 375 511
385 375 314
385 412 1060
402 412 941
436 412 941
408 412 902
208 412 411
175 412 224
416 412 194
416 415 925
408 415 888
436 415 739
402 415 739
385 415 622
297 415 607
208 415 534
208 76 33
408 325 426
175 325 370
264 208 805
233 208 787
298 208 605
360 208 475
208 208 276
233 175 1060
264 175 909
208 175 631
298 175 624
374 175 614
360 175 209
208 402 1288
374 402 1057
298 402 835
360 402 727
233 402 192
208 408 1058
374 408 897
298 408 730
233 408 504
360 408 186
208 385 1166
374 385 1161
233 385 803
360 385 727
298 385 278
233 436 1033
208 436 838
374 436 835
298 436 835
360 436 232
374 416 1057
233 416 1033
208 416 380
360 416 296
298 416 278
264 297 538
208 297 465
233 297 386
214 208 1063
330 208 424
374 208 424
326 208 322
326 360 828
330 360 461
214 360 380
330 233 721
214 233 223
326 374 782
214 374 311
389 264 1143
336 264 305
374 298 1001
389 298 468
355 298 253
69 330 1067
101 330 900
69 389 996
101 389 663
69 355 1291
101 355 1037
101 336 1269
69 336 1196
101 374 928
101 214 640
101 326 1292
