204
419 58 814
149 58 837
574 58 596
636 58 442
419 90 606
574 90 69
419 288 659
574 288 48
636 288 84
419 408 333
601 408 442
149 408 949
574 408 729
636 408 436
419 515 414
601 515 310
149 515 705
574 515 729
636 515 436
419 531 333
601 531 442
149 531 781
574 531 729
636 531 436
419 542 680
601 542 347
149 542 347
574 542 387
636 542 421
419 545 637
601 545 442
149 545 859
574 545 669
636 545 267
419 579 333
601 579 377
149 579 781
574 579 683
636 579 436
419 604 637
601 604 268
149 604 949
574 604 713
636 604 265
419 780 797
601 780 586
149 780 1051
574 780 725
636 780 290
419 787 358
149 787 894
574 787 725
636 787 512
742 419 1242
79 419 1174
692 419 824
718 419 549
803 419 471
605 419 456
718 601 1034
803 601 627
692 601 395
742 601 312
79 601 312
605 601 276
79 149 816
742 149 1225
692 149 381
803 149 392
692 574 824
718 574 818
605 574 598
79 574 510
742 574 278
803 574 183
79 636 964
742 636 964
718 636 947
803 636 391
605 636 309
692 636 286
350 718 449
458 718 463
322 803 835
483 803 80
161 803 7
322 692 537
483 692 493
350 692 434
458 692 321
364 692 276
364 742 725
322 742 1194
350 742 184
322 79 1201
364 79 1175
458 605 582
322 605 537
161 605 428
350 605 344
364 605 332
16 458 766
333 458 697
139 458 561
39 458 363
375 458 246
16 350 1024
375 350 948
333 350 406
139 483 896
333 483 610
16 483 490
39 364 1207
375 364 317
16 364 249
39 322 1217
333 322 412
375 322 319
39 161 1207
375 161 887
309 333 561
411 333 545
364 333 438
365 333 256
309 16 315
320 16 328
364 16 610
411 16 53
407 16 1
364 139 1018
411 139 869
407 375 1290
17 375 845
320 375 319
411 375 261
17 39 1300
407 415 1019
365 415 426
309 415 320
320 415 248
411 415 245
208 411 701
437 411 542
436 411 464
415 411 266
436 364 504
437 364 504
208 364 437
415 364 347
168 364 308
208 407 1290
415 407 276
437 407 240
436 407 240
168 365 819
437 365 819
436 365 819
415 365 711
208 365 603
415 17 770
168 17 1300
436 17 521
437 17 255
415 309 577
437 309 532
436 309 508
168 309 495
437 320 965
436 320 965
168 320 965
415 320 711
208 320 236
388 208 1020
367 208 856
324 208 562
340 208 447
340 437 1239
388 437 1227
324 437 1193
343 437 572
367 437 301
388 436 1251
324 436 945
340 436 754
343 436 440
367 436 301
388 415 1287
340 415 1254
324 415 1193
343 415 572
367 415 301
367 168 1063
388 168 1266
340 168 1239
324 168 1109
95 343 963
95 324 1284
133 324 1150
133 340 1300
134 340 812
95 388 1284
134 388 1180
133 367 1300
95 367 1284
