178
399 547 834
317 547 537
470 547 340
93 547 1132
442 547 312
399 581 834
317 581 537
93 581 1132
442 581 868
399 664 834
317 664 537
93 664 1170
442 664 663
399 682 834
317 682 537
93 682 1132
442 682 502
399 688 834
317 688 537
470 688 205
93 688 1132
442 688 807
399 699 834
317 699 537
93 699 941
442 699 698
399 724 867
317 724 537
470 724 351
93 724 1132
442 724 297
399 742 834
317 742 537
470 742 777
93 742 1132
442 742 334
399 752 1085
317 752 420
93 752 591
442 752 502
399 833 657
317 833 340
470 833 382
93 833 501
442 833 140
399 839 1096
317 839 677
470 839 702
93 839 1065
442 839 334
399 889 1179
317 889 607
470 889 130
93 889 707
442 889 311
399 890 693
317 890 677
470 890 402
93 890 243
442 890 496
399 894 657
317 894 199
470 894 702
93 894 1005
442 894 106
801 399 1206
732 399 595
668 399 578
743 399 365
663 399 150
801 317 1261
732 317 1109
663 317 659
668 317 578
743 317 148
732 470 1219
668 470 872
743 470 848
801 470 578
663 470 478
743 93 1240
732 93 1164
663 93 22
668 93 3
732 442 1030
801 442 887
663 442 617
668 442 578
743 442 430
514 732 1058
244 668 1282
223 668 1006
514 668 995
364 668 866
195 668 453
223 743 1
244 801 1259
244 663 1282
223 663 1114
514 663 605
364 663 362
195 663 194
375 195 855
77 195 821
94 195 583
434 195 516
78 195 415
87 195 409
94 244 1093
77 244 747
87 244 649
434 244 649
375 244 497
78 244 415
434 514 2
94 364 1093
434 364 649
87 364 649
78 364 211
77 223 910
87 223 513
415 223 364
375 223 344
434 223 292
78 223 289
250 434 575
407 434 387
170 434 168
381 78 566
407 77 98
170 94 1118
250 94 826
313 94 198
381 94 54
407 87 82
381 87 11
407 375 1297
381 375 724
250 375 709
313 375 709
170 375 709
407 415 850
298 313 874
208 313 551
344 313 483
208 407 1276
298 407 601
362 407 594
266 407 411
298 170 1279
208 170 541
266 170 302
344 170 149
362 250 1201
208 250 290
298 250 231
298 381 736
214 208 1183
374 208 419
374 298 1027
382 298 463
355 298 340
341 298 267
214 362 464
374 266 1278
214 266 649
355 266 431
336 344 928
374 344 795
214 344 649
355 344 431
101 382 1189
101 355 1122
101 336 1286
133 336 1277
101 374 1001
101 214 773
101 341 809
