315
673 171 6
634 171 375
607 171 528
673 395 284
634 395 389
376 395 303
646 395 443
327 395 254
607 395 328
658 395 577
673 521 699
634 521 257
376 521 303
646 521 309
327 521 176
607 521 555
658 521 699
673 552 361
634 552 319
646 552 335
327 552 518
607 552 356
658 552 468
673 715 687
634 715 389
376 715 303
646 715 443
327 715 340
607 715 664
658 715 490
673 756 560
634 756 491
376 756 139
646 756 443
327 756 518
607 756 377
658 756 577
673 778 901
634 778 481
376 778 123
646 778 200
327 778 244
607 778 134
658 778 246
673 790 901
634 790 283
376 790 207
646 790 478
327 790 389
607 790 668
658 790 310
673 792 901
634 792 767
376 792 207
646 792 115
327 792 422
607 792 428
658 792 246
673 808 656
634 808 641
646 808 616
327 808 385
607 808 504
658 808 246
673 815 699
634 815 452
376 815 207
646 815 115
327 815 422
607 815 170
658 815 246
673 816 901
634 816 336
646 816 115
327 816 470
607 816 196
658 816 621
673 833 901
634 833 364
376 833 124
646 833 478
327 833 343
607 833 786
658 833 307
673 853 375
634 853 548
376 853 519
646 853 115
327 853 494
607 853 126
658 853 246
673 854 901
634 854 545
376 854 402
646 854 115
327 854 422
607 854 504
658 854 251
673 879 488
634 879 401
376 879 519
646 879 361
607 879 736
658 879 549
673 937 860
646 937 5
607 937 23
658 937 690
593 673 607
682 673 503
730 673 468
605 673 468
801 673 393
588 673 386
682 634 812
593 634 607
730 634 546
605 634 527
801 634 277
605 376 701
730 376 524
801 376 524
588 376 497
682 376 318
588 646 619
593 646 607
682 646 585
605 646 448
730 646 216
801 646 198
730 327 772
605 327 701
588 327 513
682 327 398
801 327 311
593 327 243
682 607 790
588 607 619
730 607 534
605 607 521
801 607 364
593 607 141
801 658 808
593 658 607
730 658 534
605 658 521
588 658 478
682 658 236
469 593 1072
339 593 869
411 593 743
424 593 473
364 593 293
258 593 139
469 730 1068
364 730 160
469 682 1072
339 682 869
463 682 854
411 682 587
424 682 300
364 682 293
258 682 166
424 801 232
469 605 1072
339 605 869
424 605 573
463 605 485
364 605 392
411 605 203
469 588 1072
339 588 869
424 588 573
411 588 371
364 588 293
258 588 166
415 424 1110
402 424 825
477 424 732
412 424 597
422 424 389
413 339 728
402 339 637
422 339 553
477 339 492
412 339 303
439 339 297
402 411 940
413 411 880
412 411 599
439 411 292
415 411 272
413 258 957
402 258 797
439 258 751
422 258 389
477 258 362
412 469 345
422 469 925
477 469 455
413 469 111
402 469 33
412 364 859
439 364 524
422 364 520
402 364 292
477 364 202
415 463 561
413 463 538
412 463 390
402 463 141
439 463 126
433 422 1108
416 422 701
208 422 481
309 422 203
408 413 975
416 413 839
208 413 523
433 413 425
309 413 352
175 413 204
208 477 529
180 477 1
433 477 2
175 477 1
433 402 1108
416 402 693
180 402 553
208 402 481
408 402 394
309 402 352
175 402 120
408 412 768
433 412 502
208 412 484
180 412 431
416 412 262
175 412 203
408 415 781
416 415 651
208 415 523
180 415 431
433 415 425
309 415 352
416 439 699
180 439 213
208 439 141
433 439 111
309 439 111
233 208 788
255 208 788
298 208 663
362 208 293
208 208 240
255 175 1019
233 175 985
298 175 676
208 175 271
362 175 244
362 408 904
298 408 787
208 408 682
233 408 222
255 408 200
208 433 1155
233 433 925
255 433 887
362 309 882
255 309 780
233 309 780
298 309 436
233 416 925
362 416 904
208 416 388
298 416 335
255 416 200
208 180 752
298 180 554
233 180 343
255 180 343
362 180 311
408 208 986
214 208 884
388 208 623
324 208 406
340 208 357
374 208 357
214 255 449
344 255 296
340 233 658
214 233 303
374 233 303
374 298 993
344 298 779
408 298 139
344 362 708
214 362 528
340 362 334
374 362 334
101 344 1151
133 344 939
101 408 1147
133 408 822
96 408 615
101 374 879
133 374 535
133 324 649
96 324 615
101 324 526
101 214 603
133 340 1155
101 340 583
101 388 715
96 388 615
