280
227 510 229
273 510 439
59 510 681
806 510 719
149 510 986
812 510 549
607 510 352
9 510 719
227 714 776
273 714 448
59 714 457
806 714 1002
149 714 531
812 714 633
607 714 249
9 714 800
227 772 420
273 772 776
59 772 361
806 772 794
149 772 914
812 772 448
607 772 669
9 772 326
227 833 428
273 833 125
59 833 219
806 833 270
149 833 584
812 833 317
607 833 597
9 833 374
227 850 448
273 850 859
806 850 913
149 850 734
812 850 295
607 850 669
9 850 374
227 854 354
273 854 219
59 854 383
806 854 270
149 854 584
812 854 430
607 854 411
9 854 581
227 858 203
273 858 859
806 858 913
149 858 914
812 858 193
607 858 669
227 878 428
273 878 859
59 878 282
149 878 734
607 878 669
9 878 374
227 887 882
273 887 859
59 887 361
806 887 233
149 887 584
812 887 259
607 887 669
227 924 79
273 924 365
149 924 3
607 924 128
9 924 251
273 42 364
149 42 287
812 42 83
607 42 280
9 42 213
273 183 5
59 183 281
806 183 969
149 183 429
812 183 105
607 183 287
9 183 127
59 972 55
806 972 609
812 972 16
607 972 4
9 972 166
806 116 551
149 116 528
812 116 151
607 116 7
9 116 236
806 276 3
806 1021 540
149 1021 725
9 1021 117
719 227 1035
677 227 48
605 273 774
796 273 700
636 273 610
719 273 569
677 273 334
723 273 333
605 59 805
677 59 6
719 59 2
677 806 393
636 806 404
719 806 109
796 806 22
723 806 22
677 149 459
723 149 338
636 149 194
719 149 2
796 149 1
796 812 606
636 812 87
677 607 829
723 607 421
796 607 380
719 607 316
636 607 282
605 607 272
719 9 278
1 719 1083
439 719 294
297 719 58
297 636 1026
1 636 1004
322 636 528
469 636 413
439 636 286
364 636 243
142 636 176
142 723 437
1 723 206
364 723 539
297 723 135
439 796 340
142 796 863
1 796 304
297 677 1026
322 677 714
142 677 387
469 677 327
1 677 240
364 677 189
439 677 113
1 605 891
469 605 597
142 605 559
322 605 292
297 605 255
364 605 195
87 1 519
337 1 308
39 439 965
87 439 953
402 439 466
375 439 187
412 469 398
337 469 633
402 469 7
39 364 1037
412 364 870
87 364 837
375 364 200
39 322 1037
412 322 800
87 322 415
375 322 251
87 297 433
375 297 362
39 297 331
402 297 306
412 297 281
402 142 917
412 142 870
337 142 829
87 142 662
415 142 365
17 337 986
480 337 893
319 337 707
320 337 689
309 337 612
408 337 376
68 337 293
208 337 285
480 87 233
319 87 235
320 87 8
319 375 592
17 375 583
320 375 317
17 39 1291
408 402 545
309 402 503
208 402 446
17 402 224
320 402 198
319 402 144
408 412 815
320 412 483
17 412 470
208 412 410
319 412 300
480 412 281
309 412 262
408 415 1000
319 415 585
309 415 502
208 415 446
320 415 225
423 68 128
298 208 743
168 208 724
362 208 357
208 208 292
423 208 287
266 319 1142
168 319 1142
423 319 374
208 319 207
362 408 1008
298 408 900
208 408 825
266 408 339
423 408 280
362 480 804
423 480 655
298 480 234
266 480 1
423 17 890
168 17 1290
298 17 8
362 309 1012
298 309 480
423 309 450
168 309 310
266 309 283
168 320 696
423 320 696
298 320 637
208 320 560
362 320 497
388 208 953
367 208 789
324 208 534
340 208 354
343 298 368
388 298 194
340 298 194
388 423 1202
340 423 1157
324 423 1100
343 423 558
349 423 506
367 423 249
367 266 539
340 362 496
367 168 874
324 168 997
340 168 1115
388 168 1157
101 343 968
95 343 846
101 349 1273
133 349 1208
95 349 926
95 324 1257
133 324 950
133 367 1300
95 367 1257
95 388 1257
101 388 889
133 340 1300
