330
731 407 895
402 407 548
59 407 218
148 407 237
634 407 124
312 407 365
623 407 390
655 407 746
731 576 895
402 576 548
59 576 338
148 576 1101
634 576 248
312 576 281
655 576 584
731 595 841
402 595 548
59 595 183
148 595 1088
634 595 397
312 595 203
623 595 203
655 595 216
731 702 638
402 702 239
59 702 547
148 702 339
634 702 593
655 702 561
731 719 895
402 719 548
59 719 547
148 719 519
634 719 729
312 719 504
655 719 746
731 730 304
402 730 386
148 730 1101
634 730 579
312 730 138
655 730 347
731 771 485
402 771 136
59 771 377
148 771 220
634 771 975
312 771 787
623 771 1003
655 771 854
731 772 485
59 772 479
148 772 215
634 772 1000
312 772 787
623 772 1003
655 772 854
731 790 133
402 790 391
59 790 395
148 790 215
634 790 522
312 790 787
623 790 1003
655 790 692
731 821 360
59 821 218
148 821 215
634 821 552
312 821 787
623 821 1003
655 821 692
731 823 484
402 823 597
59 823 296
148 823 253
634 823 614
312 823 787
623 823 1003
655 823 692
731 826 485
402 826 265
59 826 377
148 826 277
634 826 1000
312 826 219
623 826 199
655 826 854
731 833 360
402 833 461
59 833 377
148 833 215
634 833 522
312 833 787
623 833 1003
655 833 692
731 883 485
402 883 265
59 883 296
634 883 1000
655 883 854
731 887 360
402 887 265
59 887 377
148 887 200
634 887 298
312 887 200
623 887 322
655 887 574
402 808 177
59 808 296
148 808 255
634 808 537
312 808 787
623 808 1003
655 808 692
402 853 317
59 853 609
148 853 184
634 853 583
312 853 184
623 853 581
655 853 574
59 802 609
148 802 255
634 802 552
312 802 787
623 802 1003
655 802 692
59 951 1
148 951 622
312 951 93
655 951 1
631 731 361
656 731 364
697 402 974
656 402 918
631 402 788
651 402 744
680 402 558
801 402 172
651 59 746
656 59 447
680 59 1
783 148 847
631 634 1266
697 634 1118
656 634 584
680 634 459
801 634 264
783 634 264
631 312 1118
651 312 780
680 312 604
656 312 567
801 312 308
697 312 308
783 312 241
631 623 1246
697 623 1118
656 623 769
680 623 491
801 623 412
783 623 412
651 623 229
656 655 925
631 655 924
680 655 526
783 655 497
801 655 497
697 655 412
651 655 322
41 656 1279
3 656 1094
68 656 589
416 656 435
364 656 159
41 697 1279
3 697 929
68 697 589
91 697 309
52 697 246
416 697 204
47 697 169
47 783 901
41 783 77
52 783 3
68 801 777
41 651 1270
68 651 1220
3 651 1046
416 651 417
52 651 246
47 651 169
364 651 148
41 631 1273
68 631 1268
416 631 417
91 631 257
52 631 246
47 631 169
416 680 1112
3 680 1102
52 680 586
91 680 267
47 680 169
375 416 977
62 416 886
296 416 193
77 91 35
94 91 123
24 91 140
375 3 250
62 3 454
62 41 1055
375 41 95
24 41 107
78 41 3
415 41 1
94 364 716
77 364 419
62 68 1145
78 68 289
24 52 294
375 52 5
77 47 1292
62 47 20
311 62 443
208 62 794
442 62 1
311 78 384
442 78 6
175 94 20
442 94 2
402 77 147
178 77 292
407 77 40
442 77 43
402 24 631
311 24 381
442 24 1
178 375 1296
442 375 1263
407 375 1260
402 375 900
311 375 751
52 375 713
311 296 751
407 296 749
52 296 713
178 296 316
442 296 269
407 415 676
402 415 594
178 415 519
208 415 498
52 415 416
442 415 376
344 208 656
140 208 582
298 208 569
416 208 497
208 208 416
273 442 1298
140 442 1298
208 442 1298
416 442 1031
298 442 809
273 407 1300
140 407 1300
208 407 1299
298 407 520
416 407 472
416 175 881
208 175 719
298 175 596
140 175 222
344 175 199
208 178 1156
140 178 1156
344 178 703
298 178 424
273 178 394
140 402 1300
273 402 1300
208 402 1299
298 402 903
416 402 268
344 402 200
208 311 1199
140 311 1199
344 311 656
416 52 393
238 140 1022
214 208 1223
320 208 679
326 208 410
374 208 347
214 273 1223
374 273 552
320 273 511
214 416 1220
377 416 984
320 416 715
374 416 618
326 416 379
214 406 1220
377 406 1109
320 406 1021
374 406 618
326 406 379
374 298 736
326 298 435
215 298 435
320 344 1015
374 344 652
326 344 652
214 344 652
101 320 1242
101 377 771
152 377 771
101 374 1108
152 374 1055
152 214 1300
101 214 649
101 326 1298
152 215 1254
96 215 864
152 238 1300
96 238 573
