256
113 288 645
182 288 52
704 288 1251
636 288 49
113 399 395
601 399 395
182 399 413
704 399 1127
636 399 360
684 399 305
113 420 687
601 420 299
182 420 256
704 420 744
636 420 319
27 420 426
684 420 485
113 442 697
601 442 517
182 442 233
704 442 1181
636 442 331
27 442 344
684 442 305
113 463 1051
601 463 517
182 463 258
704 463 1214
636 463 443
27 463 277
113 580 312
601 580 363
182 580 604
704 580 1132
636 580 331
27 580 344
684 580 305
113 641 1024
601 641 517
182 641 257
704 641 1024
636 641 301
27 641 301
684 641 305
113 668 446
601 668 632
182 668 442
704 668 950
636 668 443
27 668 446
684 668 625
113 684 191
601 684 386
704 684 1122
27 684 314
684 684 654
113 699 933
601 699 517
182 699 219
704 699 949
636 699 331
27 699 344
684 699 260
113 708 1031
601 708 517
182 708 142
704 708 1031
636 708 378
27 708 344
684 708 335
113 733 836
601 733 517
182 733 141
704 733 1103
636 733 331
27 733 344
684 733 468
113 755 393
601 755 363
182 755 524
704 755 838
636 755 331
27 755 344
684 755 260
601 537 363
182 537 484
704 537 951
636 537 331
27 537 344
684 537 305
828 113 208
717 113 500
611 113 179
626 601 1030
717 601 767
611 601 668
646 601 375
646 182 270
626 182 94
611 182 159
828 704 764
611 704 146
646 704 512
717 704 678
626 704 74
626 636 972
717 636 865
611 636 668
646 636 524
828 636 504
717 27 1172
626 27 629
828 27 509
626 684 916
717 684 849
611 684 668
646 684 606
828 684 291
463 646 1167
483 646 1097
432 646 1019
458 646 921
84 646 641
211 646 579
84 828 206
432 828 111
463 626 1167
483 626 1097
432 626 1019
458 626 921
211 626 579
463 611 1167
483 611 1097
432 611 1019
458 611 921
211 611 494
211 717 1257
483 717 539
84 717 77
333 458 891
139 458 743
264 458 659
375 458 398
413 458 384
308 458 270
333 432 891
139 432 743
375 432 727
264 432 659
413 432 384
308 432 270
413 84 14
375 84 1
139 483 979
333 483 809
413 483 113
264 483 14
308 211 1148
413 211 956
264 211 468
139 211 391
333 211 391
375 463 1298
333 463 891
139 463 743
264 463 659
415 463 416
413 463 384
405 333 1009
408 333 981
214 333 966
411 333 459
364 333 337
411 308 1115
364 308 750
214 308 579
405 308 387
408 308 384
408 413 1185
436 413 1157
398 413 1132
214 413 390
364 139 857
411 139 843
408 139 628
214 139 493
405 139 335
214 264 958
411 264 680
405 264 387
364 264 337
436 375 581
398 375 548
405 375 222
408 415 1185
398 415 769
436 415 769
214 415 390
405 415 311
411 415 197
264 364 914
391 364 784
298 364 482
267 364 270
374 411 855
391 411 760
208 411 539
298 411 457
267 411 443
264 214 1036
267 214 1036
208 214 802
391 214 718
374 214 331
298 405 900
391 405 760
374 405 496
208 405 467
267 405 443
374 408 1007
208 408 919
298 408 870
267 408 443
391 408 221
374 398 1179
208 398 479
391 398 316
267 398 235
374 436 917
298 436 900
208 436 697
267 436 443
214 208 1149
346 391 407
348 391 407
214 374 395
346 374 286
379 298 544
343 298 239
355 298 181
348 264 1189
346 264 1145
379 264 338
346 267 1067
348 267 1067
379 267 338
101 343 972
101 346 1282
134 346 994
101 355 1111
152 214 1300
134 214 1196
101 214 537
152 348 1277
101 348 1142
134 379 1201
