99
150 394 535
526 394 989
256 394 468
581 394 887
150 752 535
526 752 989
256 752 490
581 752 595
150 769 307
526 769 593
256 769 715
581 769 605
150 782 620
526 782 593
256 782 801
581 782 605
150 798 584
526 798 914
256 798 491
581 798 932
150 830 666
526 830 789
256 830 978
581 830 826
756 150 1234
792 150 1294
804 150 1252
792 526 1240
756 526 1240
804 526 1127
756 256 1277
804 256 1155
792 256 276
804 581 1164
792 581 1106
756 581 1106
419 792 1185
456 792 298
419 756 1255
456 756 87
419 804 983
143 417 1199
447 417 1149
434 417 246
143 456 1199
447 456 1149
434 456 555
143 419 1093
447 419 1084
78 419 638
434 419 434
447 455 1268
143 455 996
78 455 638
434 455 246
491 434 1252
373 434 1196
179 434 1024
237 434 865
209 434 818
237 447 1264
491 447 1252
373 447 1196
179 447 1024
209 447 818
491 78 399
209 78 289
237 143 1031
491 143 940
209 143 910
373 143 572
264 237 417
298 237 383
264 491 205
303 491 48
303 209 572
298 209 495
303 373 1196
264 373 451
298 373 360
289 179 1075
264 179 904
303 179 886
298 179 590
389 264 1227
348 264 1037
408 303 990
408 298 874
382 298 837
389 298 640
408 289 1267
389 289 640
133 389 1054
96 382 888
96 408 888
133 408 883
96 348 1066
133 348 1062
96 341 1255
