236
787 113 491
613 113 52
151 113 647
787 116 16
149 116 335
752 116 2
812 116 164
787 198 28
149 198 23
186 198 253
787 293 15
149 293 236
752 293 357
186 293 285
812 293 682
151 293 1
787 405 242
149 405 136
752 405 675
186 405 492
812 405 246
613 405 211
151 405 539
787 468 299
149 468 307
752 468 675
186 468 492
812 468 125
613 468 497
151 468 539
787 483 454
149 483 405
752 483 426
186 483 391
812 483 254
613 483 121
151 483 586
787 550 451
149 550 405
752 550 449
186 550 449
812 550 238
613 550 388
151 550 449
787 564 371
149 564 518
752 564 305
186 564 391
812 564 662
613 564 322
151 564 516
787 587 318
149 587 112
752 587 366
186 587 377
812 587 238
613 587 436
151 587 366
787 645 342
149 645 530
752 645 492
186 645 492
812 645 213
613 645 94
151 645 553
787 718 237
149 718 427
752 718 271
186 718 472
812 718 637
613 718 240
151 718 355
787 719 257
149 719 364
752 719 675
186 719 492
812 719 185
151 719 539
787 749 198
149 749 505
752 749 635
186 749 492
812 749 613
613 749 140
151 749 539
787 831 294
149 831 482
752 831 111
812 831 671
613 831 101
151 831 728
787 845 185
149 845 745
752 845 154
186 845 315
812 845 262
613 845 193
151 845 193
787 858 294
149 858 565
752 858 371
186 858 682
812 858 198
613 858 651
151 858 508
149 806 599
752 806 204
186 806 100
812 806 373
613 806 368
151 806 124
149 838 394
752 838 97
186 838 486
812 838 170
613 838 651
151 838 518
636 787 241
605 787 58
742 149 882
636 149 237
640 752 385
581 752 490
742 752 297
636 752 227
605 752 1
742 186 86
636 812 138
742 613 872
640 613 783
736 613 691
581 613 690
636 613 397
605 613 208
736 151 909
742 151 353
605 151 390
640 151 54
473 640 421
416 640 386
322 640 343
322 742 628
416 742 11
473 636 763
297 636 551
4 636 532
416 636 353
322 636 352
473 581 763
297 581 551
322 581 352
355 581 298
355 736 383
473 736 882
4 736 959
297 736 1
416 605 582
355 605 298
4 605 248
473 605 239
297 605 239
322 605 239
329 473 568
375 473 23
39 416 853
29 416 734
375 416 719
329 416 289
39 4 930
181 4 34
29 4 4
329 355 570
29 355 549
181 355 510
39 355 242
39 322 923
329 322 339
29 322 214
181 322 201
29 297 785
329 297 535
39 297 381
181 297 179
375 297 166
226 181 781
193 181 660
17 181 164
241 181 126
17 375 734
241 375 528
226 375 244
226 39 471
17 39 962
226 29 741
226 329 781
193 329 764
17 329 652
241 329 528
438 329 169
426 226 464
407 226 376
437 226 208
436 226 199
436 438 655
437 438 572
407 438 424
426 438 280
436 17 640
437 17 472
437 193 920
436 193 915
407 193 524
426 193 517
437 241 920
436 241 915
407 241 435
426 241 388
388 436 904
379 436 902
340 436 714
343 436 494
388 437 889
340 437 832
343 437 712
379 407 902
340 407 714
343 407 494
388 407 235
388 426 842
379 426 697
343 426 494
95 343 701
134 379 862
95 388 937
134 388 862
134 340 813
