158
800 414 1261
665 414 645
281 414 414
745 414 1107
758 414 433
800 440 1261
665 440 645
281 440 159
745 440 1107
758 440 433
800 483 1258
665 483 486
281 483 103
745 483 1107
758 483 990
800 490 340
665 490 399
281 490 170
745 490 847
758 490 1048
800 496 1261
665 496 645
281 496 177
745 496 1107
758 496 433
800 583 999
665 583 326
281 583 252
745 583 332
758 583 338
800 625 1260
665 625 645
281 625 431
745 625 1107
758 625 433
800 864 1078
665 864 345
281 864 181
745 864 485
758 864 684
800 875 1125
665 875 302
281 875 701
745 875 485
758 875 866
686 800 148
81 800 118
686 665 1001
678 665 224
81 665 198
787 281 838
678 281 780
81 281 705
686 281 189
787 745 972
686 745 4
81 745 5
81 758 904
787 758 111
678 758 2
490 787 1172
277 787 1262
147 81 85
490 81 1268
159 81 889
277 81 52
159 678 1034
277 678 811
490 678 765
147 678 353
463 678 206
463 686 1250
159 686 897
277 686 811
490 686 599
186 490 949
403 490 946
403 159 932
375 159 434
412 159 189
186 159 174
412 147 470
403 147 467
186 147 466
375 147 464
390 147 464
403 277 793
186 277 740
375 277 434
412 277 223
414 463 1295
375 463 1288
390 463 1122
403 463 152
412 463 114
232 403 964
398 403 891
436 403 463
402 403 463
175 403 254
232 412 1244
402 412 1100
398 412 1095
436 412 1077
175 412 273
232 186 955
175 186 313
402 375 1180
232 375 665
398 375 640
436 375 431
402 390 1209
232 390 964
398 390 644
175 390 120
402 414 1100
398 414 1095
436 414 1077
232 414 812
175 414 254
264 175 1090
233 175 1019
392 175 446
208 175 418
140 175 394
360 175 245
140 402 1300
208 402 1299
360 402 693
392 402 289
233 402 208
140 232 757
264 232 709
360 232 705
392 232 518
233 232 309
208 436 1162
140 436 1162
233 436 1049
392 436 262
360 436 191
140 398 904
208 398 827
233 398 415
392 398 289
360 398 269
238 140 1175
214 208 1072
214 360 567
368 233 683
336 233 439
214 392 1072
69 336 1253
69 415 1044
152 368 739
69 355 1298
152 214 1300
152 238 1300
