383
601 387 311
317 387 381
166 387 502
161 387 320
326 387 329
710 387 495
90 387 410
104 387 865
601 420 338
317 420 381
420 420 257
166 420 316
161 420 406
326 420 383
95 420 531
710 420 671
90 420 581
104 420 580
601 427 338
317 427 333
420 427 341
166 427 212
161 427 548
326 427 137
95 427 531
710 427 671
90 427 561
104 427 254
601 451 358
317 451 260
420 451 204
161 451 406
326 451 301
95 451 661
710 451 671
90 451 438
104 451 256
601 452 338
317 452 346
420 452 341
166 452 582
161 452 406
326 452 346
95 452 582
710 452 671
90 452 582
104 452 340
601 480 311
317 480 399
420 480 257
166 480 288
161 480 406
95 480 531
710 480 671
90 480 533
104 480 550
601 502 239
317 502 381
420 502 293
161 502 406
326 502 224
95 502 531
710 502 671
90 502 581
104 502 600
601 530 338
317 530 421
166 530 664
161 530 518
326 530 348
95 530 692
710 530 692
90 530 668
104 530 896
601 582 358
317 582 244
420 582 224
166 582 383
161 582 406
326 582 383
95 582 531
710 582 671
90 582 438
104 582 254
601 629 230
317 629 358
166 629 554
161 629 406
326 629 452
95 629 554
710 629 671
90 629 554
104 629 254
601 682 214
317 682 253
420 682 312
166 682 428
161 682 488
326 682 224
95 682 531
710 682 671
90 682 438
104 682 393
601 696 321
317 696 182
420 696 245
161 696 406
326 696 185
95 696 531
710 696 671
90 696 438
104 696 254
601 765 358
317 765 381
420 765 142
166 765 650
161 765 406
326 765 421
95 765 661
710 765 671
90 765 438
104 765 990
601 778 323
317 778 274
420 778 127
166 778 426
161 778 273
326 778 170
95 778 727
710 778 575
104 778 158
601 809 237
317 809 613
166 809 250
161 809 719
326 809 522
95 809 577
710 809 243
90 809 468
104 809 444
601 826 154
317 826 613
166 826 273
161 826 273
326 826 491
95 826 577
104 826 503
601 842 123
317 842 613
166 842 273
161 842 252
326 842 491
95 842 577
710 842 280
104 842 503
601 854 389
317 854 613
166 854 492
161 854 161
326 854 491
95 854 577
104 854 538
601 871 367
317 871 115
420 871 115
166 871 562
161 871 646
326 871 571
710 871 115
104 871 175
161 131 1
95 131 842
90 131 195
746 601 1003
827 601 626
760 601 441
611 601 381
638 601 255
750 601 252
746 317 938
827 317 721
750 317 382
760 317 359
719 317 221
638 317 192
746 420 938
750 420 567
760 420 567
719 420 489
827 420 466
638 420 466
611 420 366
746 166 726
750 166 1018
638 166 30
750 161 1164
611 161 25
750 326 882
827 326 721
719 326 645
638 326 411
760 326 215
746 326 190
611 326 152
750 95 619
827 95 458
760 95 256
760 710 626
827 710 1
760 90 979
746 90 232
750 90 1158
638 90 308
611 90 116
750 104 363
746 104 617
719 104 586
760 104 15
94 719 556
1 719 920
208 719 1013
205 750 883
94 750 521
208 750 537
91 760 798
211 760 699
208 760 284
94 760 10
205 760 5
91 827 553
212 827 1013
94 827 883
208 827 160
94 638 958
212 638 790
1 638 421
208 638 415
483 638 404
205 638 399
463 638 392
211 638 348
91 638 190
463 611 1208
483 611 852
212 611 272
211 611 265
208 746 226
212 746 682
211 746 204
483 746 12
205 746 1
2 205 860
94 205 648
7 205 419
420 205 238
420 94 51
94 1 647
2 1 268
7 1 8
2 91 1299
94 91 86
7 91 1
333 483 435
94 483 41
7 208 933
94 208 648
420 208 624
2 208 513
94 212 648
7 212 547
375 212 478
420 212 241
2 212 164
2 211 1245
420 211 490
94 211 313
7 211 281
375 211 272
333 211 228
375 463 1298
414 463 1291
390 463 754
333 463 487
415 463 360
7 463 290
94 463 233
408 333 1062
209 333 702
232 333 449
175 333 399
232 420 1056
398 420 1048
436 420 1022
416 420 768
209 420 549
407 420 524
175 94 23
232 2 667
407 2 706
408 2 410
209 7 1085
232 7 189
407 375 1281
436 375 532
416 375 532
398 375 450
232 375 330
407 390 1154
416 390 1134
232 390 1028
209 390 549
408 390 413
398 390 327
175 390 156
408 415 930
436 415 844
398 415 844
416 415 835
232 415 689
407 415 503
209 415 264
398 414 1048
436 414 1022
232 414 665
416 414 619
209 414 549
408 414 413
407 414 376
175 414 299
264 175 991
310 175 935
298 175 716
374 175 583
208 175 426
267 175 343
208 407 1289
374 407 636
298 407 618
267 407 235
310 232 828
264 232 828
374 232 690
298 232 616
374 408 960
208 408 929
298 408 775
310 408 418
267 408 235
298 209 511
310 209 466
374 398 1145
208 398 650
310 398 396
298 436 955
374 436 853
208 436 776
267 436 235
310 436 173
374 416 1063
208 416 428
298 416 295
310 416 280
214 208 1106
374 208 379
214 374 252
336 310 745
214 310 706
389 264 1196
374 298 983
389 298 546
382 298 283
389 267 805
133 389 800
101 382 1126
101 336 1279
133 336 1166
101 355 1039
152 374 956
101 374 882
152 214 1300
101 214 543
133 403 800
101 341 742
