162
575 461 497
596 461 997
120 461 774
655 461 686
758 461 984
645 461 112
575 552 154
596 552 621
120 552 323
655 552 263
758 552 621
645 552 266
575 772 662
596 772 1089
120 772 166
655 772 894
758 772 757
645 772 459
575 806 776
596 806 1083
120 806 174
655 806 894
758 806 597
645 806 459
575 808 192
596 808 1083
120 808 335
655 808 815
758 808 335
645 808 319
575 820 136
596 820 1083
120 820 174
655 820 658
758 820 792
645 820 177
575 834 830
596 834 1038
120 834 966
655 834 786
758 834 757
645 834 482
575 839 119
596 839 950
120 839 966
655 839 815
758 839 718
645 839 319
575 883 830
596 883 1083
120 883 966
655 883 894
758 883 718
645 883 459
575 892 286
596 892 1096
120 892 966
655 892 815
758 892 718
645 892 288
596 454 495
120 454 960
655 454 608
758 454 938
645 454 489
596 979 1082
120 979 481
655 979 815
758 979 3
645 979 371
730 575 1162
656 575 712
801 575 485
695 575 254
631 575 225
631 596 1178
695 596 1090
730 596 967
656 596 966
801 596 877
730 120 936
695 120 505
631 120 141
695 655 1080
656 655 966
631 655 948
730 655 534
801 655 264
695 758 26
631 758 447
695 645 1090
801 645 1000
656 645 966
631 645 948
730 645 227
68 656 859
416 656 833
481 656 533
68 730 509
481 730 241
99 730 150
54 730 13
481 801 1031
68 801 851
54 801 986
416 695 1194
99 695 543
481 695 240
54 695 122
68 631 1271
416 631 936
481 631 373
99 631 255
375 416 1088
422 416 1024
428 416 744
94 54 1151
375 481 1300
307 481 34
428 99 1159
94 99 21
375 68 1
250 422 173
170 422 163
402 422 135
402 375 1158
311 375 1046
250 94 901
170 94 1149
402 428 1220
170 428 683
311 307 1119
170 307 1010
250 307 799
223 307 193
208 250 766
266 250 282
298 250 277
298 170 1213
208 170 874
266 170 478
208 402 1292
298 402 1054
266 402 483
208 311 1034
298 311 244
208 223 573
266 223 561
298 223 488
374 208 489
326 208 314
377 208 224
374 298 641
326 298 340
332 298 340
374 266 1297
332 266 1071
326 266 914
101 332 1228
101 377 1094
101 374 1094
101 326 1293
