356
97 268 335
146 268 536
159 268 814
97 315 260
322 315 2
146 315 94
210 315 371
767 315 20
97 410 332
322 410 529
146 410 563
186 410 468
210 410 488
767 410 563
75 410 684
527 410 130
159 410 787
97 478 208
322 478 529
186 478 210
210 478 488
767 478 437
75 478 684
527 478 214
159 478 787
97 592 576
322 592 529
146 592 146
186 592 154
210 592 488
767 592 229
75 592 684
527 592 130
159 592 787
97 595 593
322 595 418
146 595 606
186 595 212
210 595 418
767 595 606
75 595 418
527 595 275
159 595 593
97 633 506
322 633 319
146 633 166
186 633 477
210 633 365
767 633 283
75 633 193
527 633 156
159 633 506
97 697 232
322 697 529
146 697 247
186 697 169
210 697 488
767 697 352
75 697 684
527 697 130
159 697 787
97 737 310
322 737 433
146 737 823
186 737 225
210 737 433
767 737 766
75 737 433
527 737 130
159 737 439
97 788 126
322 788 166
186 788 145
210 788 181
767 788 183
75 788 214
527 788 128
159 788 197
97 822 187
322 822 147
146 822 246
210 822 124
767 822 580
527 822 391
159 822 432
97 840 112
322 840 240
146 840 259
186 840 179
210 840 314
767 840 690
75 840 182
527 840 401
159 840 648
97 859 187
322 859 147
146 859 223
186 859 239
210 859 257
767 859 737
75 859 214
527 859 391
159 859 481
97 865 112
322 865 95
186 865 319
767 865 197
75 865 285
527 865 391
159 865 548
97 871 112
322 871 321
146 871 259
210 871 257
767 871 737
75 871 104
527 871 425
159 871 548
97 873 191
322 873 233
146 873 111
210 873 164
767 873 233
75 873 164
527 873 369
159 873 548
97 883 112
146 883 338
210 883 153
767 883 580
75 883 217
527 883 425
159 883 362
97 890 281
322 890 409
146 890 259
210 890 314
767 890 580
75 890 186
527 890 425
159 890 587
322 155 1
146 155 801
210 155 231
75 155 40
527 155 19
159 155 889
146 903 12
159 903 445
186 76 570
210 76 5
527 76 177
159 76 807
210 924 127
75 924 12
159 924 414
63 97 842
473 97 930
796 97 398
186 97 83
63 322 751
473 322 678
772 322 656
801 322 573
797 322 177
186 322 177
796 322 168
797 146 450
783 146 76
186 146 533
63 146 160
718 146 2
473 186 978
186 210 988
63 210 342
718 210 28
473 767 878
186 767 807
63 767 306
186 75 847
473 75 596
796 75 532
63 75 115
801 75 59
473 527 822
186 527 815
772 527 537
63 527 517
796 527 371
718 527 366
797 527 328
801 527 157
186 159 995
473 159 1016
796 159 201
783 159 114
772 159 256
797 159 34
232 718 429
463 718 43
69 797 944
56 797 316
457 63 127
52 63 291
56 63 118
232 186 1053
457 186 2
52 186 1
457 796 29
56 796 599
1 796 124
463 783 181
232 783 41
52 783 16
1 783 4
457 801 158
232 473 963
52 473 279
56 473 256
463 473 233
69 473 80
232 772 982
69 772 78
77 1 120
87 1 203
375 457 1007
390 457 590
87 457 432
77 457 420
68 457 416
412 457 375
415 457 236
368 69 28
87 69 13
68 52 304
375 52 3
68 232 516
368 232 365
375 232 244
412 232 169
87 56 562
412 56 2
375 463 1069
414 463 1065
77 463 665
390 463 590
415 463 440
68 463 343
412 463 323
87 463 105
402 368 464
407 368 464
402 77 226
407 77 45
407 87 96
407 68 511
407 375 1039
402 375 652
416 375 534
436 375 506
398 375 377
407 390 1028
402 390 1023
416 390 955
398 390 399
408 390 279
408 415 796
416 415 607
407 415 582
402 415 513
436 415 510
398 415 510
408 412 744
436 412 699
398 412 699
402 412 699
407 412 329
416 412 182
436 414 902
398 414 873
402 414 812
416 414 457
408 414 279
407 414 218
229 175 882
264 175 771
208 175 558
298 175 547
381 175 514
374 175 319
208 407 1067
298 407 685
206 407 650
374 407 577
381 407 194
208 402 1067
206 402 1028
374 402 826
298 402 698
381 402 194
208 408 883
206 408 867
374 408 826
298 408 698
381 408 314
229 408 238
206 398 1047
374 398 918
208 398 519
381 398 314
229 398 238
206 436 921
374 436 755
208 436 722
298 436 698
381 436 194
229 436 144
206 416 1047
374 416 826
208 416 403
381 416 240
229 416 238
298 416 190
214 208 939
330 208 264
368 229 995
336 229 726
355 229 693
330 229 351
214 229 251
368 374 569
214 374 514
368 298 640
355 298 209
368 264 241
336 381 694
214 381 640
355 381 289
349 381 221
368 206 640
101 349 1052
69 349 785
134 349 628
134 336 1066
101 336 1052
69 336 1042
69 355 1068
101 355 902
69 415 877
101 415 841
134 368 1066
101 368 795
69 330 940
101 330 784
134 330 628
134 214 998
