292
657 40 3
281 40 720
412 40 34
657 160 97
281 160 380
2 160 170
487 160 292
412 160 3
657 573 637
281 573 293
63 573 347
2 573 485
487 573 234
263 573 339
657 613 198
281 613 325
63 613 427
2 613 485
487 613 291
412 613 180
263 613 554
657 686 522
281 686 247
63 686 173
2 686 453
487 686 410
412 686 215
263 686 614
657 826 396
281 826 682
63 826 160
2 826 397
487 826 300
412 826 748
263 826 333
657 847 467
281 847 465
63 847 180
2 847 731
487 847 350
412 847 611
263 847 465
657 860 157
281 860 657
63 860 180
2 860 731
487 860 157
412 860 119
263 860 657
657 875 215
281 875 433
63 875 433
2 875 731
487 875 313
412 875 700
263 875 784
657 883 396
281 883 682
63 883 184
2 883 319
487 883 151
412 883 748
263 883 155
281 747 406
63 747 427
2 747 485
487 747 445
412 747 606
263 747 388
281 778 395
63 778 329
2 778 731
487 778 478
412 778 676
263 778 673
281 829 677
63 829 329
2 829 557
487 829 313
412 829 534
263 829 677
281 848 261
63 848 160
2 848 731
487 848 138
412 848 695
263 848 333
281 951 541
63 951 468
2 951 11
487 951 47
412 951 331
63 366 422
2 366 117
487 366 405
412 366 259
772 657 547
701 657 463
758 657 338
725 657 295
787 657 269
769 657 199
787 281 886
772 281 861
701 281 609
725 281 582
769 281 544
758 281 165
787 63 786
772 63 1013
701 2 658
725 2 921
769 2 991
758 2 202
772 487 861
758 487 810
769 487 544
701 487 423
787 487 324
725 487 324
772 412 861
725 412 798
758 412 637
769 412 544
701 412 423
787 412 287
725 263 936
758 263 810
772 263 796
769 263 544
701 263 423
787 263 367
217 787 911
16 787 11
257 787 22
257 701 357
16 701 355
69 701 325
463 701 249
47 701 243
200 701 221
69 725 170
16 725 1013
92 725 311
47 725 34
200 725 1
257 725 3
217 769 222
92 769 90
200 758 167
47 758 183
92 758 45
200 772 785
257 772 1022
69 772 45
47 772 6
92 772 13
50 200 687
107 200 320
412 200 316
48 200 255
375 16 661
11 16 11
48 16 12
50 217 632
413 217 625
375 217 323
107 217 230
11 92 1111
107 92 201
48 92 127
50 92 5
48 69 1112
107 69 4
413 69 8
412 47 4
375 257 722
412 257 552
50 257 515
107 257 379
375 463 1113
414 463 1110
415 463 337
412 463 333
413 463 316
50 463 268
407 375 1071
416 375 588
436 375 548
398 375 422
232 375 290
88 375 269
408 375 181
408 50 57
175 50 304
232 107 167
407 107 92
408 413 941
436 413 938
398 413 916
416 413 915
232 413 237
175 413 198
407 413 148
407 11 14
88 48 994
232 412 957
408 412 897
436 412 837
398 412 837
407 412 363
416 412 198
175 412 179
408 415 758
416 415 728
436 415 678
398 415 678
232 415 561
407 415 543
436 414 938
398 414 916
416 414 608
232 414 385
407 414 363
408 414 352
175 414 198
255 175 921
233 175 921
310 175 835
298 175 581
208 175 419
360 175 164
208 407 1112
233 407 659
360 407 638
298 407 604
255 407 253
310 88 12
208 408 817
298 408 750
310 408 327
233 408 325
255 408 325
310 232 728
360 232 532
298 232 433
233 232 234
255 398 942
208 398 594
233 398 452
310 398 327
360 398 190
233 436 834
255 436 787
298 436 750
208 436 737
310 436 150
233 416 834
208 416 362
310 416 327
298 416 215
214 208 979
330 208 249
330 360 601
349 360 219
214 255 542
343 255 403
336 255 403
349 255 280
330 233 815
343 233 481
379 233 423
336 233 407
349 233 280
336 310 772
214 310 716
379 310 423
349 310 221
379 298 423
355 298 241
343 298 170
101 349 1102
134 349 700
101 343 887
101 330 800
134 330 700
134 336 1115
101 336 1102
134 379 1036
101 355 918
134 214 1069
76 214 668
