300
584 80 13
601 80 538
42 80 145
790 80 868
584 404 307
601 404 323
665 404 449
42 404 242
78 404 391
790 404 786
104 404 870
584 441 307
601 441 496
665 441 449
42 441 227
78 441 391
790 441 1167
104 441 510
584 467 417
601 467 496
665 467 395
42 467 327
78 467 391
790 467 1167
104 467 510
584 473 307
601 473 496
665 473 449
42 473 335
78 473 391
790 473 1021
104 473 510
584 514 369
601 514 496
665 514 168
42 514 181
78 514 212
790 514 1116
104 514 836
584 527 369
601 527 548
665 527 315
42 527 327
78 527 421
790 527 1075
104 527 661
584 535 258
601 535 498
665 535 418
42 535 250
78 535 216
790 535 293
104 535 177
584 616 267
601 616 498
665 616 501
42 616 364
78 616 653
790 616 557
104 616 510
584 686 288
601 686 496
665 686 194
42 686 287
78 686 421
790 686 1121
104 686 882
584 730 307
601 730 496
665 730 449
42 730 201
78 730 391
790 730 786
104 730 960
584 747 267
601 747 498
665 747 336
42 747 180
790 747 999
104 747 1000
584 765 381
601 765 548
665 765 146
42 765 158
78 765 116
790 765 786
104 765 1000
584 767 267
601 767 496
665 767 412
42 767 258
78 767 421
790 767 1142
104 767 855
584 776 438
601 776 369
665 776 238
42 776 183
78 776 472
790 776 503
104 776 508
584 855 465
601 855 586
665 855 410
42 855 250
78 855 583
790 855 330
104 855 461
601 934 41
42 934 305
78 934 575
827 584 955
718 584 572
611 584 458
646 584 389
769 584 297
626 584 192
718 601 742
715 601 720
827 601 717
626 601 661
611 601 511
769 601 283
646 601 265
718 665 726
827 665 655
611 665 511
769 665 279
626 665 249
646 665 230
715 665 199
827 42 1178
626 42 303
827 78 1119
611 78 490
827 790 942
626 790 3
769 104 441
715 104 76
458 718 338
212 718 84
463 718 15
402 718 4
1 715 735
458 715 484
402 715 9
1 769 6
469 769 94
402 769 922
458 769 26
212 827 958
402 827 475
469 827 14
463 646 1082
483 646 839
212 646 779
458 646 647
402 646 465
469 646 388
463 626 1082
483 626 839
402 626 775
458 626 647
469 626 388
212 626 228
463 611 1082
483 611 839
469 611 651
458 611 647
212 611 306
402 611 190
413 1 62
333 458 641
16 458 594
375 458 541
139 458 529
412 458 450
264 458 432
413 458 429
412 483 301
413 483 201
16 483 341
333 483 574
139 483 733
264 483 7
413 402 946
375 402 555
16 402 550
412 402 351
264 402 251
412 469 553
413 469 132
413 212 794
375 212 413
333 212 146
375 463 1250
333 463 641
139 463 529
412 463 450
264 463 432
413 463 429
415 463 392
405 16 377
364 16 532
411 16 68
433 16 1
408 333 938
405 333 918
364 333 380
411 333 375
433 333 210
408 413 1129
436 413 1109
208 413 384
433 413 291
405 413 191
364 413 172
364 139 821
411 139 691
408 139 610
433 139 355
405 139 263
411 264 569
364 264 380
405 264 323
208 264 276
436 375 571
17 375 455
408 375 202
436 412 910
408 412 827
411 412 549
433 412 389
208 412 356
405 412 274
17 412 247
408 415 960
436 415 720
208 415 384
405 415 274
433 415 249
411 415 177
364 415 172
264 208 792
267 208 792
298 208 586
168 208 468
208 208 408
391 208 329
264 364 803
391 364 577
298 364 430
168 364 308
208 364 271
267 364 249
208 411 569
391 411 563
298 411 447
267 411 366
298 405 864
208 405 569
391 405 563
267 405 366
168 405 178
208 408 906
298 408 820
267 408 366
208 433 1253
267 433 485
391 433 479
168 17 1246
267 17 45
298 17 7
298 436 864
208 436 623
267 436 366
214 208 1165
388 208 884
367 208 639
340 208 330
389 391 815
367 391 743
389 298 597
343 298 303
389 264 1129
349 264 256
389 267 920
340 168 1065
388 168 1077
367 168 719
101 349 1237
133 349 1146
101 343 958
133 389 819
101 214 509
101 388 904
96 388 659
133 340 1253
133 367 1253
96 367 659
