199
744 422 1079
800 422 880
109 422 677
409 422 589
27 422 664
744 482 1079
800 482 880
109 482 647
409 482 589
27 482 664
744 488 560
800 488 621
109 488 677
409 488 306
27 488 449
744 507 1041
800 507 880
109 507 497
409 507 618
27 507 664
744 518 1002
800 518 880
109 518 600
409 518 589
27 518 664
744 525 262
800 525 815
109 525 600
409 525 691
27 525 699
744 548 701
800 548 924
109 548 749
409 548 316
27 548 701
744 625 346
800 625 653
109 625 497
409 625 618
27 625 695
744 657 780
800 657 444
109 657 677
409 657 618
27 657 780
744 672 503
800 672 653
109 672 416
409 672 809
27 672 592
744 819 308
109 819 649
409 819 736
27 819 308
109 994 814
409 994 437
15 744 252
719 744 5
184 800 913
436 800 412
15 800 45
454 109 1
436 109 7
15 109 5
719 109 1
436 409 1137
184 409 1099
454 409 882
15 409 878
767 409 878
719 409 480
454 27 708
436 27 23
192 15 1152
278 15 331
262 15 133
356 15 16
500 719 1032
192 719 776
278 719 369
262 454 967
356 454 865
500 454 764
278 454 635
192 454 422
463 454 340
192 184 1140
278 184 1222
302 184 213
500 184 2
278 767 194
302 767 537
500 767 1
500 436 902
356 436 865
302 436 638
278 436 635
262 436 582
192 436 422
473 302 1265
64 302 1217
403 302 726
375 302 566
473 278 1144
403 278 962
64 278 428
473 500 1234
403 500 692
64 262 1057
473 262 1057
403 262 962
375 262 304
473 356 1233
64 356 1217
403 356 573
473 192 1255
64 192 1217
403 192 749
375 463 1297
414 463 1294
390 463 1061
403 463 303
64 463 133
232 473 332
412 473 3
416 403 1207
412 403 1171
232 403 894
398 403 862
402 403 307
436 403 307
402 375 1180
398 375 568
232 375 482
436 375 374
412 375 299
416 375 299
232 64 5
416 390 1207
402 390 1186
412 390 1171
232 390 976
398 390 575
402 414 1149
398 414 1069
436 414 1031
416 414 794
232 414 657
412 414 540
140 402 1299
208 402 1297
218 402 740
235 402 415
233 402 192
140 232 810
218 232 692
235 232 477
233 232 329
140 398 944
208 398 836
233 398 483
235 398 449
208 436 1125
140 436 1125
233 436 1041
218 436 740
235 436 449
233 416 1078
140 416 944
235 416 449
208 416 404
218 416 200
140 412 1236
218 412 740
235 412 449
233 412 323
208 412 237
214 208 1051
388 208 679
342 208 679
340 208 239
238 140 1159
340 233 641
379 233 563
348 233 239
340 218 641
342 218 254
342 235 254
152 342 1053
150 342 1048
152 214 1299
200 214 1057
150 388 1182
150 340 976
152 348 1288
150 348 1048
150 379 1277
152 238 1299
200 238 1057
