231
399 207 45
785 207 144
781 207 892
399 230 88
632 230 89
785 230 846
781 230 1058
399 391 479
632 391 297
166 391 319
93 391 633
785 391 633
729 391 393
781 391 351
399 448 403
632 448 366
166 448 516
93 448 913
785 448 537
729 448 571
781 448 623
399 473 306
632 473 366
166 473 306
93 473 1030
785 473 558
729 473 363
781 473 385
399 510 308
632 510 366
166 510 531
93 510 825
785 510 579
729 510 579
781 510 491
399 598 192
632 598 418
166 598 874
93 598 487
785 598 893
729 598 893
781 598 589
399 622 374
632 622 358
166 622 516
93 622 791
785 622 537
729 622 546
781 622 283
399 777 461
632 777 450
93 777 994
785 777 184
729 777 368
781 777 640
399 798 649
632 798 474
166 798 157
93 798 975
785 798 529
729 798 398
781 798 378
399 832 649
632 832 403
166 832 177
93 832 691
785 832 379
729 832 256
781 832 374
399 844 544
632 844 474
166 844 729
93 844 975
729 844 368
781 844 155
399 853 368
632 853 452
166 853 729
93 853 759
785 853 811
729 853 623
781 853 374
399 865 649
632 865 378
166 865 729
93 865 927
785 865 353
781 865 640
399 868 116
632 868 450
166 868 627
93 868 1072
785 868 555
729 868 368
781 868 640
399 887 473
632 887 452
166 887 729
93 887 607
785 887 811
781 887 159
166 11 128
93 11 105
785 11 51
729 11 8
93 993 1
729 993 187
781 993 69
732 399 885
801 399 735
743 399 502
776 399 446
785 399 196
801 632 1089
732 632 1016
776 632 961
743 632 789
785 632 324
732 166 848
743 166 2
743 93 1221
776 93 1195
732 93 1140
785 93 110
801 93 1
801 785 281
743 785 7
732 785 1
743 729 940
776 729 1063
732 729 835
785 781 966
732 781 790
394 776 274
54 776 153
35 743 97
394 743 535
54 801 1001
244 801 1025
49 785 970
394 785 1
94 54 1219
412 54 28
78 54 37
94 1 918
87 1 448
78 49 1291
87 49 90
307 244 1076
78 244 802
94 244 776
87 244 776
412 244 587
329 244 273
78 394 905
94 394 819
329 394 707
412 394 674
87 394 439
329 35 606
307 35 329
87 35 9
100 78 769
223 78 11
217 78 159
250 94 981
170 94 1215
175 94 5
223 87 5
175 307 1180
170 307 1078
250 307 1036
217 307 868
100 307 552
223 307 264
250 412 463
223 412 304
175 412 267
100 329 956
170 329 590
250 329 590
223 329 535
217 329 505
362 100 11
298 175 947
358 175 786
266 175 446
362 175 246
298 170 1278
208 170 639
266 170 392
358 170 202
298 217 842
358 217 664
208 217 639
266 217 440
362 250 1188
358 250 754
208 250 482
266 250 213
358 223 593
298 223 593
208 223 456
266 223 440
362 223 432
363 208 552
374 208 523
389 208 381
346 358 764
348 358 764
389 358 764
363 358 432
349 358 378
374 298 811
389 298 678
346 298 278
363 298 248
374 266 1257
374 362 554
133 363 1286
96 363 735
101 349 1285
133 349 1157
133 389 940
101 346 1285
133 346 951
101 374 1043
133 374 660
101 348 1187
133 348 1032
96 348 881
