238
532 141 562
299 141 871
532 313 709
366 313 9
299 313 3
464 313 120
425 313 819
532 359 900
299 359 1212
425 359 514
532 360 728
532 449 1019
366 449 206
299 449 985
465 449 522
464 449 757
425 449 522
532 723 1019
299 723 985
465 723 614
464 723 757
425 723 567
532 729 262
366 729 318
299 729 793
465 729 652
464 729 706
425 729 652
532 771 192
366 771 560
299 771 732
465 771 859
464 771 666
425 771 468
532 796 337
366 796 532
299 796 532
465 796 859
464 796 738
425 796 358
532 824 139
366 824 322
299 824 732
465 824 859
464 824 590
425 824 503
532 847 139
366 847 560
299 847 637
465 847 750
464 847 590
425 847 468
532 873 567
366 873 560
299 873 590
465 873 798
464 873 470
425 873 279
366 820 483
299 820 643
465 820 646
425 820 605
299 784 695
465 784 798
464 784 279
425 784 467
71 532 511
797 532 474
767 532 472
516 532 455
617 532 437
624 532 178
678 532 146
668 532 133
624 366 659
668 366 621
71 366 511
797 366 448
678 366 398
617 366 393
516 366 337
767 366 281
617 299 601
678 299 485
797 299 474
767 299 472
516 299 455
71 299 350
624 299 333
668 465 621
71 465 511
678 465 485
797 465 448
516 465 337
617 465 334
767 465 302
617 464 601
767 464 441
71 464 441
668 464 417
516 464 312
797 464 312
624 464 213
678 464 199
617 425 601
71 425 553
668 425 553
516 425 492
797 425 432
767 425 386
624 425 178
93 71 1048
414 71 3
1 71 3
414 668 1029
372 668 686
32 668 220
414 624 1029
1 624 895
463 624 883
93 624 293
32 624 220
372 797 313
93 767 1217
372 767 11
1 678 895
372 678 686
414 678 569
93 678 470
463 678 185
32 516 1208
372 516 331
93 516 328
414 617 1029
463 617 685
93 617 289
241 32 781
241 1 21
39 93 4
39 372 660
375 372 391
241 372 281
375 414 1241
414 414 1241
39 414 968
390 414 654
415 414 654
375 463 1295
414 463 1287
390 463 984
415 463 571
39 463 362
17 241 485
416 241 191
408 241 166
436 375 770
416 375 749
398 375 589
17 375 569
385 375 366
408 375 235
17 39 1295
385 39 23
416 390 1205
385 390 894
408 390 478
398 390 441
17 390 144
408 415 914
385 415 894
436 415 663
398 415 663
416 415 643
398 414 1156
436 414 1152
416 414 741
385 414 560
408 414 423
298 408 1002
208 408 836
415 408 386
208 385 1250
298 385 367
415 385 348
415 17 708
436 17 511
168 17 1287
437 17 293
298 17 9
208 398 452
415 398 386
168 398 326
437 398 268
436 398 268
298 436 1002
208 436 609
415 436 257
415 416 331
208 416 331
437 416 299
298 416 265
168 416 235
168 377 1262
415 377 925
437 377 373
388 208 1083
367 208 688
340 208 449
388 437 1152
340 437 1127
349 437 634
343 437 608
367 437 316
388 436 1190
340 436 695
349 436 634
343 436 375
367 436 316
388 415 1225
340 415 1209
349 415 634
343 415 608
367 415 316
343 298 363
340 298 292
367 168 997
340 168 1164
388 168 1172
69 343 950
95 343 833
95 388 1242
134 388 1172
69 388 731
134 340 942
95 367 1242
69 349 867
95 349 841
134 349 713
