146
336 394 541
526 394 1082
669 394 213
726 394 1088
581 394 736
336 477 489
526 477 1082
669 477 861
726 477 1088
581 477 467
336 598 572
526 598 1082
669 598 349
726 598 1088
581 598 182
336 673 847
526 673 660
669 673 861
726 673 1138
581 673 507
336 717 489
526 717 1061
669 717 327
726 717 1061
581 717 603
336 843 909
526 843 896
669 843 621
726 843 795
581 843 439
336 866 449
526 866 675
669 866 375
726 866 492
581 866 854
336 881 343
526 881 557
669 881 494
726 881 383
581 881 854
336 922 44
526 922 1198
669 922 8
526 452 281
669 452 861
726 452 1172
581 452 891
526 972 1
581 995 629
756 336 1227
627 336 1213
680 336 591
613 336 167
756 526 1201
627 526 1201
613 526 786
680 526 591
627 669 1006
613 669 1006
680 669 756
756 669 756
627 726 368
627 581 1066
613 581 852
680 581 744
756 581 610
456 756 155
419 756 1192
284 627 1194
419 627 968
456 627 229
445 627 127
284 680 1093
419 680 968
456 680 958
284 613 984
419 613 597
445 613 377
456 613 229
143 456 1136
447 456 840
509 456 570
143 419 879
447 419 602
226 419 514
469 419 507
241 419 313
469 284 1148
226 284 741
447 284 585
241 284 401
143 284 401
509 284 180
143 445 879
447 445 858
509 445 570
469 445 507
241 445 313
223 226 748
171 226 528
255 226 528
263 226 528
465 226 366
171 469 1083
263 469 466
255 469 195
171 509 590
171 447 833
263 241 625
171 241 586
465 241 535
255 241 275
223 143 824
255 143 737
263 143 343
208 408 959
331 408 210
289 255 1175
331 255 835
208 255 586
411 255 437
331 171 1235
289 171 1219
208 171 586
411 171 437
289 263 1075
411 263 390
331 263 390
208 263 390
331 223 1235
208 223 586
411 223 437
411 465 463
408 208 1206
403 208 265
408 331 362
341 411 1225
403 411 1211
382 411 1211
408 289 1251
382 289 435
341 289 435
96 382 842
96 403 842
96 408 842
96 341 1237
