301
441 404 592
150 404 202
80 404 566
599 404 655
346 404 406
448 404 177
395 404 644
781 404 653
441 409 592
150 409 493
80 409 847
599 409 161
346 409 400
448 409 294
395 409 548
781 409 612
441 427 592
150 427 937
80 427 566
599 427 416
346 427 885
448 427 177
395 427 898
781 427 653
441 476 373
150 476 373
80 476 799
599 476 438
346 476 885
448 476 177
395 476 577
781 476 543
441 720 592
150 720 285
80 720 566
599 720 655
346 720 406
448 720 177
395 720 747
781 720 653
441 787 657
80 787 533
599 787 349
346 787 126
448 787 257
395 787 703
781 787 623
441 789 159
150 789 272
80 789 867
599 789 377
346 789 789
448 789 257
395 789 1038
781 789 443
441 811 657
150 811 274
80 811 867
599 811 539
346 811 253
395 811 895
781 811 139
441 825 657
150 825 187
80 825 867
599 825 231
346 825 324
448 825 257
395 825 1038
781 825 465
441 837 657
150 837 610
80 837 867
599 837 377
346 837 253
448 837 100
395 837 1038
781 837 635
441 854 443
150 854 584
80 854 784
599 854 539
346 854 789
448 854 250
395 854 539
781 854 432
441 861 657
150 861 132
80 861 867
599 861 550
346 861 255
448 861 250
395 861 1038
781 861 485
441 868 246
150 868 610
80 868 867
599 868 671
346 868 253
448 868 108
395 868 1038
781 868 462
441 882 657
80 882 867
599 882 388
346 882 253
395 882 904
781 882 688
441 883 657
150 883 822
80 883 215
599 883 550
346 883 255
448 883 250
395 883 574
781 883 233
150 815 151
80 815 867
599 815 550
346 815 789
448 815 223
395 815 1038
781 815 462
801 441 943
743 441 694
640 441 629
614 441 588
596 441 451
607 441 313
614 150 250
596 150 381
640 150 11
743 80 868
607 80 165
596 80 29
596 599 727
607 599 532
614 599 431
796 599 323
801 346 1117
640 346 629
596 346 608
614 346 588
743 346 470
796 346 319
607 346 298
796 448 825
596 448 747
743 448 586
614 448 549
801 448 440
640 448 440
607 448 313
801 395 875
796 395 726
640 395 629
614 395 588
743 395 454
596 395 413
614 781 709
640 781 82
244 596 1219
35 596 975
1 596 818
49 596 805
319 596 755
370 596 409
91 596 352
244 640 1219
319 640 755
370 640 409
91 640 221
35 743 61
91 743 789
1 743 1
49 743 3
319 614 763
370 614 409
1 614 399
91 614 256
1 796 202
370 796 916
244 796 122
49 796 1
244 801 1170
244 607 1058
1 607 818
49 607 805
91 607 798
319 607 763
370 607 248
87 1 284
94 1 737
129 1 550
77 1 52
94 91 82
77 91 2
78 49 1291
87 49 65
77 49 71
94 370 1210
87 370 1111
412 370 396
78 370 376
129 370 227
94 319 1240
129 319 1197
77 319 975
375 319 414
78 319 335
412 319 304
415 319 165
94 244 803
77 244 657
87 244 613
78 244 577
412 244 563
375 244 525
129 35 271
87 35 6
100 78 734
408 78 4
223 78 6
407 87 64
223 87 1
250 94 848
170 94 1100
175 94 8
175 129 658
100 129 614
408 129 317
250 129 253
170 129 253
407 129 237
407 77 58
100 77 16
407 375 1292
250 375 355
170 375 355
223 375 250
408 412 931
208 412 378
407 412 327
250 412 279
223 412 228
408 415 1092
407 415 822
208 415 455
298 208 819
264 208 654
358 208 545
360 208 437
208 208 308
264 175 952
298 175 895
358 175 824
208 175 405
208 407 1294
360 407 749
298 407 648
358 407 617
298 170 1281
208 170 669
360 170 514
264 170 341
358 170 230
208 408 1052
298 408 933
358 408 848
358 250 813
360 250 514
264 250 341
208 250 324
208 223 863
264 223 757
298 223 674
358 223 637
360 223 514
214 208 1177
374 208 442
389 208 235
214 360 328
348 358 775
389 358 775
374 298 986
389 298 704
382 298 307
343 298 251
389 264 1250
348 264 1088
101 343 1090
133 389 895
101 349 1293
133 349 1152
101 382 1193
96 382 813
101 374 1043
101 214 640
101 348 1188
133 348 1046
96 348 952
