377
134 223 457
197 223 195
787 223 270
93 223 51
607 223 360
613 223 117
729 223 37
211 223 254
134 371 498
197 371 527
93 371 550
613 371 121
264 371 47
134 404 381
197 404 176
787 404 448
93 404 423
607 404 273
613 404 360
264 404 448
729 404 433
211 404 302
134 483 777
197 483 814
787 483 471
93 483 214
607 483 307
613 483 328
264 483 471
729 483 375
211 483 155
134 563 310
197 563 266
787 563 348
93 563 598
607 563 155
613 563 301
264 563 301
729 563 431
211 563 388
134 598 509
197 598 449
787 598 501
93 598 766
607 598 189
613 598 360
264 598 489
729 598 461
211 598 388
134 606 509
197 606 272
787 606 394
93 606 537
607 606 143
613 606 157
264 606 224
729 606 431
211 606 394
134 622 284
197 622 266
787 622 501
93 622 766
607 622 149
613 622 360
264 622 489
729 622 438
211 622 445
134 738 541
197 738 541
787 738 501
93 738 766
607 738 272
613 738 360
264 738 489
729 738 431
211 738 388
134 780 320
197 780 470
787 780 355
93 780 531
607 780 415
264 780 610
729 780 131
211 780 531
134 786 320
197 786 586
787 786 381
93 786 583
607 786 347
613 786 347
264 786 610
729 786 246
211 786 274
134 790 351
197 790 580
787 790 355
93 790 282
607 790 580
613 790 351
264 790 609
729 790 298
211 790 261
134 803 320
197 803 424
787 803 355
93 803 593
607 803 594
264 803 610
729 803 519
211 803 789
134 816 312
197 816 586
787 816 375
93 816 583
607 816 391
613 816 171
264 816 297
729 816 246
211 816 489
134 833 120
197 833 717
787 833 208
93 833 593
607 833 617
264 833 208
729 833 357
211 833 612
134 853 310
197 853 439
787 853 457
93 853 593
607 853 360
264 853 529
729 853 459
211 853 789
134 854 283
197 854 439
787 854 457
93 854 593
607 854 408
613 854 199
264 854 251
729 854 246
211 854 789
134 861 283
197 861 470
787 861 340
93 861 312
607 861 467
264 861 207
729 861 467
211 861 489
134 882 320
197 882 470
787 882 355
93 882 593
607 882 326
613 882 210
264 882 435
729 882 291
211 882 789
134 894 312
197 894 470
787 894 157
93 894 593
607 894 432
613 894 250
264 894 297
211 894 789
134 965 494
197 965 73
787 965 1
607 965 370
197 776 737
787 776 381
93 776 476
607 776 617
264 776 529
729 776 246
211 776 476
605 134 94
801 134 615
753 134 535
138 134 652
810 134 513
776 134 268
776 197 1102
753 197 694
801 197 12
138 197 39
732 197 3
810 787 126
801 787 150
605 787 91
732 93 759
776 93 1212
753 93 230
801 93 5
810 93 1
776 607 812
732 607 627
801 607 523
810 607 470
138 607 454
796 607 420
605 607 418
753 607 374
776 613 602
810 613 532
138 613 454
796 613 440
753 613 374
732 613 297
605 613 264
810 264 643
796 264 643
801 264 544
732 264 508
776 264 446
605 264 284
753 264 221
732 729 322
796 729 620
776 729 1056
810 729 277
801 211 751
810 211 334
376 732 175
322 732 7
1 810 494
376 810 5
370 138 89
394 138 142
371 138 34
322 138 23
370 776 300
376 776 877
394 776 141
54 776 103
220 776 1
220 753 658
1 753 56
370 753 1
370 796 874
1 796 159
244 796 23
54 801 989
244 801 841
35 605 963
1 605 665
394 605 503
54 605 442
376 605 423
371 605 174
322 605 149
412 54 81
78 54 19
87 1 518
87 220 819
412 220 779
78 220 609
329 220 341
422 220 216
87 370 1193
412 370 572
422 370 462
329 370 347
78 370 347
39 370 284
329 371 752
39 371 619
78 371 583
412 371 532
87 371 236
87 244 815
412 244 779
78 244 485
329 244 357
412 394 822
329 394 752
78 394 583
87 394 526
39 394 203
422 35 187
329 35 652
87 35 12
39 322 970
87 322 717
412 322 674
78 322 434
329 322 257
422 322 199
412 376 628
78 376 434
87 376 388
422 376 288
39 376 261
433 422 1142
241 422 200
250 422 199
438 422 99
100 78 777
433 78 254
438 78 94
438 87 499
433 87 78
241 87 152
100 39 38
241 412 541
433 412 458
250 412 336
100 329 867
193 329 576
170 329 502
250 329 482
433 329 416
241 329 328
433 415 359
241 415 200
168 100 260
362 100 20
424 100 5
208 438 493
424 438 489
298 438 440
437 438 342
168 438 187
298 170 1254
168 170 988
424 170 526
208 170 505
437 170 249
208 433 1298
424 433 582
362 250 1185
168 250 988
437 250 580
424 250 255
208 250 208
437 193 1047
168 193 1047
424 193 467
362 193 278
298 193 262
208 193 176
437 241 1042
168 241 1042
298 241 646
362 241 278
388 208 921
340 208 421
379 424 1058
385 424 1030
388 424 475
349 424 301
340 424 273
385 437 1108
388 437 1093
340 437 1038
343 437 618
349 437 609
379 298 839
385 298 708
343 298 388
340 298 284
388 298 284
388 168 1182
340 168 1169
340 362 577
379 362 382
95 343 818
133 349 1206
95 349 890
133 379 872
133 340 1299
95 388 1255
95 385 818
