159
605 389 253
800 389 870
665 389 530
745 389 710
742 389 832
605 402 253
800 402 823
665 402 530
745 402 166
742 402 328
605 625 344
800 625 925
665 625 446
745 625 902
742 625 832
605 677 245
800 677 1026
665 677 319
745 677 902
742 677 832
605 678 241
800 678 1093
665 678 530
745 678 710
742 678 832
605 679 283
800 679 927
665 679 199
745 679 710
742 679 832
605 688 436
800 688 663
665 688 434
745 688 710
742 688 832
605 739 253
800 739 857
665 739 163
745 739 710
742 739 832
605 813 611
800 813 1053
665 813 252
742 813 926
585 605 975
810 605 403
755 605 397
678 605 213
787 605 175
755 800 227
254 800 1209
810 800 40
755 665 425
810 665 416
787 745 845
787 742 870
254 742 149
678 742 65
755 742 8
29 254 1249
500 254 909
389 254 85
277 787 1105
500 787 157
29 787 282
389 787 18
29 755 438
500 755 655
177 755 12
277 755 9
500 810 335
29 678 1001
159 678 776
177 678 756
389 678 464
277 678 462
500 678 265
29 585 802
177 585 756
159 585 658
500 585 620
271 29 643
403 500 720
271 500 32
403 177 795
412 177 325
403 159 795
271 159 647
375 159 421
412 159 369
403 277 726
271 277 647
412 277 425
375 277 368
412 389 906
271 389 489
390 389 436
375 389 436
414 389 255
436 375 515
232 375 473
416 375 456
232 412 1168
436 412 980
408 412 893
396 412 827
416 412 395
175 412 324
416 403 1241
396 403 1002
232 403 872
408 403 446
436 403 363
175 403 345
175 271 940
232 271 799
436 271 775
396 271 654
408 271 650
416 271 645
416 390 1241
396 390 1002
232 390 875
408 390 446
175 390 165
436 414 1125
416 414 869
232 414 621
396 414 621
408 414 446
175 414 345
233 175 1114
255 175 1114
402 175 473
208 175 468
267 175 462
208 396 1110
255 396 1094
233 396 1090
402 232 434
233 232 355
208 408 806
255 408 753
233 408 735
402 408 679
267 408 365
233 436 1090
208 436 1008
255 436 985
267 436 365
402 436 270
233 416 1090
208 416 346
402 416 346
255 416 223
342 208 856
342 402 490
152 342 1119
123 342 668
