268
350 221 336
605 221 485
339 221 150
492 221 430
554 221 257
701 221 54
607 221 42
350 394 516
605 394 262
339 394 538
492 394 449
554 394 219
701 394 517
409 394 885
607 394 261
350 412 516
605 412 475
339 412 300
492 412 253
554 412 269
701 412 440
409 412 658
607 412 347
350 499 516
605 499 345
339 499 425
492 499 357
554 499 276
701 499 517
409 499 1036
607 499 563
350 512 687
605 512 400
492 512 204
554 512 349
701 512 279
409 512 700
607 512 563
350 513 160
605 513 475
339 513 131
492 513 371
701 513 365
409 513 959
607 513 460
350 525 334
605 525 246
492 525 246
554 525 349
701 525 517
409 525 968
607 525 460
350 630 376
605 630 345
339 630 300
492 630 347
554 630 276
701 630 279
409 630 347
607 630 460
350 643 260
605 643 345
339 643 119
492 643 449
554 643 349
701 643 517
409 643 914
607 643 460
350 657 427
605 657 212
339 657 538
492 657 245
554 657 276
701 657 408
409 657 408
607 657 563
350 671 160
339 671 300
554 671 349
701 671 166
409 671 643
607 671 563
350 742 260
605 742 345
339 742 263
492 742 371
554 742 276
701 742 542
409 742 903
607 742 330
350 867 301
605 867 398
339 867 310
492 867 538
554 867 140
701 867 988
409 867 151
607 867 897
350 877 198
605 877 514
339 877 567
492 877 538
701 877 988
409 877 402
607 877 897
350 887 198
605 887 398
339 887 517
492 887 444
554 887 262
701 887 1076
409 887 984
607 887 916
492 992 180
409 992 780
709 350 1091
737 350 720
797 350 598
679 350 542
769 350 467
588 350 344
709 605 608
588 605 369
769 605 143
679 605 133
709 339 1091
737 339 720
588 339 639
769 339 633
797 339 598
709 492 762
737 492 706
797 492 665
588 492 639
769 492 633
679 492 177
709 554 1121
769 554 996
797 554 756
737 554 720
588 554 430
709 701 1066
679 701 810
588 701 457
737 701 365
769 701 234
709 409 1101
797 409 647
737 409 644
588 409 639
769 409 633
679 409 351
709 607 1215
679 607 810
588 607 457
769 607 292
737 607 259
797 607 172
90 709 180
1 709 1
29 737 1245
330 797 630
52 769 135
500 769 216
1 769 29
90 769 22
500 679 576
90 679 454
330 679 371
52 679 158
29 679 117
330 588 977
29 588 866
90 588 814
500 588 550
52 588 459
1 588 168
403 1 885
413 1 27
300 90 759
21 90 899
76 90 36
403 90 10
21 29 931
300 29 103
413 29 13
76 500 131
403 500 669
300 330 876
413 330 765
76 330 480
412 330 395
21 330 348
403 330 332
300 52 4
76 52 1
408 300 1226
355 300 687
307 300 498
416 300 487
232 300 437
416 403 1234
232 403 1013
355 403 938
408 403 651
436 403 200
416 413 1218
408 413 1047
436 413 999
355 413 349
232 413 316
307 413 280
408 21 647
436 21 124
355 21 9
355 76 595
408 412 1067
232 412 1013
355 412 959
436 412 701
416 412 569
307 412 349
255 307 890
233 307 890
360 307 667
202 307 582
267 307 533
233 408 437
255 408 437
267 408 423
360 408 330
202 408 119
360 232 875
233 232 442
202 232 338
233 436 1075
255 436 1029
267 436 423
360 436 330
233 416 1130
255 416 327
267 416 187
360 416 164
233 355 1153
255 355 1146
267 355 533
202 355 485
360 355 257
389 202 782
414 202 707
312 202 529
414 360 707
312 360 638
414 255 1066
389 255 318
312 233 638
379 233 624
186 233 505
414 233 322
389 267 907
379 267 424
414 267 338
70 389 699
134 379 1160
70 312 716
123 186 1007
70 186 791
123 414 1207
