254
625 324 105
398 324 810
139 324 28
625 460 150
634 460 513
171 460 871
398 460 308
655 460 560
93 460 498
139 460 689
625 531 354
634 531 513
171 531 749
398 531 342
655 531 560
93 531 259
139 531 287
383 531 301
625 639 378
634 639 300
171 639 359
655 639 332
93 639 405
139 639 300
383 639 443
625 664 379
634 664 513
171 664 871
398 664 381
655 664 560
93 664 604
139 664 626
383 664 443
625 780 427
634 780 202
171 780 504
398 780 385
655 780 771
93 780 192
139 780 738
383 780 180
625 782 265
398 782 523
655 782 516
93 782 563
139 782 913
625 808 265
634 808 514
398 808 359
655 808 818
93 808 563
139 808 615
625 833 427
634 833 464
398 833 644
655 833 821
93 833 277
139 833 161
625 890 427
634 890 918
398 890 127
655 890 959
93 890 102
139 890 830
383 890 120
634 11 64
171 11 437
655 11 61
93 11 12
139 11 580
634 205 1
655 205 388
139 205 7
634 376 31
398 376 6
655 376 1
634 786 364
171 786 504
398 786 320
655 786 740
93 786 359
139 786 1066
634 809 364
171 809 504
398 809 380
655 809 783
93 809 142
139 809 389
383 809 184
634 883 918
398 883 170
655 883 959
93 883 192
139 883 243
171 116 16
139 116 19
171 243 214
655 243 6
383 243 423
171 957 106
783 625 1218
663 625 1195
801 625 1156
651 625 585
636 625 547
743 625 112
783 634 1012
801 634 1012
663 634 1012
636 634 732
651 634 147
743 171 1270
783 171 3
801 398 1049
663 398 740
743 398 699
636 398 427
651 398 210
783 398 147
783 655 1174
663 655 1174
801 655 1156
636 655 654
743 655 460
651 655 246
743 93 1223
663 93 264
801 93 2
783 93 2
783 139 467
663 139 1005
801 383 1259
636 383 674
663 383 506
743 383 470
783 383 207
41 636 1289
1 636 926
223 636 662
284 636 537
56 636 282
244 783 317
41 783 18
223 783 2
223 743 1
1 743 1
244 801 1171
223 651 1080
41 651 968
1 651 926
284 651 591
56 651 282
69 651 142
244 663 1223
223 663 1080
1 663 926
284 663 537
56 663 375
41 663 163
69 663 142
94 1 957
87 1 224
77 1 95
94 244 1051
77 244 634
87 244 555
140 244 478
375 244 418
78 244 380
386 41 98
375 41 36
78 41 1
415 41 2
140 223 1253
77 223 1005
375 223 647
87 223 389
78 223 235
87 69 16
375 284 1254
94 284 1115
140 284 1013
415 284 1013
77 284 345
87 56 1011
78 56 413
94 56 2
311 78 391
407 140 724
175 140 551
192 140 420
311 140 361
250 140 361
170 140 361
88 140 319
407 386 1118
192 386 624
250 94 798
170 94 1106
175 94 5
311 87 28
407 87 53
407 77 38
407 375 1294
311 375 866
170 375 287
250 375 287
88 375 249
407 415 996
192 415 624
289 88 2
416 250 571
208 250 551
289 250 458
266 250 222
266 192 1131
416 192 708
298 192 546
208 407 1297
416 407 616
298 407 510
266 407 430
289 175 1153
416 175 907
298 175 838
208 175 415
266 175 224
298 170 1249
416 170 807
208 170 807
266 170 393
208 311 1234
416 311 362
289 311 263
408 208 1190
374 208 490
326 208 409
374 416 1063
326 416 304
374 298 892
408 298 506
382 298 506
326 298 368
374 266 1274
408 266 1175
326 266 969
408 289 1063
326 289 850
96 382 879
133 408 910
96 408 879
133 374 771
133 326 760
96 341 1143
