116
800 496 1275
784 496 1142
743 496 976
820 496 1148
800 796 1215
784 796 851
743 796 199
820 796 578
800 813 1215
784 813 466
743 813 648
820 813 578
800 826 1215
784 826 515
743 826 377
820 826 885
800 829 1215
784 829 186
743 829 932
820 829 717
800 864 1215
743 864 377
820 864 578
784 219 1048
743 219 1040
784 261 522
743 261 961
784 925 825
743 925 1035
810 800 64
81 800 50
18 784 1016
81 784 15
81 743 769
787 743 967
18 743 468
18 820 763
81 820 4
90 810 1219
500 810 380
490 810 808
490 787 1217
277 787 1177
500 787 104
490 81 1289
277 81 4
500 18 1080
90 18 287
403 90 214
271 90 224
76 90 182
403 490 1074
271 490 239
403 500 972
76 500 189
271 500 11
403 277 943
271 277 793
412 277 368
76 277 230
232 412 1248
52 412 736
437 412 455
175 412 404
412 412 403
412 403 1246
232 403 1009
52 403 736
437 403 455
5 403 283
175 403 255
175 271 1051
52 271 995
232 271 985
412 271 405
437 76 591
5 76 1205
233 175 1113
168 175 465
208 175 328
140 175 316
360 175 314
168 232 1158
360 232 811
140 232 491
233 232 295
208 437 1256
140 437 690
140 412 1182
208 412 184
360 412 172
360 5 1
233 52 529
360 52 1
168 52 1
238 140 1121
214 208 1089
342 208 825
340 208 332
340 360 437
214 360 343
340 233 618
343 233 515
349 233 308
342 168 560
340 168 1005
69 343 1015
69 349 971
134 349 812
134 342 1297
152 342 1084
69 342 971
152 214 1300
134 214 1209
134 340 941
152 238 1300
