273
601 287 303
665 287 134
601 313 41
665 313 314
42 313 1
787 313 1
346 313 98
601 317 2
665 317 228
781 317 209
601 383 262
665 383 1
42 383 228
781 383 7
601 420 250
665 420 140
42 420 374
787 420 381
346 420 125
607 420 344
781 420 605
601 427 250
665 427 220
42 427 166
787 427 166
346 427 551
607 427 254
781 427 582
601 480 244
665 480 152
787 480 331
346 480 442
607 480 344
781 480 599
601 719 162
665 719 109
42 719 107
787 719 468
346 719 551
781 719 582
601 776 175
665 776 159
42 776 93
787 776 350
346 776 108
607 776 431
781 776 531
601 778 251
665 778 295
42 778 275
787 778 350
346 778 155
607 778 296
781 778 531
601 807 183
665 807 312
42 807 430
787 807 209
346 807 209
607 807 214
781 807 557
601 815 286
665 815 109
42 815 404
787 815 405
346 815 457
607 815 404
781 815 459
601 825 286
665 825 233
42 825 199
787 825 323
346 825 184
607 825 266
781 825 557
601 854 287
665 854 322
42 854 258
787 854 405
346 854 457
607 854 293
781 854 531
601 867 158
665 867 225
42 867 225
787 867 255
346 867 108
607 867 408
781 867 492
601 882 251
665 882 322
42 882 275
787 882 255
346 882 177
607 882 111
781 882 602
601 891 183
665 891 322
42 891 537
787 891 255
346 891 101
781 891 508
787 276 16
679 601 505
718 601 432
827 601 363
614 601 281
719 601 144
679 665 495
718 665 432
827 665 362
719 665 321
614 665 231
827 42 845
614 42 39
679 42 92
827 787 454
718 787 20
614 346 350
719 346 346
679 346 262
718 346 262
827 346 215
796 346 198
679 607 505
719 607 401
827 607 363
796 607 260
827 781 362
614 781 382
679 781 183
719 781 1
129 719 395
208 719 669
1 719 774
313 719 97
458 718 181
463 718 31
208 614 441
1 614 369
458 614 199
35 679 241
129 679 241
158 679 217
458 679 138
463 679 91
158 827 601
313 827 564
208 827 146
1 796 260
129 796 29
458 796 1
412 54 12
87 1 188
7 1 13
440 458 589
87 458 537
7 458 384
412 458 349
333 458 316
420 458 207
375 458 158
7 208 700
87 208 415
420 208 392
440 208 272
7 129 700
375 129 583
420 129 392
333 129 215
87 129 209
7 313 482
440 313 423
420 313 312
412 313 275
87 35 4
440 158 572
7 158 373
87 158 366
375 158 295
415 158 295
420 158 266
375 463 902
412 463 349
415 463 317
333 463 316
7 463 289
440 463 145
408 333 624
411 333 210
364 333 198
436 420 707
385 420 618
416 420 505
411 420 224
364 420 213
244 420 183
244 87 135
411 87 5
244 7 829
416 375 473
436 375 425
385 375 218
408 375 152
416 440 817
385 440 618
411 440 339
364 440 213
244 440 183
377 440 123
408 412 625
385 412 618
436 412 541
411 412 339
244 412 183
408 415 757
385 415 493
416 415 485
436 415 458
298 364 432
168 364 325
266 364 325
362 364 308
233 364 214
233 411 562
208 411 479
298 411 347
362 411 264
362 408 714
298 408 605
208 408 583
266 408 265
233 408 225
208 385 850
233 385 546
298 385 297
362 385 129
298 244 416
266 244 407
362 244 308
208 244 248
298 436 714
233 436 709
208 436 462
266 436 265
362 416 714
233 416 709
208 416 276
298 416 252
168 377 883
266 377 801
362 377 255
214 208 795
340 208 280
340 233 524
379 233 427
379 298 427
389 298 414
343 298 220
214 362 516
340 362 271
214 266 377
340 168 770
101 343 672
133 389 605
101 355 743
200 214 685
133 340 907
101 349 897
133 349 837
101 348 815
133 348 671
133 379 605
