150
622 473 433
253 473 1209
769 473 1079
581 473 1162
622 514 674
253 514 1031
769 514 1028
581 514 1096
622 585 785
253 585 1048
769 585 1048
581 585 1096
622 662 970
253 662 988
769 662 1028
581 662 1096
622 849 1007
253 849 1063
769 849 799
581 849 830
622 881 919
253 881 1199
769 881 1023
581 881 879
622 963 931
253 963 654
769 963 1182
253 953 1233
581 953 44
729 622 1225
709 622 880
358 622 740
699 622 667
627 622 569
729 253 1251
358 253 50
729 769 1129
709 769 1168
627 769 9
699 769 12
729 581 931
709 581 858
627 581 736
699 581 718
358 581 583
256 709 378
469 709 27
170 709 3
469 699 1073
177 699 959
256 699 777
167 699 554
170 699 163
256 729 607
177 729 411
170 729 473
167 729 399
469 729 38
469 627 1095
170 627 511
177 358 905
469 358 678
256 358 377
167 358 312
170 358 312
477 167 1159
143 167 991
29 167 961
241 167 633
29 177 923
241 177 733
143 177 667
477 177 618
477 469 823
29 170 923
241 170 909
143 170 667
477 170 630
201 170 252
477 256 808
143 256 661
29 256 661
241 256 437
201 256 287
193 241 689
263 241 537
465 241 498
255 241 331
408 241 279
263 29 415
255 29 849
193 477 555
255 477 754
465 477 38
255 201 1189
193 201 787
465 201 550
263 201 539
408 201 374
255 143 1200
193 143 787
408 143 565
263 143 459
465 143 208
255 415 759
408 415 693
465 415 629
263 415 606
50 255 1050
267 255 527
440 255 488
426 255 278
440 408 977
424 408 581
267 408 365
50 263 1050
267 263 570
424 263 299
426 263 299
440 263 299
50 193 1050
440 193 1007
424 193 1007
426 193 710
267 193 570
267 465 3
385 424 1140
379 424 1140
355 424 647
368 424 332
379 50 1253
385 50 1254
385 440 1140
379 440 1140
355 440 711
368 440 483
385 426 1208
355 426 1003
359 426 979
379 426 773
368 426 217
379 267 743
368 267 630
359 267 453
69 359 1260
134 359 1159
69 355 1260
134 368 1264
134 379 1159
69 385 986
