288
601 126 107
195 126 185
678 126 592
601 169 166
799 169 454
9 169 239
601 183 392
209 183 774
195 183 2
9 183 315
601 376 535
799 376 550
209 376 855
9 376 360
601 389 226
799 389 574
209 389 651
636 389 380
195 389 582
678 389 135
9 389 777
601 514 544
799 514 652
209 514 611
636 514 377
195 514 282
678 514 377
9 514 652
601 524 521
799 524 167
209 524 465
636 524 360
195 524 225
678 524 241
9 524 549
601 540 414
799 540 771
209 540 704
636 540 377
195 540 218
678 540 383
9 540 811
601 591 444
799 591 424
209 591 635
636 591 331
195 591 178
9 591 459
601 631 507
799 631 739
209 631 611
636 631 377
9 631 811
601 691 347
799 691 739
209 691 611
636 691 377
195 691 225
678 691 320
9 691 811
601 695 415
799 695 739
209 695 611
636 695 377
195 695 218
9 695 748
601 718 547
799 718 739
209 718 611
636 718 377
195 718 208
678 718 416
9 718 763
601 800 197
799 800 305
209 800 828
636 800 412
195 800 221
678 800 280
601 811 362
799 811 305
209 811 828
636 811 338
9 811 585
601 816 490
799 816 398
209 816 373
636 816 689
678 816 230
9 816 138
601 965 8
799 965 270
209 965 993
195 965 29
9 965 529
601 972 419
209 972 1168
9 972 349
799 964 201
209 964 851
636 964 399
636 177 284
195 177 900
716 601 787
626 601 697
765 601 597
611 601 594
646 601 343
729 601 221
716 799 774
765 799 521
611 799 36
626 799 6
729 209 854
716 209 991
646 209 441
626 209 118
729 636 714
626 636 697
716 636 611
765 636 597
611 636 460
646 636 332
716 195 260
729 195 532
765 195 549
626 195 253
611 195 20
729 678 961
716 678 766
626 678 684
765 678 665
611 678 580
646 678 332
716 9 1145
611 9 4
729 9 75
76 716 595
185 716 790
483 716 215
319 716 339
458 716 2
458 765 34
483 765 17
319 729 34
463 646 1090
483 646 858
458 646 682
76 646 538
319 646 511
463 626 1144
483 626 858
458 626 682
319 626 539
76 626 437
463 611 1144
483 611 858
458 611 682
319 611 539
185 611 356
306 611 219
76 611 124
333 458 731
139 458 619
87 458 603
264 458 482
412 458 393
375 458 291
49 458 226
77 458 154
139 483 817
412 483 288
333 483 675
264 483 16
77 319 861
49 319 475
412 319 318
375 319 310
139 319 204
333 319 193
87 319 166
49 185 807
77 185 803
139 185 379
333 185 369
412 185 286
375 185 272
264 185 272
87 185 272
49 76 950
264 76 4
333 76 343
333 306 759
139 306 759
77 306 548
49 306 520
375 306 405
264 306 366
412 306 363
375 463 1279
77 463 929
333 463 719
139 463 552
264 463 482
412 463 393
49 463 226
405 333 1023
408 333 1001
214 333 721
68 333 382
364 333 376
411 333 373
411 87 14
214 77 3
214 264 664
411 264 553
405 264 398
364 264 376
364 139 812
411 139 696
408 139 653
68 139 382
214 139 373
405 139 272
68 49 1173
436 375 582
408 375 217
405 375 202
411 375 202
68 375 199
436 412 973
408 412 930
411 412 592
405 412 330
214 412 272
324 68 290
402 68 126
264 68 13
267 68 4
264 364 722
391 364 638
402 364 451
267 364 318
391 411 624
324 411 576
267 411 426
267 214 1051
264 214 885
391 214 592
402 214 257
324 214 250
391 405 624
267 405 426
324 405 269
324 408 567
402 408 559
267 408 426
324 436 576
267 436 426
402 436 334
379 402 639
343 402 525
349 402 350
389 264 1152
346 264 1110
348 264 1090
379 264 346
389 391 811
346 391 574
348 391 574
379 391 346
389 267 1047
346 267 1047
348 267 1047
379 267 346
389 324 840
348 324 840
346 324 840
349 324 448
343 324 387
379 324 346
69 343 1065
69 349 898
134 349 836
69 389 1065
134 346 1000
134 379 1221
69 348 1065
