273
59 14 564
551 14 725
59 231 44
612 231 298
59 367 9
64 367 759
318 367 169
581 367 853
758 367 4
59 453 394
64 453 1055
678 453 735
318 453 405
551 453 191
581 453 406
758 453 450
612 453 450
59 738 330
64 738 487
678 738 248
318 738 212
551 738 291
581 738 248
758 738 487
612 738 432
59 776 593
64 776 930
678 776 517
318 776 414
551 776 121
581 776 211
758 776 799
612 776 355
59 811 395
64 811 930
318 811 414
551 811 121
581 811 416
758 811 799
612 811 150
59 821 395
64 821 1002
678 821 208
318 821 414
551 821 121
581 821 754
758 821 799
612 821 644
59 825 442
64 825 650
678 825 395
318 825 514
581 825 661
758 825 777
612 825 145
59 849 395
64 849 930
678 849 208
318 849 414
581 849 618
758 849 799
612 849 128
59 859 173
64 859 930
678 859 298
318 859 414
551 859 121
581 859 754
758 859 799
612 859 355
59 860 165
64 860 930
678 860 277
318 860 414
551 860 121
581 860 754
758 860 799
612 860 169
59 881 395
64 881 759
678 881 177
318 881 177
551 881 129
581 881 754
758 881 777
612 881 195
59 882 222
64 882 903
318 882 414
551 882 165
758 882 799
612 882 429
59 883 334
64 883 192
318 883 181
581 883 143
758 883 722
612 883 691
64 824 713
678 824 395
318 824 514
551 824 292
581 824 650
758 824 722
64 834 930
318 834 414
551 834 121
581 834 570
758 834 799
612 834 565
581 283 246
758 296 33
781 59 321
680 59 7
724 59 5
724 64 1182
781 64 1132
680 64 935
643 678 1109
680 678 969
724 678 969
776 678 954
627 678 572
781 678 301
631 678 155
781 318 1181
724 318 834
643 318 564
776 318 415
631 318 340
680 318 265
724 551 1024
781 551 799
776 551 569
627 551 549
643 551 265
680 551 190
643 581 1109
631 581 760
776 581 664
680 581 654
627 581 572
724 581 316
781 581 301
776 758 886
781 758 6
631 758 39
724 612 1256
680 612 995
643 612 990
776 612 784
627 612 670
781 612 328
631 612 182
68 776 936
287 776 439
287 643 1094
284 643 913
41 643 798
52 643 738
116 643 409
41 724 1223
284 724 950
287 724 852
66 724 294
41 627 1185
284 627 913
66 627 205
68 631 1278
41 631 1111
284 631 820
66 631 568
52 631 280
287 631 154
287 781 163
116 781 532
52 781 1023
68 781 40
284 680 865
52 680 652
41 680 249
66 680 205
287 680 200
62 66 1261
469 66 4
375 287 958
62 287 855
241 287 770
469 287 528
62 41 1184
469 41 14
375 41 135
415 41 3
375 116 984
370 116 935
241 116 707
62 116 605
83 116 564
375 284 1264
415 284 779
469 284 667
83 284 631
241 284 324
62 284 270
62 68 1230
415 68 1
370 52 47
375 52 3
192 62 1002
263 469 525
285 83 274
114 241 1212
192 241 337
263 241 254
402 375 997
285 375 505
263 375 505
262 375 443
114 375 423
192 375 312
351 375 265
402 415 705
192 415 628
263 415 443
285 415 384
114 370 1027
402 370 447
285 370 323
263 370 249
192 370 249
204 285 1194
416 285 962
289 285 510
198 285 275
204 351 1058
198 351 993
208 351 534
416 351 324
198 114 935
204 114 61
416 262 962
198 262 378
204 262 378
208 402 1299
416 402 345
198 263 754
289 263 754
416 263 614
204 263 307
416 192 633
198 192 275
204 192 245
408 208 1212
214 208 1193
326 208 535
408 204 1212
326 204 1149
214 204 774
341 204 477
214 416 1145
326 416 443
341 416 170
408 198 367
408 289 1096
326 289 909
214 289 615
341 289 420
101 214 659
101 326 1298
101 408 1297
96 408 921
96 341 1023
101 341 966
