167
399 86 205
787 86 720
399 598 406
787 598 489
93 598 572
623 598 340
655 598 409
399 808 380
787 808 232
93 808 734
623 808 360
655 808 429
399 811 814
787 811 123
93 811 289
623 811 176
655 811 376
399 825 359
787 825 373
93 825 564
623 825 416
655 825 706
399 844 648
787 844 138
93 844 734
623 844 321
655 844 514
399 854 618
787 854 474
93 854 734
623 854 402
655 854 643
399 867 814
787 867 406
93 867 734
623 867 234
655 867 451
399 882 574
787 882 370
93 882 734
623 882 325
655 882 383
399 883 186
787 883 149
93 883 325
623 883 98
655 883 772
801 399 714
668 399 677
743 399 609
810 399 568
796 399 457
785 399 248
743 787 625
801 787 243
810 787 35
743 93 967
785 93 136
801 93 11
668 93 10
810 93 1
801 623 582
810 623 470
796 623 470
668 623 355
785 623 173
743 623 170
801 655 699
668 655 446
810 655 331
796 655 297
743 655 266
785 655 186
49 810 121
313 810 269
457 810 6
244 668 1005
457 668 686
313 668 451
456 668 81
313 743 250
49 743 1
244 796 135
457 796 22
481 801 810
244 801 967
457 801 133
49 785 610
313 785 535
192 456 417
94 456 304
87 456 181
94 244 720
87 244 601
78 244 479
78 49 1021
87 49 65
78 481 162
87 481 39
87 457 733
78 457 312
192 457 135
94 313 827
78 313 763
100 78 433
223 78 11
175 192 918
208 192 823
223 192 814
170 192 511
250 192 482
170 265 715
250 265 658
100 265 529
175 265 332
250 94 807
170 94 948
175 94 4
208 94 1
223 87 2
289 100 44
289 175 881
298 175 764
358 175 658
266 175 341
208 175 170
289 208 959
298 208 744
358 208 317
266 208 204
208 208 200
298 170 1010
208 170 563
266 170 476
358 170 199
358 250 622
208 250 455
266 250 300
289 250 297
266 223 481
208 223 438
358 223 431
298 223 341
408 208 959
374 208 392
395 208 392
395 298 956
344 298 839
374 298 648
408 298 244
382 298 244
344 358 892
395 358 495
374 266 1004
408 266 959
395 266 396
344 289 943
408 289 913
395 289 770
382 289 230
133 344 843
96 382 706
96 395 706
133 395 577
133 374 675
133 408 755
96 408 706
