270
231 453 618
632 453 405
578 453 300
655 453 403
612 453 195
231 473 572
632 473 405
578 473 366
429 473 242
680 473 157
655 473 371
612 473 380
231 477 525
632 477 273
578 477 284
429 477 284
680 477 400
655 477 497
612 477 155
231 517 768
632 517 368
578 517 363
429 517 395
680 517 352
655 517 317
612 517 290
231 553 652
632 553 188
578 553 157
429 553 402
680 553 165
655 553 466
231 567 728
632 567 359
578 567 361
429 567 395
680 567 406
655 567 261
612 567 583
231 659 768
578 659 361
429 659 395
680 659 246
655 659 336
612 659 380
231 721 835
632 721 207
578 721 366
429 721 203
680 721 203
655 721 259
612 721 380
231 732 728
632 732 300
578 732 366
429 732 533
680 732 370
655 732 554
612 732 380
231 752 728
632 752 584
578 752 408
429 752 395
680 752 213
655 752 403
612 752 494
231 758 728
632 758 345
578 758 361
429 758 395
680 758 367
655 758 345
612 758 225
231 883 209
632 883 408
578 883 298
429 883 308
680 883 555
655 883 805
612 883 691
231 945 90
632 945 35
578 945 234
680 945 4
655 945 443
612 945 483
231 1001 39
578 1001 61
655 1001 196
612 1001 263
632 409 405
578 409 340
429 409 306
655 409 474
612 409 340
632 857 316
578 857 501
429 857 260
655 857 654
612 857 629
781 231 371
42 231 435
680 231 617
663 231 194
801 231 19
801 632 900
663 632 847
680 632 839
668 632 479
42 632 294
801 578 963
680 578 821
42 578 558
668 578 479
663 578 234
42 429 653
801 429 630
781 429 472
663 429 458
680 429 445
680 680 665
781 680 525
42 680 524
668 680 313
663 680 234
801 655 857
663 655 847
680 655 453
42 655 365
668 655 297
801 612 944
663 612 847
680 612 821
42 612 524
668 612 238
244 668 933
41 668 915
54 668 742
392 668 344
244 801 863
481 801 913
54 801 707
54 781 99
244 680 579
1 680 471
481 680 415
297 680 361
392 680 146
244 663 933
1 663 471
297 663 361
392 663 140
41 663 140
54 663 140
481 42 625
100 42 1047
41 42 8
94 54 947
412 54 16
129 1 435
94 1 742
241 1 4
375 392 574
94 392 384
412 392 370
129 392 337
241 392 297
192 392 297
375 481 1053
307 481 24
307 244 713
94 244 588
375 244 529
241 244 417
412 244 387
129 100 498
412 100 17
192 41 79
412 41 96
307 41 17
375 41 64
415 41 17
94 297 578
412 297 370
241 297 324
408 192 870
175 192 870
208 192 842
170 192 402
250 192 349
407 192 175
175 129 557
100 129 419
170 129 320
250 129 320
408 129 295
250 94 740
170 94 942
175 94 10
114 241 943
100 241 674
170 241 190
407 241 190
250 241 175
175 307 962
408 307 898
170 307 826
250 307 782
407 307 386
100 307 367
114 307 179
407 375 1048
114 375 361
408 412 775
407 412 469
208 412 376
250 412 298
407 415 775
408 415 549
208 415 483
298 208 704
233 208 437
198 208 288
208 208 244
198 100 132
233 100 1
208 250 410
198 250 408
233 175 834
298 175 704
266 175 262
208 175 185
198 114 807
208 407 1014
233 407 591
298 407 550
198 407 497
266 407 309
298 170 1035
233 170 678
208 170 535
198 170 311
266 170 243
208 408 699
298 408 696
266 408 309
233 408 203
198 408 107
320 208 546
374 208 369
348 208 177
343 233 392
349 233 345
320 233 308
348 233 269
377 198 362
320 198 362
374 298 673
343 298 282
374 266 990
101 320 953
101 343 840
101 349 1030
133 349 873
101 377 747
101 374 850
133 374 510
96 348 835
101 348 807
133 348 788
