363
601 441 417
626 441 373
665 441 364
82 441 601
182 441 216
634 441 194
726 441 486
439 441 154
37 441 611
684 441 154
601 466 262
626 466 198
665 466 230
182 466 405
634 466 397
726 466 298
439 466 298
37 466 198
684 466 272
601 602 248
626 602 619
182 602 641
634 602 346
37 602 199
684 602 150
601 627 204
626 627 221
665 627 154
82 627 206
182 627 426
634 627 324
726 627 617
439 627 298
37 627 199
601 634 340
626 634 166
665 634 230
82 634 202
182 634 450
634 634 346
439 634 480
37 634 480
684 634 189
601 650 174
626 650 221
665 650 152
82 650 571
182 650 405
634 650 287
439 650 298
37 650 257
684 650 152
601 662 145
665 662 364
82 662 601
182 662 450
634 662 346
726 662 213
439 662 379
37 662 652
601 677 296
626 677 221
665 677 235
82 677 360
182 677 251
634 677 210
726 677 337
37 677 341
684 677 477
601 695 252
626 695 221
665 695 253
82 695 211
182 695 537
634 695 277
726 695 251
439 695 162
37 695 211
601 776 165
626 776 338
665 776 169
182 776 171
634 776 192
439 776 594
37 776 473
684 776 326
601 782 365
626 782 368
665 782 168
182 782 257
634 782 120
726 782 259
439 782 306
37 782 654
684 782 326
601 824 365
626 824 283
665 824 170
82 824 139
182 824 257
634 824 343
726 824 132
439 824 222
37 824 421
601 853 172
626 853 348
665 853 365
182 853 257
634 853 365
726 853 321
439 853 245
37 853 338
601 887 135
626 887 368
665 887 168
182 887 171
634 887 215
439 887 306
37 887 258
684 887 234
601 901 3
626 901 108
665 901 30
82 901 344
726 901 174
37 901 1002
601 921 149
665 921 506
82 921 5
182 921 26
626 409 619
665 409 364
82 409 601
182 409 453
634 409 397
439 409 298
37 409 829
684 409 274
626 565 607
665 565 364
82 565 601
182 565 405
634 565 325
726 565 340
439 565 298
37 565 837
626 849 283
665 849 168
82 849 237
182 849 148
634 849 341
439 849 222
37 849 779
665 365 377
726 365 101
439 365 505
665 961 259
82 961 16
182 961 7
726 961 25
37 961 242
82 957 603
82 983 8
182 983 242
726 983 524
684 983 185
718 601 749
691 601 599
723 601 555
611 601 549
703 601 488
769 601 332
796 601 150
723 626 824
703 626 768
718 626 711
691 626 599
611 626 320
796 626 214
718 665 749
691 665 599
723 665 555
611 665 549
703 665 431
769 665 307
796 665 150
703 82 717
718 82 32
611 82 174
769 182 869
611 182 55
723 634 833
691 634 534
718 634 534
796 634 479
703 634 366
769 634 228
796 726 532
769 726 630
703 726 410
723 726 113
611 726 380
723 439 911
611 439 502
769 439 448
703 439 251
723 37 670
703 37 33
769 37 12
796 37 24
718 684 637
723 684 591
691 684 531
703 684 528
769 684 525
796 684 446
611 684 408
463 718 13
411 718 441
458 718 311
155 769 837
458 769 18
469 769 39
1 769 10
234 723 546
41 723 279
1 723 78
411 723 427
483 723 5
1 796 156
483 796 471
41 691 1046
411 691 928
234 691 819
483 691 494
469 691 380
458 691 380
463 691 380
1 691 280
155 691 200
411 703 928
41 703 871
1 703 790
234 703 301
483 703 301
469 703 295
155 703 273
463 611 1052
483 611 851
469 611 783
41 611 648
458 611 630
411 611 247
234 611 203
87 458 720
333 458 625
412 458 486
413 458 478
375 458 412
87 1 294
413 1 42
413 411 974
402 411 901
333 411 625
412 411 486
87 411 420
415 411 263
412 483 339
413 483 192
333 483 560
402 483 2
412 234 997
87 234 463
375 234 325
333 234 325
402 234 319
412 469 543
413 469 108
402 469 7
375 41 90
412 41 259
415 41 16
402 41 11
413 155 1048
375 155 494
402 155 413
87 155 317
333 155 213
375 463 1243
333 463 625
415 463 486
412 463 486
413 463 478
408 333 890
309 333 529
411 333 302
364 333 278
433 333 232
433 87 120
411 87 3
407 87 94
408 413 1147
208 413 403
433 413 284
407 413 261
309 413 228
377 413 188
407 375 1227
408 375 242
433 402 1182
408 402 763
377 402 455
208 402 403
407 402 261
309 402 232
411 402 126
408 412 736
411 412 538
433 412 432
208 412 360
407 412 261
408 415 1110
407 415 782
208 415 403
433 415 259
309 415 228
208 411 681
264 364 762
168 364 531
266 364 531
208 364 399
264 208 743
208 208 485
168 208 463
208 407 1237
266 407 370
208 408 991
266 408 370
208 433 1246
266 433 160
266 309 325
168 377 1204
266 377 1164
214 208 1149
388 208 871
340 208 306
374 208 306
336 264 278
349 264 278
374 266 1172
214 266 665
340 168 1033
388 168 1082
101 343 1019
101 349 1243
133 349 1130
101 336 1243
133 336 1169
101 374 987
101 214 616
133 340 1247
101 388 1002
96 388 686
