255
601 466 156
511 466 531
633 466 559
641 466 666
712 466 564
229 466 447
601 473 267
511 473 531
633 473 559
641 473 666
712 473 564
229 473 447
601 557 196
511 557 614
633 557 614
641 557 874
712 557 407
229 557 602
601 643 234
511 643 208
633 643 500
641 643 747
712 643 736
229 643 934
601 670 296
633 670 484
641 670 404
712 670 484
229 670 404
601 702 520
511 702 342
633 702 559
641 702 666
712 702 329
229 702 449
601 766 380
511 766 753
633 766 740
641 766 666
712 766 381
229 766 224
601 780 873
511 780 110
633 780 908
641 780 835
712 780 270
229 780 630
601 782 845
511 782 430
633 782 430
641 782 835
712 782 209
229 782 144
601 787 257
511 787 660
633 787 457
641 787 303
712 787 485
229 787 677
601 788 873
511 788 473
633 788 457
641 788 835
229 788 677
601 800 257
511 800 660
633 800 432
641 800 373
712 800 543
229 800 677
601 811 299
511 811 398
633 811 224
641 811 701
712 811 543
229 811 795
601 823 873
511 823 660
633 823 545
641 823 835
229 823 677
601 832 257
511 832 660
633 832 457
641 832 701
712 832 543
229 832 677
601 858 257
511 858 660
633 858 432
641 858 305
229 858 677
601 860 266
511 860 660
633 860 512
641 860 701
712 860 543
229 860 303
601 866 873
511 866 473
633 866 625
641 866 835
712 866 399
229 866 268
601 867 266
511 867 172
633 867 908
641 867 826
712 867 543
229 867 240
601 878 769
511 878 660
633 878 432
641 878 769
712 878 267
229 878 144
626 601 1053
691 601 1001
611 601 718
646 601 630
790 601 438
691 511 695
611 511 693
646 511 639
626 511 617
790 511 537
691 633 1001
790 633 686
626 633 686
646 633 639
611 633 598
691 641 1001
790 641 689
646 641 643
626 641 338
790 712 402
691 712 947
691 229 875
790 229 1030
458 790 471
199 790 46
411 691 1176
227 691 862
483 691 746
458 691 619
432 691 578
463 691 578
199 691 150
411 646 1197
483 646 1103
458 646 1068
463 646 1021
432 646 994
227 646 862
199 646 150
483 626 1103
458 626 1068
463 626 1021
432 626 994
411 626 867
227 626 862
199 626 204
483 611 1103
458 611 1068
463 611 1021
432 611 994
227 611 337
411 611 275
139 458 861
16 458 850
333 458 847
264 458 583
402 411 1007
16 411 850
333 411 847
139 411 708
264 411 583
139 483 1169
16 483 480
333 483 782
264 483 7
139 432 861
333 432 847
264 432 583
16 432 229
415 432 216
402 227 793
139 227 680
16 227 551
264 227 388
16 199 1190
139 199 1006
333 199 918
402 199 661
415 199 376
264 199 264
333 463 847
139 463 708
264 463 583
415 463 488
405 333 1170
408 333 809
411 333 564
364 333 462
441 333 182
441 16 661
405 16 633
364 16 617
411 16 83
364 139 998
411 139 985
441 139 891
408 139 526
405 139 431
411 264 848
405 264 540
364 264 462
408 402 730
405 402 674
441 402 273
411 402 248
408 415 1157
436 415 620
405 415 467
441 415 273
411 415 248
264 364 848
208 364 329
374 411 1014
208 411 523
208 405 523
374 405 502
374 441 1230
208 441 523
374 408 1020
208 408 971
374 436 1048
208 436 606
214 208 1138
374 208 294
214 374 406
336 264 323
349 264 315
101 343 1094
69 343 941
101 349 1297
69 349 983
69 355 1298
101 355 1158
101 336 1297
69 336 1277
101 374 1029
69 374 749
200 214 1061
101 214 668
