108
601 645 970
351 645 365
716 645 716
355 645 394
601 693 733
351 693 390
716 693 1011
355 693 113
601 784 229
716 784 422
355 784 538
601 806 757
351 806 1054
716 806 179
355 806 887
601 838 234
351 838 184
716 838 847
355 838 698
351 194 392
716 194 384
351 250 913
716 250 157
716 227 7
691 601 1114
626 601 1112
611 601 1000
691 351 652
611 351 455
626 351 414
611 716 1047
691 355 1116
626 355 932
611 355 639
186 691 1151
411 691 1123
483 691 999
458 691 761
216 691 675
483 626 1157
458 626 1104
411 626 1023
186 626 551
216 626 204
483 611 1157
458 611 1104
186 611 454
411 611 383
333 458 1158
450 458 1144
139 458 989
172 458 824
333 483 1059
139 483 1153
172 483 621
333 411 1158
450 411 1144
172 411 1061
139 411 989
333 186 1187
139 186 1146
450 186 1132
172 186 534
450 216 1116
172 216 644
439 333 703
441 333 597
411 333 597
307 333 275
441 139 1086
411 139 896
307 139 399
441 450 1176
441 172 1086
307 172 887
439 172 484
411 172 472
374 411 1035
307 411 980
391 411 935
303 411 823
264 411 133
264 307 992
391 307 956
303 307 920
307 307 820
374 441 1264
391 441 935
307 441 902
303 441 446
374 439 1241
303 439 446
264 439 236
368 307 1265
346 391 437
348 391 437
368 374 780
346 374 308
346 303 323
346 264 1216
348 264 1118
101 346 1293
134 346 1011
101 349 1293
134 349 817
134 368 1298
101 368 1019
101 348 1206
