141
782 286 375
64 286 841
782 453 273
64 453 1168
634 453 197
369 453 401
612 453 401
655 453 336
782 655 770
64 655 416
634 655 675
369 655 376
612 655 425
655 655 336
782 687 770
64 687 535
634 687 248
369 687 490
612 687 407
655 687 494
782 692 770
64 692 767
634 692 284
369 692 376
612 692 596
655 692 209
782 811 1001
64 811 1085
634 811 661
369 811 107
612 811 240
655 811 807
782 836 552
64 836 107
634 836 929
612 836 399
655 836 807
782 867 686
64 867 686
634 867 661
369 867 127
612 867 481
655 867 787
782 872 552
64 872 361
634 872 661
369 872 410
612 872 496
655 872 807
782 882 280
64 882 358
634 882 661
369 882 286
612 882 399
655 882 487
64 949 4
612 231 756
776 782 16
781 64 1226
724 64 1219
776 634 1078
724 634 784
780 634 784
781 369 1019
776 369 742
780 369 721
724 369 629
724 612 1236
780 612 1193
776 612 1076
781 612 259
724 655 625
780 655 625
776 655 497
68 776 871
443 776 959
287 776 721
284 724 891
41 724 1134
287 724 1108
443 724 58
287 780 1178
52 780 1048
68 780 6
443 781 628
287 781 647
52 781 1115
68 781 30
375 443 1238
476 443 1080
453 443 590
453 287 839
375 287 832
375 41 105
453 41 89
375 284 1190
296 284 971
453 284 639
147 284 635
453 68 60
453 52 124
375 52 2
262 476 104
192 453 818
351 453 206
285 453 53
285 375 687
262 375 612
351 375 263
192 375 263
262 147 898
285 147 874
351 147 470
285 296 687
262 296 434
351 296 280
192 296 277
204 285 1226
416 285 1075
289 285 423
416 192 834
204 192 317
416 262 1075
204 262 614
204 351 1194
416 351 387
208 351 354
408 208 1209
326 208 705
408 204 1209
326 204 1130
341 204 670
326 416 508
341 416 261
408 289 1130
326 289 995
341 289 670
96 341 1031
215 341 672
96 326 428
96 408 926
