247
609 222 733
702 222 316
609 463 754
668 463 735
680 463 322
678 463 528
581 463 528
702 463 342
609 476 524
668 476 477
680 476 324
678 476 606
581 476 627
702 476 146
609 500 362
668 500 406
680 500 926
678 500 643
581 500 444
702 500 444
609 572 957
668 572 639
680 572 191
678 572 828
581 572 1008
702 572 551
609 664 512
668 664 767
680 664 322
678 664 268
581 664 198
702 664 767
609 709 354
668 709 735
680 709 926
678 709 643
581 709 603
702 709 342
609 791 787
668 791 145
680 791 860
678 791 669
581 791 905
702 791 296
609 804 750
668 804 511
680 804 816
678 804 528
581 804 694
702 804 776
609 839 572
668 839 820
680 839 572
581 839 768
702 839 1055
609 851 640
678 851 840
581 851 1035
702 851 807
609 872 439
668 872 696
680 872 439
581 872 868
702 872 696
609 882 764
668 882 396
680 882 168
678 882 281
581 882 694
702 882 396
668 359 705
702 359 718
680 41 882
678 41 825
680 354 280
702 354 644
581 116 576
702 116 582
643 609 1220
776 609 878
627 609 784
815 609 484
680 609 418
611 609 372
643 668 1220
776 668 917
627 668 861
815 668 498
611 668 372
680 668 250
643 680 1166
815 680 1054
627 680 1039
776 680 692
680 680 647
611 680 372
643 678 1220
776 678 1067
627 678 784
815 678 439
611 678 426
680 678 399
643 581 1220
776 581 883
627 581 784
680 581 735
815 581 731
611 581 426
643 702 1220
680 702 1007
776 702 968
627 702 846
611 702 372
815 702 173
513 776 490
443 776 1038
483 776 43
280 643 1146
513 643 1093
445 643 936
483 643 264
1 643 206
443 643 190
322 815 64
513 815 11
1 815 7
280 627 1146
513 627 1093
1 627 1035
483 627 311
1 680 1035
443 680 516
513 680 405
280 680 405
483 680 264
280 611 1146
513 611 1093
483 611 997
322 611 146
375 513 159
130 513 272
333 513 41
300 513 4
129 1 664
193 1 122
375 280 1182
129 280 804
333 280 487
333 483 632
300 483 398
375 443 1267
193 443 870
300 443 325
129 443 199
130 322 1192
193 322 1078
300 322 870
129 322 550
375 322 519
130 445 689
375 445 672
300 445 505
129 445 440
333 445 349
307 333 670
355 333 614
307 300 673
355 300 609
365 300 360
208 300 286
217 300 267
307 129 954
263 129 871
365 129 704
442 129 214
307 193 777
365 193 471
355 193 316
263 193 306
208 193 286
217 193 267
407 375 1294
442 375 1281
355 375 557
307 313 1018
365 313 762
355 313 424
208 313 286
217 313 267
307 130 868
263 130 663
208 130 356
217 130 289
289 208 1215
264 208 770
298 208 633
416 208 422
208 208 325
208 217 1211
264 217 1032
289 217 978
416 217 956
298 217 462
208 407 1300
416 407 799
298 407 626
289 365 993
298 365 633
208 365 579
416 365 497
264 365 438
208 442 1297
416 442 1134
298 442 930
416 307 1136
208 307 1039
264 307 883
289 307 668
289 263 998
264 263 659
298 263 481
416 263 422
208 263 174
208 355 1182
416 355 956
264 355 883
289 355 620
214 208 1232
408 208 1226
214 416 1241
344 298 915
408 298 395
408 264 353
408 289 1120
344 289 1097
214 289 757
101 382 1190
96 382 846
101 214 592
101 408 1299
133 408 865
96 408 846
133 403 910
96 403 846
101 344 1299
133 344 910
96 341 1206
