163
785 326 1071
93 326 717
139 326 1057
785 500 983
93 500 762
139 500 616
264 500 482
655 500 348
785 509 928
93 509 223
139 509 840
264 509 321
655 509 387
785 557 1190
93 557 123
139 557 876
264 557 535
655 557 506
785 564 545
93 564 349
139 564 776
264 564 518
655 564 462
785 740 1109
93 740 298
139 740 876
264 740 560
655 740 348
785 798 705
93 798 628
139 798 1159
264 798 705
655 798 714
785 808 490
93 808 628
139 808 1028
264 808 341
655 808 527
785 858 350
93 858 628
139 858 1159
264 858 306
655 858 664
785 879 777
93 879 190
139 879 778
264 879 778
655 879 228
785 883 645
93 883 263
139 883 756
264 883 787
655 883 815
785 987 9
93 987 146
655 987 4
157 785 1245
732 785 1
675 785 10
732 93 1114
776 93 1254
675 93 324
157 139 1229
732 139 161
675 139 800
675 264 1015
157 264 1015
732 264 730
776 264 713
776 655 802
732 655 802
157 655 696
675 655 404
406 732 566
468 732 439
476 776 99
457 776 348
54 776 67
406 776 47
468 675 1209
457 675 902
54 675 895
406 675 806
476 675 723
406 157 459
54 157 998
468 157 1251
476 157 1261
94 468 1071
192 468 1042
261 468 1251
412 468 2
261 54 184
94 54 1247
412 54 53
94 476 1061
192 476 782
261 476 1138
261 406 682
87 406 520
412 406 372
261 457 1042
87 457 867
412 457 372
192 457 150
175 192 1172
223 192 1048
208 192 1002
170 192 687
250 192 548
250 94 928
170 94 1152
175 94 5
223 87 11
223 261 1024
170 261 833
250 261 700
175 261 468
208 412 524
250 412 496
223 412 390
175 412 261
170 412 257
289 208 1233
298 208 971
208 208 352
358 208 351
266 208 318
289 175 1096
298 175 964
358 175 818
266 175 306
208 175 218
298 170 1241
208 170 685
266 170 483
358 170 255
358 250 786
208 250 495
266 250 407
289 250 394
358 223 589
208 223 563
266 223 529
298 223 502
395 208 522
374 208 522
344 358 1080
395 358 627
395 298 1218
344 298 1037
374 298 820
382 298 327
341 298 301
374 266 1250
395 266 373
344 289 1139
395 289 954
96 382 828
133 344 1104
96 395 828
96 341 1087
133 374 835
