197
605 69 44
537 69 43
794 69 714
512 69 694
605 314 151
537 314 1045
797 314 41
512 314 1192
605 430 363
537 430 158
794 430 412
797 430 480
701 430 724
512 430 724
104 430 781
605 484 363
537 484 192
794 484 132
797 484 280
701 484 280
512 484 781
104 484 832
605 568 363
537 568 158
797 568 398
512 568 908
104 568 1015
605 573 487
537 573 166
794 573 874
797 573 723
701 573 461
512 573 762
104 573 1137
605 767 129
537 767 269
797 767 545
512 767 802
104 767 1004
605 866 411
537 866 259
794 866 671
797 866 920
701 866 781
512 866 330
104 866 921
605 878 403
537 878 259
794 878 360
797 878 855
701 878 993
512 878 149
104 878 406
537 34 895
794 34 37
701 34 787
104 34 237
537 166 957
797 166 981
701 166 41
512 166 1185
104 166 2
537 686 269
797 686 545
701 686 479
512 686 751
104 686 957
537 937 33
701 937 272
512 937 590
104 937 381
691 605 845
646 605 567
611 605 567
693 605 461
779 605 131
611 537 690
779 537 682
693 537 631
691 537 631
646 537 188
691 794 396
779 794 327
693 797 830
779 701 1076
691 701 845
611 701 733
646 701 539
693 701 314
691 512 931
693 512 880
611 512 717
779 512 682
646 512 257
779 104 832
693 104 314
691 104 149
464 691 992
483 691 784
304 691 530
463 691 530
90 691 458
69 691 209
463 693 1236
464 693 992
304 693 874
483 693 784
29 693 558
69 693 209
463 646 1199
483 646 1137
464 646 992
304 646 728
69 646 209
29 779 927
483 779 1020
69 779 1
463 611 1199
483 611 1137
304 611 728
29 611 558
90 611 458
300 90 664
325 90 124
76 90 45
325 304 543
76 304 357
325 464 273
50 464 310
50 29 1199
300 29 139
300 483 470
325 483 697
139 483 818
50 483 1
76 69 1219
300 69 245
325 69 27
300 463 618
139 463 571
50 463 490
408 300 1246
297 300 860
355 300 764
307 300 630
175 300 300
408 50 81
175 50 396
408 139 975
355 139 764
307 139 394
175 139 300
355 76 681
307 325 879
408 325 665
355 325 665
175 325 300
264 175 1068
310 175 1019
303 175 713
202 175 458
264 307 955
303 307 755
202 307 638
310 307 551
310 408 572
202 408 191
310 436 317
303 436 290
264 297 589
303 297 556
310 297 263
264 355 955
303 355 556
310 355 551
202 355 500
206 202 926
214 202 553
346 264 1090
206 264 926
336 264 384
374 303 968
206 303 486
206 310 1092
336 310 746
214 310 540
101 346 1266
123 346 997
101 355 982
101 336 1266
123 336 712
101 374 833
70 214 757
123 214 627
101 214 567
70 206 735
123 206 680
