205
718 126 11
601 126 172
315 126 35
56 126 35
210 126 860
718 659 667
601 659 461
315 659 172
335 659 233
56 659 229
210 659 1003
718 775 1067
601 775 427
315 775 554
335 775 562
56 775 451
210 775 627
718 831 990
601 831 427
315 831 554
335 831 221
56 831 1137
210 831 777
718 834 975
601 834 349
315 834 554
335 834 562
56 834 320
210 834 613
718 848 372
601 848 498
315 848 216
335 848 249
56 848 1137
210 848 775
718 867 1014
601 867 361
315 867 195
335 867 562
56 867 413
210 867 530
718 891 990
601 891 427
315 891 260
335 891 562
56 891 320
210 891 777
718 892 695
601 892 349
315 892 195
335 892 565
56 892 252
210 892 715
718 924 933
315 924 822
56 924 1
210 924 532
601 1012 1
315 1012 297
335 1012 455
56 1012 646
210 1012 546
729 718 806
611 718 436
794 718 102
648 718 24
715 601 1106
794 601 798
648 601 520
611 601 474
729 601 367
648 315 742
715 315 455
729 315 381
611 315 368
794 315 279
715 335 714
794 335 709
648 335 657
729 335 653
611 335 498
648 56 713
729 56 1091
715 56 60
611 56 16
648 210 628
729 210 1101
715 210 18
611 210 107
794 210 8
432 794 992
442 794 863
458 794 899
437 794 111
458 648 715
483 648 715
432 648 715
437 648 644
442 648 435
227 648 393
432 715 880
442 715 535
458 715 691
227 715 127
432 611 1106
483 611 909
458 611 886
437 611 609
442 611 414
227 611 393
227 729 566
442 729 22
432 729 129
112 458 923
333 458 872
234 458 856
264 458 774
333 432 872
264 432 774
112 432 672
234 432 672
112 442 923
234 442 899
333 442 872
264 442 774
193 442 330
333 483 840
234 483 174
112 483 448
264 483 18
333 437 872
193 437 850
264 437 774
234 437 680
112 437 306
264 227 616
234 227 524
193 227 519
333 227 228
405 333 1198
493 333 812
364 333 606
411 333 566
493 193 812
411 193 716
405 193 699
364 193 606
493 112 456
364 112 700
493 234 812
405 234 754
364 234 606
411 234 357
493 264 809
411 264 792
405 264 699
364 264 606
391 364 738
424 364 638
368 364 492
201 364 460
391 411 710
368 411 513
267 411 507
201 411 375
208 411 324
424 411 234
391 391 710
368 391 513
424 391 430
208 391 430
201 391 420
391 405 710
368 405 513
267 405 507
424 405 499
208 405 324
201 405 307
201 493 728
368 493 841
342 208 1008
367 208 645
379 368 776
349 368 396
367 368 354
379 424 978
342 424 696
330 424 409
367 391 806
379 391 388
330 391 377
367 201 735
379 267 446
69 343 1112
101 343 1058
69 330 1185
101 330 1002
134 330 899
134 342 1300
69 342 1018
101 349 1294
69 349 1018
134 349 899
69 367 619
134 379 1243
