110
333 457 328
622 457 840
651 457 203
763 457 1221
333 523 544
622 523 647
651 523 769
763 523 1182
333 656 451
622 656 840
651 656 231
763 656 1221
333 815 172
622 815 1153
651 815 1050
763 815 991
333 820 172
622 820 725
651 820 1103
763 820 1061
333 879 182
622 879 1153
651 879 1173
763 879 374
333 936 8
622 936 8
763 936 781
769 333 1219
63 333 1073
680 333 702
682 333 586
771 333 529
771 622 1223
682 622 1031
769 622 799
63 622 602
680 622 506
771 651 1263
769 651 799
63 651 602
680 651 506
682 651 436
771 763 1283
507 771 1288
385 771 33
385 63 1105
279 63 645
235 769 348
279 769 422
507 769 2
235 682 1028
279 682 882
385 682 502
507 682 284
279 680 689
507 680 474
235 680 203
143 507 42
50 507 33
143 235 1114
50 235 940
199 235 867
373 235 750
143 279 1114
373 279 1036
50 279 940
199 279 867
143 385 1114
50 385 940
199 385 867
373 385 786
408 199 1252
175 199 1252
297 199 1029
337 199 686
175 50 728
408 50 46
408 373 1277
175 373 1268
337 373 686
297 143 1062
337 143 984
175 143 444
408 143 359
310 175 1189
374 175 688
430 175 218
360 175 114
430 337 1278
360 337 723
310 337 280
374 408 960
310 408 794
430 408 429
310 297 576
430 297 261
355 430 1184
336 430 1087
368 430 990
326 430 518
326 360 1008
336 360 439
326 374 968
368 374 530
336 310 1033
368 310 601
101 336 1275
101 355 1073
101 368 960
101 326 1297
