215
588 76 323
24 76 274
419 76 400
215 76 585
149 76 189
588 226 518
215 226 564
176 226 6
588 474 422
24 474 519
419 474 658
215 474 1003
359 474 697
149 474 385
176 474 222
588 483 258
24 483 519
419 483 658
215 483 716
359 483 907
149 483 353
176 483 179
588 501 422
24 501 607
419 501 658
215 501 705
359 501 907
149 501 385
176 501 154
588 506 422
24 506 946
419 506 399
215 506 883
359 506 399
149 506 385
176 506 645
588 664 422
24 664 608
419 664 233
215 664 231
359 664 499
149 664 655
176 664 604
588 730 726
24 730 456
419 730 268
215 730 456
359 730 345
149 730 336
176 730 336
588 758 273
24 758 226
419 758 184
215 758 194
359 758 203
176 758 194
588 772 554
24 772 284
419 772 222
215 772 333
359 772 217
149 772 859
176 772 709
588 789 294
24 789 397
419 789 680
215 789 886
359 789 136
149 789 701
176 789 247
588 791 238
24 791 130
419 791 490
215 791 449
359 791 238
149 791 638
176 791 638
588 865 294
24 865 356
215 865 319
359 865 217
149 865 830
176 865 709
588 895 342
24 895 397
419 895 680
215 895 427
149 895 701
176 895 421
588 1008 391
24 1008 432
149 1008 306
24 324 3
419 324 109
149 324 136
24 354 840
419 354 330
176 354 266
823 588 801
758 588 767
742 588 588
79 588 588
706 588 406
706 24 1240
758 24 1284
79 419 1137
742 419 1137
823 419 653
706 419 308
758 419 226
823 215 411
79 215 871
742 215 905
758 215 8
823 359 975
758 359 964
706 359 761
742 359 533
79 359 514
79 149 1023
742 149 1163
79 176 1029
742 176 957
706 176 73
758 176 332
2 823 1181
257 823 140
364 823 11
0 823 2
322 706 726
257 706 1185
2 706 1166
0 706 1292
364 742 876
322 742 1220
257 742 1
2 758 1294
322 79 1217
364 79 1214
107 2 1296
95 2 72
107 0 17
95 0 1297
375 0 1
39 322 1018
95 322 896
375 322 846
412 322 722
107 322 682
39 364 1078
412 364 878
95 364 354
375 364 348
95 257 1123
375 257 853
107 257 682
412 257 603
375 463 1299
415 463 460
39 463 193
107 463 190
412 463 190
320 107 414
365 107 1
442 95 34
442 375 1271
402 375 1023
17 375 666
416 375 595
320 375 335
17 39 1299
402 412 817
17 412 525
442 412 404
320 412 404
416 412 355
365 412 251
416 415 880
402 415 685
365 415 395
320 415 312
208 365 701
168 365 540
437 365 540
415 365 540
208 402 1297
208 442 1285
415 442 612
168 17 1277
437 17 194
415 17 596
437 320 711
168 320 711
415 320 573
208 320 521
208 416 437
415 416 307
437 416 242
214 208 1165
388 208 912
324 208 475
388 437 1173
214 437 1112
324 437 1064
388 415 1203
324 415 1064
214 415 644
324 168 1009
388 168 1185
101 324 783
152 324 783
152 214 1299
76 214 872
101 388 784
76 152 1294
