192
315 441 856
800 441 1160
293 441 799
252 441 1092
742 441 743
315 539 856
800 539 1096
293 539 799
252 539 817
742 539 716
315 593 407
800 593 1097
293 593 596
252 593 1092
315 604 761
800 604 996
293 604 761
252 604 848
742 604 252
315 652 778
800 652 1142
293 652 778
252 652 1034
742 652 426
315 660 663
800 660 1086
293 660 373
252 660 884
742 660 156
315 696 385
800 696 1154
293 696 373
252 696 1092
742 696 195
315 713 385
800 713 972
293 713 317
252 713 1092
742 713 317
315 840 710
800 840 492
293 840 994
252 840 921
742 840 466
800 625 739
293 625 429
252 625 1092
742 625 487
800 655 1107
293 655 529
252 655 1092
742 655 452
454 315 788
678 315 693
321 315 693
719 315 636
184 315 579
755 315 272
184 800 541
755 800 276
321 800 4
755 293 883
719 293 870
454 293 705
678 293 659
184 293 474
321 293 427
719 252 689
755 252 889
678 252 1
184 742 892
678 742 80
719 742 2
755 742 6
192 719 538
278 719 215
159 719 20
177 755 63
277 755 1
159 755 1
159 321 1136
192 321 904
277 321 496
177 454 883
278 454 559
192 454 480
159 454 368
192 184 1136
278 184 1067
159 678 1061
177 678 667
277 678 271
278 678 183
403 278 909
412 278 488
413 278 479
403 177 881
412 177 438
413 177 321
403 159 663
375 159 436
403 277 663
375 277 271
413 192 894
403 192 663
412 192 370
390 192 187
414 192 187
412 403 1244
416 403 1240
398 403 892
436 403 371
408 403 366
175 403 246
416 413 1181
412 413 1181
398 413 1132
436 413 1122
408 413 1018
175 413 246
398 375 687
436 375 540
416 375 498
412 375 398
408 375 273
412 390 1244
416 390 1240
398 390 535
408 390 366
175 390 110
436 412 1111
398 412 1111
408 412 1080
416 412 368
412 412 289
175 412 242
416 415 1018
412 415 1018
436 415 975
398 415 975
408 415 750
398 414 1132
436 414 1122
416 414 908
412 414 540
408 414 366
175 414 246
233 175 1140
255 175 1140
264 175 1088
208 175 517
267 175 490
140 175 328
140 408 995
208 408 974
255 408 746
233 408 690
267 408 344
233 436 1098
255 436 982
140 436 974
208 436 974
267 436 344
255 398 1150
140 398 792
208 398 652
233 398 511
233 416 1098
140 416 792
208 416 398
140 412 1180
255 412 1150
233 412 425
267 412 344
208 412 202
238 140 1151
214 208 1012
342 208 835
330 208 322
214 255 394
330 233 796
349 233 257
343 233 257
69 343 987
152 342 1116
69 342 946
69 330 1042
69 349 946
152 214 1300
200 214 1031
152 238 1300
200 238 1031
