374
802 89 263
387 89 153
787 89 347
730 89 32
781 89 254
802 475 256
387 475 429
657 475 259
665 475 214
722 475 970
638 475 133
787 475 597
730 475 599
781 475 282
802 477 418
387 477 188
657 477 214
665 477 179
722 477 279
638 477 389
787 477 558
730 477 640
607 477 214
781 477 584
802 530 489
387 530 188
657 530 266
665 530 136
722 530 838
787 530 561
730 530 667
607 530 214
781 530 447
802 544 418
657 544 214
665 544 158
722 544 228
787 544 558
730 544 667
607 544 283
781 544 623
802 562 445
387 562 111
657 562 214
665 562 171
722 562 171
638 562 117
787 562 558
730 562 640
607 562 496
781 562 584
802 598 446
657 598 285
665 598 399
722 598 240
638 598 210
787 598 558
730 598 640
781 598 584
802 697 434
387 697 429
657 697 147
665 697 330
722 697 789
638 697 141
787 697 479
730 697 691
802 737 582
387 737 306
657 737 300
665 737 214
722 737 249
787 737 540
730 737 623
607 737 311
781 737 584
802 746 419
387 746 188
657 746 160
665 746 232
722 746 534
638 746 177
787 746 540
730 746 619
607 746 181
781 746 587
802 747 382
387 747 253
657 747 214
665 747 330
722 747 649
638 747 364
787 747 796
730 747 355
607 747 305
781 747 415
802 765 375
387 765 188
657 765 282
665 765 295
722 765 649
638 765 210
787 765 702
730 765 619
607 765 189
781 765 574
802 777 321
387 777 265
657 777 348
665 777 286
722 777 420
638 777 339
787 777 351
730 777 299
607 777 329
781 777 636
802 815 195
657 815 460
722 815 252
638 815 339
787 815 542
730 815 609
607 815 500
781 815 636
802 858 321
657 858 361
665 858 286
722 858 420
638 858 365
787 858 351
607 858 596
781 858 575
802 865 432
387 865 265
657 865 358
665 865 286
722 865 420
638 865 358
787 865 351
730 865 609
607 865 329
781 865 636
802 868 333
665 868 171
722 868 248
638 868 115
787 868 351
730 868 299
607 868 560
781 868 636
802 879 321
387 879 238
657 879 348
665 879 147
638 879 343
787 879 212
607 879 596
781 879 267
802 987 825
657 987 5
665 987 9
722 987 34
387 400 429
665 400 179
722 400 209
638 400 259
787 400 134
730 400 705
607 400 214
781 400 134
387 977 314
657 977 87
665 977 164
787 977 14
730 977 893
657 825 349
665 825 286
722 825 420
638 825 339
787 825 351
730 825 398
607 825 329
781 825 636
657 933 326
787 933 341
730 933 22
607 933 52
665 967 72
787 967 48
607 967 126
781 967 30
747 802 760
658 387 793
747 387 629
677 387 541
785 387 491
581 387 348
801 387 348
801 657 660
581 657 523
785 657 338
796 657 236
658 657 205
677 657 168
581 665 927
658 665 927
747 665 458
801 665 374
785 665 286
677 665 168
796 722 161
801 722 173
677 638 826
581 638 757
658 638 474
801 638 229
796 638 155
747 638 155
785 638 149
747 787 272
801 787 183
747 730 367
796 730 526
658 730 138
677 730 13
677 607 826
581 607 757
801 607 409
796 607 362
785 607 281
658 607 161
785 781 815
677 781 7
35 747 1266
414 658 1128
35 658 472
54 658 143
414 581 1128
35 581 1103
54 581 835
463 581 800
1 581 582
313 581 517
414 796 109
1 796 224
49 796 4
54 801 1128
49 785 666
313 785 557
414 677 1149
54 677 1109
35 677 472
1 677 106
463 677 102
94 54 1024
78 54 14
412 54 46
87 1 320
94 1 744
87 49 80
78 49 1226
307 313 1003
94 313 699
78 313 689
412 313 507
307 35 245
87 35 5
375 414 1199
415 414 1089
87 414 718
412 414 619
78 414 159
94 414 142
375 463 1291
415 463 499
94 463 235
87 463 119
307 463 119
223 78 38
408 78 37
385 78 4
223 87 16
170 94 1033
250 94 784
175 94 11
408 94 1
175 307 1120
408 307 1120
170 307 895
250 307 885
436 307 347
223 307 237
436 375 685
385 375 433
223 375 237
408 375 207
385 412 1090
408 412 934
436 412 789
223 412 313
250 412 280
385 415 961
408 415 923
436 415 552
223 415 184
298 175 917
358 175 762
266 175 469
168 175 469
362 175 332
208 175 198
362 250 1182
168 250 919
358 250 680
208 250 314
266 250 290
298 250 267
298 170 1269
168 170 872
208 170 476
266 170 330
358 170 205
362 408 1085
298 408 1021
358 408 743
208 408 666
266 408 362
208 385 1271
298 385 500
358 385 365
362 385 299
266 385 261
298 223 757
358 223 663
362 223 608
266 223 422
208 223 422
168 223 323
298 436 1075
208 436 804
266 436 362
358 436 312
388 208 969
340 208 450
395 208 450
395 298 1207
379 298 710
389 298 600
343 298 302
340 298 202
388 298 164
389 358 789
340 358 768
379 358 687
395 358 545
349 358 446
395 266 307
340 362 637
395 362 637
388 168 1163
340 168 1107
101 343 953
101 349 1276
133 349 1189
134 349 738
133 389 779
134 395 1120
101 395 717
134 388 1082
101 388 839
133 340 1300
134 340 753
134 379 1193
133 379 779
