307
584 113 140
698 113 84
787 113 731
595 113 158
584 337 335
787 337 993
347 337 2
584 407 346
698 407 509
680 407 291
787 407 565
595 407 147
584 476 346
698 476 509
680 476 277
787 476 593
595 476 790
612 476 407
584 514 387
698 514 417
787 514 566
347 514 186
595 514 395
612 514 311
584 531 371
698 531 306
680 531 227
787 531 584
347 531 226
595 531 626
612 531 439
584 548 346
698 548 509
680 548 430
787 548 584
347 548 183
595 548 323
612 548 391
584 639 274
698 639 509
787 639 367
347 639 183
595 639 137
612 639 315
584 720 421
698 720 509
680 720 253
787 720 667
347 720 250
595 720 162
612 720 371
584 777 558
698 777 524
787 777 495
347 777 278
595 777 471
612 777 446
584 784 599
698 784 766
787 784 283
347 784 231
595 784 700
612 784 446
584 789 325
698 789 766
787 789 578
347 789 847
595 789 700
612 789 220
584 844 558
698 844 766
787 844 196
347 844 344
595 844 700
612 844 162
584 866 462
698 866 584
787 866 368
347 866 566
612 866 307
584 878 558
698 878 766
787 878 368
347 878 298
595 878 700
612 878 422
698 919 452
347 919 202
787 289 1103
579 584 556
796 584 379
805 584 254
79 584 253
379 584 246
781 584 231
805 698 691
781 698 506
796 698 379
79 698 370
579 698 370
556 698 281
379 698 246
79 680 1071
579 680 1069
781 680 808
796 680 406
805 680 299
556 680 281
379 680 246
805 787 451
379 787 1017
79 787 4
781 347 829
79 347 726
805 347 469
796 347 398
579 347 331
769 347 300
379 347 300
556 347 290
79 595 1206
579 595 1069
781 595 506
805 595 379
796 595 305
556 595 281
379 595 246
805 612 691
79 612 382
579 612 382
379 612 306
556 612 281
781 612 209
769 612 209
463 379 1213
364 379 892
457 379 275
456 379 195
414 579 998
1 579 643
54 579 596
364 579 555
457 579 213
402 769 768
456 769 153
1 769 9
364 79 1275
1 79 86
414 805 253
364 805 136
54 805 32
457 805 26
402 781 198
54 781 178
1 796 145
402 796 169
457 796 40
414 796 31
1 556 860
364 556 585
457 556 459
54 556 331
456 556 269
387 456 962
394 456 945
375 456 783
412 456 484
413 456 359
307 456 348
412 54 24
413 1 54
241 1 16
413 402 859
375 402 783
375 457 1224
387 457 962
394 457 945
307 457 465
412 457 452
413 457 195
415 457 195
241 457 127
394 364 1232
387 364 1231
307 364 995
412 364 921
241 364 794
375 364 194
375 414 1194
415 414 747
412 414 484
413 414 359
375 463 1296
415 463 590
413 463 359
412 463 278
394 463 205
387 463 173
408 413 1150
436 413 1125
416 413 829
250 413 443
170 413 439
385 413 217
175 413 149
170 241 190
250 241 190
408 241 172
175 307 1211
408 307 1197
170 307 893
250 307 893
436 307 418
416 307 380
416 375 755
436 375 676
385 375 341
408 375 275
351 375 166
416 394 913
408 394 725
385 394 512
436 394 467
250 394 350
170 394 213
175 394 149
408 415 875
416 415 817
385 415 812
436 415 604
385 412 1070
436 412 899
408 412 840
250 412 372
416 412 251
436 387 1056
416 387 884
408 387 725
385 387 512
170 387 439
175 387 149
298 175 879
264 175 848
358 175 751
208 175 321
362 175 282
362 351 795
298 351 548
264 351 360
208 351 283
298 170 1275
208 170 547
264 170 329
358 170 187
415 170 184
362 408 1076
298 408 952
208 408 868
358 408 726
415 408 394
208 385 1210
298 385 455
358 385 327
415 385 321
362 385 265
362 250 1182
358 250 658
264 250 329
415 250 305
208 250 282
298 250 212
298 436 1095
208 436 738
358 436 229
362 416 1076
358 416 726
208 416 296
415 416 296
298 416 290
388 208 892
340 208 362
379 264 494
379 358 663
336 358 636
340 358 630
379 298 662
385 298 530
355 298 322
340 298 173
388 415 1238
340 415 1213
382 415 960
355 415 626
340 362 353
101 382 1218
69 382 1057
101 336 1292
69 336 1269
133 336 1246
69 355 1294
101 355 1137
101 388 979
69 388 586
133 340 1300
133 379 881
69 385 1057
101 385 747
