339
333 67 12
783 67 946
807 67 703
233 67 938
333 392 257
657 392 290
2 392 498
783 392 656
701 392 342
581 392 518
807 392 518
233 392 759
104 392 759
333 445 308
657 445 552
2 445 498
783 445 610
701 445 308
581 445 610
807 445 526
233 445 779
104 445 779
333 448 183
657 448 181
2 448 489
783 448 429
701 448 183
581 448 595
807 448 595
233 448 393
104 448 489
333 514 226
657 514 601
2 514 498
783 514 702
581 514 702
807 514 308
233 514 584
104 514 537
333 566 249
657 566 183
2 566 190
783 566 193
701 566 426
581 566 378
807 566 402
233 566 351
104 566 364
333 576 348
657 576 552
2 576 150
783 576 925
701 576 478
581 576 838
807 576 414
233 576 442
104 576 190
333 628 150
657 628 290
2 628 498
783 628 237
701 628 396
581 628 396
807 628 435
233 628 563
104 628 563
333 639 200
657 639 552
2 639 445
783 639 719
701 639 462
581 639 719
807 639 549
233 639 583
104 639 267
333 686 348
2 686 718
783 686 359
701 686 497
233 686 668
104 686 681
333 693 200
657 693 393
2 693 445
783 693 383
701 693 393
581 693 546
807 693 295
233 693 931
104 693 240
333 702 282
657 702 282
2 702 498
783 702 211
701 702 292
581 702 463
807 702 282
233 702 797
104 702 962
333 709 167
657 709 505
2 709 276
783 709 505
701 709 311
581 709 765
807 709 765
233 709 292
104 709 228
333 717 200
657 717 489
2 717 470
783 717 489
581 717 518
807 717 518
233 717 669
104 717 470
333 737 202
657 737 552
2 737 445
783 737 801
701 737 208
581 737 801
807 737 276
233 737 497
104 737 628
333 765 200
657 765 552
2 765 498
783 765 878
701 765 182
581 765 838
233 765 797
104 765 977
333 773 505
657 773 237
2 773 595
701 773 606
581 773 406
807 773 117
233 773 304
104 773 423
333 809 407
657 809 400
2 809 296
783 809 357
701 809 606
581 809 400
807 809 131
233 809 304
104 809 483
333 826 199
657 826 230
2 826 296
701 826 891
581 826 157
807 826 131
233 826 304
104 826 607
333 842 199
657 842 566
2 842 296
783 842 174
701 842 870
581 842 504
233 842 310
104 842 607
333 995 668
581 995 395
807 995 64
657 379 225
783 379 537
701 379 624
233 379 482
104 379 101
657 934 90
2 934 226
709 333 871
781 333 833
769 333 704
643 333 530
627 333 288
709 657 822
631 657 786
627 657 500
769 657 388
643 657 305
781 657 145
709 2 69
769 2 1224
627 2 16
769 783 1155
631 783 477
643 783 3
631 701 1032
643 701 925
709 701 802
769 701 490
627 701 462
781 701 145
643 581 1070
709 581 967
631 581 826
769 581 503
627 581 462
781 807 686
631 807 199
769 807 12
631 233 320
769 233 32
769 104 633
781 104 83
631 104 3
122 709 1161
402 709 514
463 643 1242
122 643 978
402 643 708
52 643 611
68 643 249
402 769 1071
66 769 1253
122 769 534
52 769 98
463 627 1176
122 627 951
29 627 694
66 627 342
68 631 1265
463 631 1142
402 631 1111
122 631 753
66 631 645
52 631 298
29 631 111
52 781 983
68 781 157
402 781 631
122 781 2
50 122 839
375 122 810
413 122 648
62 122 296
271 122 191
62 66 1179
50 66 1231
55 66 1166
50 29 1162
271 29 544
413 29 101
55 29 10
55 402 1207
413 402 1034
62 402 849
375 402 754
50 402 719
55 68 1240
62 68 1104
413 68 8
50 52 558
375 52 3
375 463 1298
413 463 640
50 463 555
55 463 243
403 463 196
311 62 529
408 62 618
433 62 35
465 62 74
175 50 454
408 50 72
297 403 646
465 403 596
408 403 460
175 403 334
433 403 334
408 413 1062
297 413 646
465 413 596
175 413 392
433 413 376
311 375 757
465 375 537
297 375 461
408 375 250
175 271 889
465 271 829
433 271 521
408 271 452
311 271 267
433 55 590
408 55 56
310 175 1000
374 175 670
208 175 496
360 175 365
339 175 173
208 408 951
374 408 796
310 408 483
339 408 475
360 408 295
208 311 913
360 311 646
310 311 505
374 311 505
339 311 344
208 433 1300
374 433 915
310 433 483
360 433 295
339 433 193
339 297 778
208 297 285
310 297 246
360 297 246
339 465 2
214 208 1088
154 208 818
326 208 437
374 208 393
326 360 932
345 360 694
345 374 1175
326 374 921
214 374 239
214 310 786
345 310 468
154 339 938
101 355 1009
101 374 988
70 374 673
101 345 1106
70 345 665
70 214 757
101 214 743
101 326 1290
70 326 665
70 154 614
