228
288 84 459
665 84 37
599 84 173
658 84 928
288 498 242
665 498 367
680 498 801
599 498 630
637 498 689
658 498 463
288 569 499
665 569 549
680 569 801
599 569 549
637 569 256
658 569 327
288 675 222
665 675 417
680 675 801
599 675 630
637 675 642
658 675 557
288 731 349
665 731 213
680 731 801
599 731 630
637 731 191
658 731 191
288 782 546
665 782 349
680 782 156
599 782 420
637 782 478
658 782 302
288 790 558
665 790 197
680 790 713
599 790 518
637 790 267
658 790 550
288 814 410
665 814 601
680 814 380
599 814 407
637 814 650
658 814 381
288 830 558
665 830 680
680 830 380
599 830 414
637 830 791
658 830 576
288 869 558
665 869 403
680 869 209
599 869 498
637 869 273
658 869 424
288 872 620
665 872 680
680 872 380
599 872 126
637 872 853
658 872 381
288 887 558
665 887 349
680 887 380
599 887 317
637 887 212
658 887 147
781 288 1141
815 288 832
693 288 776
668 288 605
813 288 535
668 665 918
781 665 856
815 665 856
693 665 278
815 680 1248
781 680 1151
668 680 721
813 680 596
668 599 1077
781 599 923
815 599 851
813 599 835
693 599 469
815 637 1155
781 637 1151
668 637 1047
813 637 712
693 637 289
815 658 1248
781 658 1151
668 658 958
693 658 241
59 668 1279
244 668 1128
375 668 1015
54 668 977
138 668 90
59 815 1009
375 815 538
244 815 4
463 693 1240
54 693 1072
244 693 548
59 693 307
375 693 194
138 781 1080
59 781 1262
375 781 308
54 781 80
59 813 1003
375 813 380
54 813 6
138 813 4
94 54 1213
272 54 2
361 244 715
375 244 553
94 244 520
367 244 516
272 244 325
39 375 843
361 375 715
94 375 656
272 375 427
367 375 420
375 375 415
361 59 732
94 59 61
375 138 836
39 138 750
272 138 646
361 138 588
367 138 496
94 138 463
375 463 1297
415 463 699
272 463 375
361 463 332
94 463 271
367 463 215
39 463 211
250 94 765
170 94 1029
175 94 19
408 272 880
175 272 880
170 272 675
250 272 675
263 272 585
192 272 439
385 272 439
208 272 381
263 367 585
208 367 573
192 367 448
175 367 407
408 367 378
385 367 375
250 367 340
170 367 340
385 375 466
263 375 378
175 39 563
385 39 28
263 39 1
385 361 768
263 361 731
192 361 462
408 415 757
385 415 665
208 415 631
192 415 578
263 415 327
298 208 821
233 208 754
360 208 425
358 208 383
208 208 262
233 175 1117
298 175 870
358 175 818
208 175 330
360 175 183
298 192 627
233 192 363
298 170 1267
233 170 916
360 170 540
208 170 537
358 170 240
208 408 964
358 408 867
298 408 807
233 408 262
208 385 1238
233 385 760
360 385 749
298 385 415
358 385 349
358 250 781
360 250 540
208 250 313
298 250 249
233 263 1108
298 263 694
360 263 438
358 263 227
408 208 1170
388 208 710
320 208 534
374 208 502
336 358 556
320 358 396
374 233 298
374 298 1108
408 298 220
101 320 1132
101 336 1280
101 408 1297
96 408 870
101 374 984
101 388 880
96 388 870
