224
473 194 4
439 194 289
176 194 37
473 441 209
149 441 1195
646 441 506
439 441 120
186 441 616
658 441 612
176 441 489
473 474 581
149 474 488
513 474 233
646 474 506
439 474 647
186 474 616
658 474 961
176 474 166
473 594 581
149 594 1195
646 594 265
439 594 207
186 594 181
658 594 961
176 594 780
473 645 442
149 645 1195
513 645 162
646 645 371
439 645 253
186 645 395
658 645 442
176 645 780
473 664 468
149 664 1195
513 664 337
646 664 506
439 664 131
186 664 616
658 664 612
176 664 666
473 703 697
149 703 838
513 703 174
646 703 227
186 703 181
176 703 485
473 807 314
149 807 752
513 807 673
646 807 314
439 807 359
186 807 664
473 823 531
149 823 561
513 823 673
186 823 664
658 823 114
176 823 429
473 839 336
149 839 983
513 839 384
646 839 382
439 839 348
186 839 269
658 839 195
176 839 215
149 314 145
513 314 25
439 314 14
186 314 596
176 314 288
149 846 620
513 846 384
439 846 655
186 846 664
176 846 620
149 887 747
513 887 384
646 887 175
439 887 655
186 887 270
176 887 365
825 473 1041
79 473 594
605 473 450
723 473 435
742 473 408
825 149 165
79 149 1132
742 149 1177
723 149 281
742 513 1122
79 513 1122
605 513 493
723 513 435
825 513 236
79 646 1232
742 646 1224
723 646 971
605 646 440
723 439 1057
79 439 1015
605 439 752
825 439 344
742 439 203
742 186 269
825 186 793
742 658 1153
79 658 1153
723 658 971
605 658 435
825 658 287
742 176 1056
79 176 1174
605 176 4
161 825 569
322 742 1169
364 742 1050
322 79 1145
364 79 1271
234 79 656
234 723 821
364 723 1028
234 605 848
322 605 671
161 605 623
364 605 612
456 605 562
375 456 808
39 456 768
412 456 538
434 456 334
39 234 959
412 234 858
299 234 623
375 234 235
39 322 1046
412 322 858
375 322 546
299 322 286
39 364 1046
412 364 858
434 364 581
299 364 267
375 364 203
39 161 1046
375 161 859
412 161 858
299 161 291
402 161 281
309 299 900
319 299 738
320 299 666
223 299 666
17 299 574
365 299 532
197 434 576
309 434 480
320 434 478
319 434 366
365 434 361
223 434 79
319 375 738
17 375 574
320 375 526
223 375 252
17 39 1300
197 402 1049
309 402 480
320 402 388
365 402 361
319 402 157
197 412 576
17 412 492
320 412 426
223 412 333
319 412 256
365 412 249
319 415 722
197 415 711
365 415 509
309 415 480
320 415 388
344 319 504
415 319 410
208 319 269
298 365 598
415 365 595
344 365 472
208 365 374
415 17 658
298 17 4
344 309 650
415 309 494
298 309 442
208 320 633
415 320 630
298 320 504
208 223 867
344 223 867
298 223 423
208 197 1285
415 197 683
344 197 615
214 208 1172
388 208 871
324 208 651
340 208 337
374 208 337
388 415 1225
340 415 1206
324 415 1167
214 415 549
374 298 1077
374 344 815
214 344 691
388 344 485
101 374 985
96 324 741
101 214 770
101 388 899
96 388 741
101 340 667
