214
420 313 878
22 313 201
710 313 427
420 427 347
166 427 736
722 427 446
22 427 840
710 427 901
781 427 832
420 452 347
166 452 863
722 452 446
22 452 1106
710 452 971
781 452 826
420 480 347
166 480 705
722 480 465
22 480 705
710 480 901
828 480 137
781 480 832
420 502 347
166 502 157
722 502 446
22 502 695
710 502 901
828 502 442
781 502 832
420 517 347
722 517 540
22 517 605
710 517 540
828 517 281
781 517 949
420 670 617
166 670 863
722 670 446
22 670 1148
710 670 971
828 670 274
781 670 227
420 779 228
166 779 794
722 779 684
22 779 112
710 779 708
781 779 632
420 817 143
722 817 907
22 817 656
710 817 107
781 817 698
420 941 619
166 941 808
722 941 94
828 941 929
781 941 68
166 825 396
722 825 752
22 825 683
710 825 107
828 825 683
781 825 788
166 826 396
722 826 684
22 826 839
710 826 107
828 826 781
781 826 788
166 854 384
722 854 364
22 854 892
710 854 165
828 854 781
781 854 723
760 420 749
736 420 636
638 420 543
827 420 543
679 420 456
750 420 453
736 166 896
750 166 1103
638 166 44
679 166 16
638 722 78
750 722 3
760 22 593
750 22 1197
638 22 260
679 22 74
760 710 772
736 710 43
750 828 866
638 828 128
679 828 96
827 828 26
827 781 471
679 781 398
736 781 4
760 781 7
208 750 742
158 750 1015
49 750 239
480 750 329
208 760 437
158 760 86
480 679 597
158 679 561
49 679 417
158 827 1081
208 827 255
208 736 832
1 638 733
480 638 597
158 638 586
463 638 391
208 638 227
94 1 840
7 1 5
7 208 1058
420 208 815
94 208 806
440 208 648
420 49 260
440 49 8
440 480 1219
440 158 994
94 158 994
420 158 580
7 158 514
415 158 447
414 158 447
414 463 1284
415 463 463
220 463 412
440 463 381
7 463 276
94 463 270
398 420 990
436 420 990
250 420 194
250 94 713
175 94 17
377 94 7
250 7 251
377 440 182
250 440 173
408 415 885
436 415 730
398 415 730
175 415 153
377 220 1192
250 220 883
398 220 666
175 220 353
436 414 1090
398 414 1046
408 414 403
250 414 327
175 414 269
168 100 280
233 100 2
233 175 1110
298 175 809
168 175 538
266 175 538
208 175 301
298 408 919
208 408 880
266 408 384
233 408 365
168 250 964
298 250 477
266 250 320
233 250 320
208 250 224
208 398 631
233 398 589
266 398 384
233 436 1076
298 436 1013
208 436 862
266 436 384
168 377 1238
266 377 1130
233 377 430
363 208 595
340 208 474
340 233 703
359 233 352
343 233 352
349 233 352
348 233 338
340 298 294
343 298 282
355 298 254
363 298 223
355 266 363
340 168 1013
69 343 1004
69 359 1287
134 359 1167
133 349 1203
69 349 880
134 349 670
133 363 1285
69 363 995
69 355 1287
133 340 1299
134 340 732
69 348 1004
133 348 980
