356
802 313 92
486 313 3
42 313 3
701 313 1
802 427 536
486 427 178
538 427 223
42 427 340
701 427 141
781 427 474
104 427 464
802 451 497
486 451 261
722 451 425
538 451 243
42 451 497
701 451 273
781 451 247
104 451 526
802 473 536
486 473 178
722 473 302
538 473 457
42 473 230
701 473 307
781 473 303
104 473 429
802 503 599
486 503 218
722 503 584
538 503 209
42 503 377
701 503 219
781 503 575
104 503 648
802 505 214
486 505 250
722 505 584
538 505 162
42 505 334
701 505 307
606 505 254
781 505 415
104 505 681
802 720 618
486 720 173
722 720 403
538 720 223
42 720 505
701 720 403
781 720 575
104 720 144
802 765 241
486 765 212
722 765 584
538 765 520
42 765 224
701 765 212
606 765 471
781 765 373
104 765 1026
802 773 373
486 773 360
722 773 249
538 773 221
42 773 635
701 773 324
781 773 160
104 773 383
802 777 401
486 777 360
722 777 458
538 777 399
42 777 123
701 777 373
606 777 215
781 777 449
104 777 853
802 813 543
486 813 360
722 813 195
538 813 336
42 813 221
701 813 141
606 813 238
781 813 449
104 813 503
802 826 543
486 826 144
722 826 195
538 826 317
701 826 500
606 826 195
781 826 399
104 826 503
802 829 260
486 829 281
722 829 249
42 829 304
701 829 472
606 829 215
802 842 543
486 842 144
722 842 458
538 842 221
42 842 407
701 842 500
781 842 287
104 842 503
802 844 192
486 844 360
538 844 414
42 844 172
701 844 442
606 844 125
104 844 441
802 878 254
486 878 360
722 878 289
538 878 221
42 878 885
701 878 608
606 878 151
781 878 344
104 878 188
802 887 231
486 887 147
722 887 159
538 887 414
42 887 885
701 887 608
606 887 195
781 887 159
104 887 441
802 987 788
722 987 22
42 987 822
802 1023 325
722 1023 409
104 1023 42
486 336 3
722 336 289
538 336 71
42 336 17
606 336 3
781 336 243
104 336 211
486 825 360
722 825 289
538 825 414
42 825 214
701 825 324
781 825 449
701 34 445
104 34 314
827 802 769
632 802 252
665 802 128
785 486 762
736 486 762
719 486 597
827 486 597
769 486 391
632 486 364
665 486 332
719 722 560
665 722 33
719 538 1094
736 538 828
827 538 557
769 538 552
665 538 550
785 538 532
632 538 443
827 42 1154
632 42 4
827 701 861
719 701 700
665 701 554
769 701 254
632 701 151
827 606 800
719 606 700
665 606 554
769 606 335
785 606 169
736 606 169
632 606 154
827 781 462
785 781 778
736 781 6
719 781 1
719 104 718
769 104 382
129 719 529
1 719 935
208 719 876
313 719 203
49 719 1
1 769 11
313 769 158
35 769 96
208 769 1
49 785 757
313 785 660
212 785 2
212 827 992
313 827 893
208 827 106
35 736 738
129 736 253
208 736 496
35 632 724
313 632 671
1 632 660
129 632 489
463 632 350
35 665 969
313 665 671
1 665 660
129 665 489
49 665 316
463 665 164
413 1 26
7 1 14
7 129 968
375 129 799
78 129 460
18 129 369
413 129 188
78 49 1237
413 49 166
50 49 66
7 208 968
50 208 689
413 208 397
78 208 263
18 35 1206
50 35 98
18 313 1019
413 313 856
7 313 813
78 313 564
412 313 490
50 212 689
413 212 682
7 212 636
375 212 392
78 212 192
375 463 1298
415 463 432
413 463 372
7 463 347
412 463 347
50 463 307
100 78 746
408 78 33
175 50 349
100 50 26
408 50 78
436 413 1159
398 413 1148
408 413 1135
416 413 1040
385 413 247
175 413 219
232 413 188
232 7 78
436 375 580
416 375 580
398 375 561
17 375 464
385 375 367
408 375 251
100 18 674
385 18 6
175 18 2
385 412 1021
232 412 974
436 412 958
398 412 958
408 412 950
416 412 256
17 412 202
408 415 911
416 415 863
385 415 749
436 415 724
398 415 724
232 415 544
168 100 197
233 175 1122
264 175 966
298 175 673
267 175 437
168 175 353
208 175 350
298 408 861
208 408 781
233 408 411
267 408 296
168 232 992
264 232 831
298 232 543
233 232 293
208 385 1258
233 385 813
298 385 255
168 17 1281
267 17 31
298 17 6
208 398 590
233 398 587
233 436 1035
298 436 861
208 436 671
267 436 296
233 416 1035
208 416 499
298 416 255
214 208 1101
330 208 431
340 208 431
330 233 848
340 233 750
379 233 594
349 233 387
343 233 387
348 233 362
389 264 1195
348 264 1090
379 264 361
389 267 1015
348 267 1015
379 267 361
389 298 656
379 298 594
343 298 352
340 298 205
330 298 205
340 168 1070
330 168 501
101 343 932
101 349 1284
133 349 1169
134 349 699
101 330 925
134 330 699
133 389 816
134 214 1156
133 340 1300
134 340 777
101 348 1109
133 348 958
134 379 1160
133 379 816
