262
342 60 394
730 60 118
777 60 7
623 60 23
342 518 637
59 518 637
145 518 1072
730 518 637
64 518 164
777 518 362
612 518 126
342 645 428
59 645 531
145 645 1101
730 645 404
777 645 404
623 645 506
612 645 531
342 819 159
59 819 567
145 819 557
64 819 408
777 819 542
623 819 536
612 819 440
342 823 159
59 823 449
64 823 736
777 823 276
623 823 768
612 823 400
342 826 418
59 826 558
145 826 584
730 826 434
64 826 522
777 826 455
623 826 260
612 826 777
342 833 278
59 833 396
145 833 375
64 833 437
777 833 177
623 833 901
612 833 328
342 838 120
59 838 265
145 838 925
730 838 265
64 838 736
777 838 455
623 838 536
612 838 659
342 857 321
59 857 635
145 857 656
730 857 112
64 857 408
623 857 850
612 857 777
59 802 635
145 802 584
730 802 530
64 802 490
623 802 682
612 802 490
59 821 396
64 821 736
777 821 159
623 821 608
612 821 777
59 846 635
145 846 364
64 846 736
777 846 455
623 846 536
612 846 532
59 853 635
145 853 584
777 853 196
623 853 617
612 853 537
59 865 635
145 865 416
730 865 468
64 865 736
777 865 289
623 865 376
612 865 468
145 266 341
777 266 505
623 266 127
358 342 1112
631 342 866
825 342 852
680 342 618
617 342 506
516 342 423
724 342 121
680 59 41
724 59 1
617 59 2
358 145 821
825 145 210
724 145 10
680 145 6
516 730 248
724 730 43
680 64 812
724 64 999
617 64 6
358 777 950
516 777 721
631 623 982
617 623 808
724 623 565
680 623 245
825 623 245
358 623 212
516 623 212
724 612 1027
680 612 770
358 612 696
516 612 433
617 612 181
68 825 1003
286 825 1235
126 825 852
338 825 43
41 724 1189
286 724 691
338 724 605
3 724 18
456 724 1
68 631 1210
41 631 1021
456 631 454
62 680 1175
3 680 968
456 680 537
126 680 431
338 680 269
286 680 189
3 516 811
338 516 602
126 516 402
456 516 375
286 516 375
62 516 166
68 516 158
41 516 143
3 617 801
456 617 537
62 617 263
126 617 260
286 617 189
68 617 149
41 358 1194
126 358 716
62 358 305
286 358 249
338 358 208
3 358 195
456 358 189
375 456 1020
192 456 284
77 456 242
307 456 242
415 286 838
375 286 838
77 286 372
241 286 367
375 3 386
307 3 406
375 41 188
192 41 105
307 41 20
415 41 6
307 62 159
192 68 102
307 126 630
241 126 613
375 126 425
94 126 381
94 338 552
241 338 407
208 192 1107
223 192 866
407 192 516
170 192 367
250 192 322
407 375 1229
114 375 667
208 375 213
351 375 202
407 77 46
250 94 718
170 94 965
208 94 5
114 241 1173
170 241 252
407 241 252
223 241 208
170 307 769
250 307 751
114 307 354
407 307 321
223 307 251
208 415 806
407 415 725
298 208 569
198 208 339
208 208 318
208 407 1243
298 407 714
198 407 563
362 407 526
266 407 276
362 250 1025
208 250 498
198 250 441
298 250 212
198 114 934
198 351 948
362 351 527
298 351 343
208 351 341
298 170 1141
208 170 765
198 170 476
266 170 316
362 223 705
208 223 583
298 223 536
198 223 524
266 223 308
214 208 1135
408 208 1050
320 208 475
374 208 380
242 198 563
320 198 485
408 198 281
344 298 883
374 298 695
408 298 324
374 266 1162
408 266 1050
214 266 723
344 362 748
214 362 370
242 362 351
152 242 485
101 320 1139
101 344 1245
101 408 1247
96 408 758
101 374 997
152 374 953
152 214 1253
101 214 528
