305
750 502 309
59 502 592
149 502 201
376 502 416
736 502 620
812 502 523
607 502 515
750 624 896
59 624 592
149 624 264
376 624 399
736 624 627
812 624 1044
607 624 186
750 697 710
59 697 592
149 697 381
376 697 344
736 697 620
812 697 997
750 779 586
59 779 198
149 779 600
376 779 265
736 779 414
812 779 280
607 779 450
750 786 586
59 786 386
149 786 318
376 786 604
736 786 414
812 786 836
607 786 368
750 787 586
59 787 365
149 787 672
376 787 175
736 787 598
812 787 297
607 787 489
750 788 586
59 788 328
149 788 139
376 788 265
736 788 598
812 788 233
607 788 771
750 806 166
59 806 132
149 806 672
376 806 607
736 806 290
812 806 717
607 806 489
750 842 586
59 842 277
149 842 672
376 842 224
736 842 576
812 842 655
607 842 489
750 862 166
59 862 304
149 862 672
376 862 624
736 862 414
812 862 717
607 862 489
750 866 586
59 866 300
149 866 672
376 866 265
736 866 414
812 866 190
607 866 489
750 876 166
59 876 132
149 876 573
376 876 607
736 876 450
812 876 655
607 876 557
750 878 146
59 878 386
149 878 492
376 878 340
736 878 211
607 878 612
750 890 166
59 890 386
149 890 573
376 890 607
736 890 598
812 890 836
607 890 368
750 1022 87
59 1022 31
376 1022 282
59 205 589
149 205 4
376 205 360
736 205 70
812 205 118
607 205 1
59 833 318
149 833 318
376 833 240
736 833 598
607 833 759
605 750 764
158 750 602
602 750 186
796 750 10
651 750 2
605 59 808
651 59 728
602 59 499
636 149 209
158 149 913
796 149 3
605 376 875
602 376 634
158 376 572
651 376 483
796 376 460
636 376 255
636 736 305
796 736 327
605 736 17
602 736 246
158 736 12
651 736 33
796 812 540
636 812 80
158 607 565
605 607 565
796 607 512
651 607 462
636 607 236
602 607 202
1 636 955
467 636 908
469 636 799
463 636 799
414 636 531
494 636 502
1 796 292
256 796 78
414 796 28
1 651 955
414 651 930
469 651 795
467 651 777
494 651 715
256 651 547
469 605 1009
467 605 908
1 605 857
494 605 835
256 605 244
414 605 241
463 605 241
469 158 1233
1 158 49
414 602 1017
469 602 1009
494 602 835
467 602 614
463 602 452
256 602 244
337 1 318
87 1 368
413 1 40
413 494 55
337 467 657
413 467 336
87 467 98
337 469 542
412 469 476
413 469 88
402 469 9
412 256 1024
87 256 672
402 256 559
337 256 373
375 414 1164
415 414 1129
412 414 762
402 414 719
87 414 625
413 414 555
375 463 1292
415 463 585
413 463 555
337 463 351
412 463 351
402 463 208
17 337 948
223 337 824
309 337 694
433 337 639
408 337 440
222 337 428
175 337 363
208 337 330
433 87 140
223 87 8
408 413 1167
309 413 509
208 413 416
433 413 369
175 413 172
17 375 528
408 375 299
433 402 1185
408 402 777
309 402 509
208 402 436
175 402 158
17 402 158
222 402 125
408 412 875
433 412 448
208 412 433
17 412 328
223 412 297
222 412 242
309 412 242
408 415 1159
309 415 509
208 415 433
433 415 332
222 415 250
223 415 171
298 208 772
168 208 514
362 208 363
423 208 342
208 208 306
298 175 784
168 175 322
266 175 322
208 175 311
362 175 261
362 408 1041
298 408 900
208 408 778
266 408 378
423 408 355
208 433 1299
423 433 355
266 433 257
423 17 942
168 17 1290
298 17 13
362 309 1019
423 309 507
298 309 500
266 309 307
168 309 226
362 222 960
298 222 658
208 222 629
423 222 398
266 222 352
362 223 836
298 223 658
208 223 629
168 223 419
423 223 406
266 223 352
388 208 848
367 208 693
324 208 453
340 208 398
374 208 398
374 298 1049
343 298 293
388 423 1169
340 423 1157
324 423 1120
343 423 523
349 423 465
374 423 426
374 266 1234
367 266 348
374 362 481
340 362 481
340 168 1115
367 168 743
324 168 1035
388 168 1111
101 343 1022
101 349 1285
133 349 1181
101 374 914
133 374 696
133 324 887
96 324 693
101 388 930
96 388 693
133 340 1299
133 367 1299
96 367 693
