353
827 288 206
239 288 20
93 288 737
155 288 50
827 462 251
166 462 352
252 462 815
655 462 415
239 462 784
93 462 407
155 462 339
327 462 473
623 462 225
827 480 875
166 480 476
252 480 666
655 480 415
239 480 784
93 480 138
155 480 625
327 480 473
623 480 269
827 553 413
166 553 413
252 553 639
655 553 454
239 553 254
93 553 431
155 553 478
327 553 196
623 553 195
827 582 412
166 582 425
252 582 401
655 582 282
239 582 463
93 582 533
155 582 259
327 582 650
623 582 222
827 598 244
166 598 500
252 598 394
655 598 307
239 598 376
93 598 560
155 598 376
327 598 643
623 598 622
827 671 719
166 671 683
252 671 682
655 671 342
239 671 542
93 671 451
155 671 683
327 671 611
623 671 222
827 745 360
166 745 665
252 745 312
655 745 282
239 745 230
93 745 176
155 745 812
327 745 635
623 745 205
827 782 326
166 782 685
252 782 147
655 782 344
239 782 291
93 782 438
155 782 1047
327 782 132
827 798 326
166 798 134
252 798 282
655 798 483
239 798 148
93 798 438
155 798 1047
327 798 366
623 798 914
827 826 326
166 826 576
252 826 472
655 826 454
239 826 291
93 826 287
155 826 222
327 826 600
623 826 255
827 844 326
166 844 685
252 844 191
655 844 344
239 844 205
93 844 604
155 844 1047
327 844 328
623 844 110
827 853 610
166 853 748
252 853 191
655 853 454
239 853 205
93 853 667
155 853 352
327 853 600
623 853 649
827 887 326
166 887 685
655 887 454
239 887 205
93 887 287
155 887 280
327 887 219
623 887 192
166 35 7
252 35 149
655 35 125
239 35 687
155 35 305
623 35 208
166 987 125
655 987 5
93 987 67
155 987 166
623 987 382
252 512 366
655 512 333
239 512 463
93 512 595
155 512 1042
327 512 650
239 370 93
155 370 578
327 370 574
623 370 93
631 827 29
663 827 16
589 827 49
589 166 271
375 166 321
726 166 1
375 252 45
675 252 3
801 655 1060
663 655 939
743 655 640
675 655 446
631 655 446
668 655 396
589 655 317
663 239 96
726 239 1115
801 239 175
631 239 1
663 93 33
743 93 998
726 93 362
675 93 54
375 93 303
631 93 2
801 93 1
801 155 776
726 155 973
631 155 50
375 155 16
668 155 2
726 327 646
801 327 546
589 327 529
668 327 481
663 327 465
743 327 453
631 327 276
675 327 214
801 623 927
663 623 927
631 623 683
743 623 516
675 623 506
726 623 288
668 623 229
589 623 229
375 623 152
41 668 1165
68 668 1123
244 668 1105
91 668 745
223 668 612
457 668 593
41 675 942
457 675 760
91 675 555
68 675 364
223 675 220
463 675 208
37 675 201
91 743 661
68 801 585
244 801 1022
457 801 191
516 589 1001
91 589 991
223 589 693
463 589 675
244 589 582
37 726 1233
457 726 203
516 726 69
223 726 2
68 631 1202
463 631 1150
41 631 915
457 631 441
91 631 324
244 663 1105
223 663 693
516 663 648
463 663 290
457 663 167
41 663 167
37 375 516
41 375 455
463 375 450
223 375 269
457 375 267
244 375 190
57 516 209
30 516 1004
87 516 166
94 91 118
78 37 30
375 244 788
94 244 735
412 244 455
87 244 347
78 244 262
375 457 1265
87 457 550
412 457 393
30 457 260
57 457 148
415 457 148
412 41 136
375 41 151
415 41 10
375 223 592
412 223 569
94 223 419
87 223 419
57 223 419
30 223 391
415 223 350
414 223 340
78 68 355
87 68 214
375 463 1295
414 463 1285
57 463 440
415 463 440
412 463 240
94 463 204
87 463 135
311 78 289
408 78 14
442 78 1
311 57 10
442 57 2
250 94 857
170 94 1066
407 87 162
311 87 33
407 375 1295
442 375 1258
402 375 774
311 375 580
170 375 267
250 375 267
349 30 15
407 30 1
408 412 853
349 412 821
402 412 657
407 412 458
442 412 458
250 412 383
407 415 977
408 415 844
402 415 586
349 415 335
402 414 979
170 414 541
407 414 370
349 414 335
250 414 257
273 442 1287
208 442 1270
298 442 986
362 442 883
266 442 279
273 407 1300
208 407 1270
298 407 751
362 407 624
266 407 279
208 349 948
362 349 298
273 349 298
298 349 298
273 402 1300
208 402 1270
362 402 1064
298 402 986
266 402 279
298 170 1246
208 170 705
273 170 307
266 170 227
208 408 1018
362 408 986
273 408 876
298 408 876
266 408 279
208 311 1160
362 250 1184
208 250 394
273 250 307
298 250 279
214 208 1142
374 208 391
326 208 378
214 273 1142
374 273 706
374 298 840
382 298 301
341 298 255
214 362 861
374 362 326
374 266 1268
326 266 849
214 266 648
101 382 1167
101 377 721
101 374 1038
200 214 1117
101 214 594
101 326 1298
133 326 595
101 341 819
