198
113 414 303
800 414 1254
665 414 521
745 414 1254
515 414 546
113 440 303
800 440 1254
665 440 521
745 440 1254
515 440 546
113 483 386
800 483 1246
665 483 414
745 483 1246
515 483 287
113 487 314
800 487 881
665 487 521
745 487 881
515 487 546
113 496 303
800 496 1254
665 496 521
745 496 1254
515 496 546
113 504 760
800 504 758
665 504 521
745 504 760
515 504 546
113 625 585
800 625 1254
665 625 521
745 625 1254
515 625 546
113 652 191
800 652 1065
665 652 521
745 652 633
515 652 546
113 778 168
800 778 1116
665 778 766
745 778 655
515 778 292
113 826 340
800 826 1116
665 826 303
745 826 861
113 829 239
800 829 1116
665 829 766
745 829 270
113 875 239
800 875 1116
665 875 303
745 875 857
787 113 670
686 113 2
81 800 72
686 800 172
810 800 82
686 665 861
810 665 320
81 665 134
678 665 111
787 745 907
686 745 4
81 745 1
787 515 1144
810 515 697
678 515 640
686 515 192
490 810 485
485 810 1
490 787 1060
485 787 1080
277 787 1247
389 787 22
485 81 475
490 81 1224
159 81 799
277 81 27
159 678 940
485 678 696
490 678 677
277 678 653
389 678 601
463 678 132
463 686 1217
389 686 961
159 686 804
277 686 653
490 686 496
485 686 162
403 485 541
412 485 320
403 490 907
403 159 910
50 159 373
375 159 348
412 159 313
403 277 751
50 277 373
375 277 348
412 277 308
412 389 790
50 389 762
375 389 476
390 389 476
414 463 1298
375 463 1297
390 463 1083
50 463 610
403 463 198
412 463 198
175 50 388
52 50 1241
232 412 1203
402 412 1009
52 412 581
416 412 320
433 412 310
175 412 271
416 403 1258
232 403 859
52 403 581
433 403 323
402 403 322
175 403 257
402 375 1143
52 375 849
232 375 471
416 375 291
416 390 1258
402 390 1120
232 390 859
52 390 581
175 390 124
402 414 1082
416 414 907
232 414 605
52 414 581
433 414 323
175 414 257
255 175 1018
233 175 1018
310 175 885
208 175 505
140 175 410
360 175 322
140 402 1300
208 402 1293
360 402 819
255 402 465
233 402 208
310 402 186
310 232 853
360 232 777
140 232 626
233 232 333
208 433 1300
233 433 934
255 433 910
310 433 348
140 433 302
360 433 248
233 416 1068
140 416 934
208 416 398
310 416 348
360 416 212
233 52 537
255 52 434
360 52 2
238 140 1063
214 208 1106
330 208 350
214 360 434
330 360 421
330 233 708
343 233 496
336 233 387
343 255 496
214 255 473
336 255 387
349 255 297
336 310 907
214 310 613
349 310 401
343 310 401
69 343 1055
69 330 1152
69 349 986
69 336 1246
69 415 1055
152 214 1300
152 238 1300
