178
797 241 124
150 241 1055
581 241 1
797 328 342
464 328 418
797 400 213
150 400 716
464 400 271
425 400 181
432 400 346
797 513 633
150 513 733
464 513 283
581 513 793
425 513 276
432 513 346
797 607 347
150 607 411
464 607 283
581 607 487
432 607 260
797 614 1120
150 614 716
464 614 700
581 614 193
425 614 166
432 614 346
797 661 896
150 661 518
464 661 283
581 661 242
425 661 283
432 661 326
797 720 1112
150 720 518
464 720 283
581 720 199
425 720 170
432 720 346
797 738 633
150 738 716
464 738 228
581 738 380
425 738 185
432 738 346
797 761 633
150 761 582
581 761 228
425 761 268
432 761 346
797 806 270
150 806 863
464 806 974
581 806 746
425 806 271
432 806 181
797 832 1078
150 832 863
425 832 271
432 832 431
797 876 696
150 876 1152
464 876 974
425 876 273
432 876 190
150 204 881
464 204 535
581 204 392
425 204 258
464 264 3
432 264 407
804 797 1121
796 797 41
785 797 1
804 150 1227
741 150 1
804 464 910
796 464 891
741 464 676
785 464 540
804 581 1122
785 581 541
741 581 304
796 581 211
804 425 954
796 425 928
785 425 540
804 432 692
741 432 457
796 432 457
785 432 395
352 741 751
484 741 582
169 741 1054
352 796 479
141 796 827
455 796 7
352 785 346
484 785 500
141 785 1215
169 804 589
352 804 1138
484 804 1143
78 169 875
434 169 823
447 169 728
143 169 458
447 455 1171
143 455 1040
78 455 891
434 455 288
447 352 1228
143 352 836
434 352 709
78 352 571
87 352 247
434 484 889
78 141 878
87 141 867
447 141 773
434 141 568
143 141 458
373 434 1083
179 434 1007
209 434 683
385 434 552
237 434 550
237 447 1271
373 447 1083
179 447 1007
209 447 683
385 447 552
209 78 226
217 78 195
385 78 1
209 87 151
237 143 1007
209 143 978
385 143 978
373 143 511
494 217 968
303 217 968
208 217 836
264 217 810
202 217 344
208 385 1269
303 385 596
208 237 570
264 237 491
202 237 344
494 209 718
303 209 623
494 373 1091
303 373 1061
264 373 611
264 179 983
303 179 619
494 179 346
389 202 988
346 202 348
348 208 260
346 208 260
389 264 1230
346 264 1149
348 264 1129
379 264 422
346 494 480
348 494 946
389 494 137
379 494 162
346 303 240
101 346 1287
133 346 934
133 389 934
101 382 1029
101 348 1027
133 348 1027
133 379 934
