139
197 197 1026
361 197 607
807 197 608
197 371 774
807 371 749
75 371 132
197 795 691
361 795 205
807 795 582
75 795 883
197 798 436
361 798 573
807 798 227
75 798 897
197 812 713
361 812 573
807 812 159
75 812 645
197 817 601
361 817 573
807 817 863
75 817 715
197 823 436
361 823 573
807 823 582
75 823 809
197 853 713
807 853 227
75 853 995
197 892 701
361 892 573
807 892 1028
75 892 892
197 895 713
361 895 326
807 895 863
75 895 1002
732 197 16
732 361 858
260 361 555
796 361 555
656 361 498
260 807 1012
796 807 1204
260 75 1194
796 75 1262
75 260 1268
56 260 999
439 260 981
370 260 865
305 260 737
75 732 1292
75 656 1175
370 656 959
56 656 847
439 656 392
305 656 193
56 796 658
370 796 1242
439 796 520
75 796 73
305 796 14
87 439 1232
83 439 625
241 439 335
78 439 261
94 439 220
87 305 1073
241 305 779
78 305 758
307 305 708
94 305 625
83 305 316
87 370 1280
94 370 1224
83 370 666
307 370 440
78 370 407
87 75 1199
307 75 14
87 56 1260
78 56 741
83 56 13
241 56 3
122 78 137
408 78 6
112 83 1128
175 83 300
408 83 118
250 94 791
170 94 1050
138 94 1
175 94 4
122 87 264
112 87 1291
138 87 42
112 241 707
88 241 646
122 241 356
170 241 229
175 307 1220
408 307 1112
122 307 855
138 307 712
112 307 709
250 307 514
170 307 514
84 122 1238
84 175 1167
416 175 1060
208 175 226
84 88 15
416 170 918
208 170 790
208 138 6
84 138 2
416 112 356
84 112 1238
416 408 1174
208 408 958
140 408 942
84 250 1050
416 250 867
208 250 515
138 140 423
138 208 560
326 208 536
138 84 1285
138 219 1161
377 219 828
377 416 1229
374 416 1025
326 416 521
397 416 413
101 397 1296
101 377 1110
68 138 1283
101 374 1149
101 326 1300
