146
654 551 372
738 551 1170
93 551 560
785 551 523
235 551 108
781 551 1010
654 562 917
738 562 1170
93 562 586
785 562 843
235 562 149
781 562 617
654 598 138
738 598 774
93 598 783
785 598 338
781 598 617
654 656 873
738 656 774
93 656 682
785 656 682
235 656 540
781 656 617
654 666 530
738 666 1170
93 666 573
785 666 433
235 666 433
781 666 314
654 811 534
738 811 1194
93 811 816
785 811 402
235 811 300
654 819 900
738 819 1194
93 819 677
235 819 383
781 819 1011
654 879 469
738 879 1033
93 879 117
785 879 370
235 879 398
781 879 117
654 883 653
738 883 1132
93 883 653
785 883 402
235 883 398
781 883 162
654 886 930
738 886 1194
93 886 677
785 886 287
235 886 425
781 886 465
785 230 770
781 230 1160
743 654 1269
747 654 980
785 654 936
743 738 971
785 738 640
747 738 1
743 93 1273
747 93 252
785 93 349
747 785 312
743 785 3
785 235 1230
747 235 105
785 781 1131
35 747 1296
501 747 60
313 743 477
35 743 121
501 743 1
49 785 811
501 785 369
313 785 658
78 54 27
412 54 45
87 49 158
78 49 1296
78 244 830
87 244 747
412 244 623
329 244 317
329 35 732
87 35 14
78 313 1092
329 313 829
412 313 458
87 501 31
78 501 1132
412 501 281
329 501 474
100 78 876
217 78 290
223 78 22
223 87 10
250 412 477
223 412 398
217 412 296
100 412 246
100 415 246
223 415 208
100 329 1039
170 329 636
250 329 636
217 329 478
223 329 478
298 217 767
358 217 767
208 217 688
358 250 852
208 250 372
298 250 254
298 170 1284
208 170 614
358 170 317
298 223 527
358 223 527
208 223 404
363 208 648
389 208 384
346 358 801
348 358 801
389 358 801
363 358 487
349 358 435
389 298 692
346 298 282
343 298 275
133 363 1288
96 363 819
101 343 1045
133 389 923
101 346 1290
133 346 1027
101 349 1295
133 349 1234
101 348 1247
133 348 1051
96 348 906
