301
137 417 490
474 417 288
231 417 377
734 417 473
657 417 288
764 417 325
715 417 473
189 417 761
752 417 795
137 434 246
474 434 247
231 434 508
734 434 253
657 434 266
764 434 343
715 434 476
189 434 492
752 434 427
137 468 147
231 468 252
734 468 409
657 468 267
764 468 303
715 468 464
189 468 761
752 468 795
137 512 479
474 512 118
231 512 299
734 512 699
657 512 307
764 512 699
715 512 464
189 512 761
752 512 795
137 531 297
474 531 175
231 531 562
734 531 601
657 531 194
764 531 601
715 531 464
189 531 601
752 531 616
137 552 280
474 552 209
231 552 280
734 552 570
657 552 398
764 552 570
715 552 464
189 552 761
752 552 795
137 567 246
474 567 247
231 567 478
734 567 228
657 567 473
764 567 132
715 567 464
189 567 761
752 567 795
137 654 168
474 654 332
231 654 190
734 654 730
657 654 301
764 654 730
715 654 464
189 654 761
752 654 795
137 710 193
474 710 307
231 710 274
734 710 313
657 710 286
764 710 313
715 710 464
189 710 761
752 710 795
137 826 456
474 826 498
734 826 252
657 826 305
764 826 588
189 826 276
752 826 244
137 891 337
474 891 413
231 891 762
734 891 413
657 891 332
764 891 223
715 891 211
189 891 397
752 891 419
474 971 44
715 971 58
189 971 657
231 75 218
734 75 1042
715 75 198
189 75 782
231 263 35
734 263 25
764 263 441
715 263 850
189 263 805
752 263 1
734 986 460
189 986 685
734 990 304
657 990 7
715 990 608
189 990 918
715 903 310
189 903 1125
805 137 903
769 137 899
686 137 960
704 137 260
769 474 916
581 474 894
173 474 467
686 474 467
805 474 405
704 474 402
680 474 376
581 231 522
680 231 252
704 231 178
805 231 41
173 734 948
686 734 12
686 657 655
704 657 583
680 657 332
581 657 332
805 657 196
173 657 196
769 657 196
680 764 50
704 764 84
173 764 3
769 715 30
173 715 406
704 715 4
173 189 896
805 189 1087
680 189 238
769 189 99
581 752 519
173 752 693
805 752 343
237 769 466
35 769 104
84 173 737
35 173 1181
49 173 1221
237 173 189
4 173 66
54 173 5
35 581 1019
463 581 954
94 581 820
54 581 607
84 581 490
237 581 333
49 581 181
35 805 115
54 805 31
237 704 43
463 686 1228
94 686 820
54 686 509
49 686 349
84 686 349
237 686 333
35 686 320
4 686 220
49 680 844
94 680 820
237 680 333
35 680 320
4 680 296
84 680 251
463 680 185
180 54 78
50 54 72
412 54 17
78 54 10
78 4 365
4 4 374
18 4 133
50 94 887
4 84 711
180 84 99
50 84 55
375 84 1
78 84 1
4 49 1193
78 49 1160
180 49 379
50 49 45
4 35 1060
18 35 1093
50 35 65
50 237 1108
375 237 511
4 237 416
415 237 245
412 237 214
78 237 214
375 463 1259
50 463 408
415 463 310
180 463 209
412 463 209
100 180 865
175 180 697
402 180 472
408 180 468
208 180 440
385 180 327
250 180 301
100 78 805
408 78 18
385 78 2
175 50 361
100 50 66
208 50 175
408 50 33
402 375 894
385 375 387
100 4 903
250 4 32
175 4 17
208 4 9
100 18 751
385 18 8
208 18 5
175 18 3
377 18 1
408 415 783
385 415 761
402 415 599
208 415 559
100 415 145
385 412 985
408 412 931
402 412 686
208 412 406
250 412 217
175 412 214
168 100 194
233 100 2
267 208 700
298 208 680
233 208 662
168 208 527
208 208 273
233 175 1035
298 175 713
267 175 476
168 175 473
208 175 367
168 250 838
208 250 282
233 250 242
208 402 1234
298 402 895
267 402 362
233 402 235
208 408 862
298 408 724
267 408 362
233 408 358
208 385 1197
233 385 724
298 385 337
267 385 185
168 377 1200
233 377 379
340 208 437
340 233 738
379 233 567
343 233 335
349 233 335
379 298 567
340 298 294
343 298 239
346 267 888
379 267 380
340 168 1001
101 343 803
101 346 1200
134 346 837
134 379 1092
101 349 1200
134 349 652
134 340 669
