358
350 367 263
165 367 772
685 367 14
764 367 1
488 367 172
628 367 228
350 397 243
165 397 510
232 397 673
685 397 243
764 397 496
736 397 310
657 397 186
488 397 291
628 397 239
350 512 553
165 512 510
232 512 673
685 512 364
764 512 496
143 512 371
736 512 296
657 512 186
488 512 641
628 512 239
350 608 274
165 608 495
232 608 495
685 608 274
764 608 441
143 608 442
736 608 486
657 608 186
488 608 404
628 608 239
350 714 553
165 714 333
232 714 401
685 714 364
764 714 496
143 714 371
736 714 596
657 714 259
488 714 396
628 714 143
350 735 545
165 735 510
232 735 673
685 735 364
764 735 460
143 735 387
736 735 549
657 735 523
488 735 396
628 735 239
350 768 170
165 768 202
232 768 351
764 768 158
143 768 368
736 768 296
657 768 235
628 768 133
350 775 137
165 775 483
232 775 668
685 775 692
143 775 566
736 775 321
657 775 169
488 775 605
628 775 252
350 809 264
232 809 514
685 809 249
764 809 343
143 809 190
736 809 338
657 809 280
488 809 514
628 809 276
350 839 264
232 839 351
764 839 330
143 839 331
736 839 159
657 839 331
488 839 234
628 839 565
350 845 231
165 845 205
232 845 344
685 845 337
764 845 320
143 845 385
736 845 315
657 845 265
488 845 344
628 845 397
350 848 183
165 848 239
232 848 862
685 848 249
764 848 660
143 848 368
736 848 103
488 848 605
628 848 276
350 852 196
165 852 388
232 852 196
685 852 155
764 852 343
143 852 368
736 852 296
657 852 267
488 852 155
628 852 143
350 871 170
232 871 862
685 871 177
736 871 159
657 871 235
488 871 605
628 871 225
350 893 174
165 893 406
232 893 146
685 893 249
143 893 390
736 893 302
657 893 390
488 893 302
628 893 301
165 297 763
232 297 707
628 297 5
165 628 740
232 628 673
685 628 179
764 628 398
143 628 396
736 628 740
657 628 290
488 628 291
628 628 239
165 874 172
232 874 862
685 874 202
764 874 343
143 874 338
736 874 335
657 874 280
488 874 605
628 874 202
232 1021 10
764 1021 1
143 1021 564
736 1021 76
488 1021 774
810 350 739
796 350 703
579 350 444
581 350 435
636 350 257
677 350 242
751 350 155
796 165 779
810 165 689
677 165 28
579 165 319
636 165 97
810 232 320
677 232 903
581 232 30
581 685 750
677 685 748
579 685 539
810 685 356
796 685 356
751 685 216
579 764 643
677 143 268
796 143 572
581 143 6
751 143 75
677 736 144
636 736 205
796 736 456
751 736 104
579 657 620
581 657 591
796 657 493
636 657 390
677 657 292
810 657 209
751 657 144
581 488 808
810 488 676
796 488 499
751 488 433
579 488 319
677 488 265
636 488 262
579 628 806
581 628 750
677 628 748
796 628 628
751 628 413
810 628 238
367 810 568
203 810 176
1 810 450
297 810 161
367 579 919
297 579 734
54 579 544
1 579 525
203 579 464
142 579 385
463 579 195
54 636 874
1 636 765
297 636 734
367 636 508
463 636 379
142 636 250
99 636 132
463 581 823
297 581 734
1 581 572
54 581 544
367 581 464
203 581 403
142 581 385
99 581 167
142 796 841
1 796 86
99 796 81
203 796 9
54 677 973
297 677 734
367 677 464
203 677 403
142 677 385
463 677 151
1 677 119
142 751 83
297 751 18
77 203 954
412 203 578
29 203 432
39 203 317
87 203 204
412 54 51
77 1 126
87 1 450
412 1 1
87 99 234
412 99 3
29 367 681
375 367 465
87 367 459
39 367 374
77 367 250
29 297 681
77 297 501
375 297 438
39 297 307
87 297 303
412 297 223
412 142 813
77 142 708
87 142 683
29 142 229
375 142 205
415 142 195
375 463 1156
77 463 892
87 463 359
29 463 294
415 463 272
39 463 174
412 463 174
100 77 5
346 77 8
438 87 487
385 412 905
408 412 854
318 412 628
385 375 368
346 375 247
438 375 217
100 39 28
385 39 9
318 29 561
385 415 762
408 415 581
318 415 568
346 415 159
168 100 341
424 100 7
417 438 974
424 438 517
298 438 432
208 438 428
402 438 290
168 438 237
298 408 868
402 408 816
208 408 623
424 408 487
208 385 1106
424 385 441
298 385 327
402 385 256
417 385 221
168 318 871
298 318 610
208 318 578
402 318 376
417 318 321
424 318 223
168 346 1051
417 346 589
298 346 323
168 377 1143
424 377 276
402 377 239
298 377 239
417 377 209
330 208 348
379 402 556
330 402 523
343 402 475
385 402 448
349 402 404
379 424 961
385 424 917
349 424 316
330 424 316
330 417 1070
379 417 973
349 417 412
343 417 326
385 417 205
379 298 828
385 298 664
343 298 482
330 298 247
330 168 656
69 343 995
69 330 1037
134 330 825
69 349 945
134 349 825
69 385 995
134 379 1110
