219
20 10 734
362 10 559
93 10 1
785 10 1121
20 238 216
362 238 339
93 238 475
785 238 3
781 238 533
20 426 834
362 426 360
93 426 252
785 426 654
781 426 654
20 436 695
362 436 307
93 436 307
785 436 538
781 436 538
20 442 582
362 442 715
93 442 526
785 442 892
781 442 800
20 445 834
362 445 362
93 445 695
785 445 164
781 445 695
20 530 576
362 530 456
93 530 657
785 530 935
781 530 475
20 564 708
362 564 550
93 564 513
785 564 369
781 564 573
20 622 834
362 622 694
93 622 526
785 622 409
781 622 694
20 623 695
362 623 715
93 623 526
785 623 896
781 623 800
20 630 695
362 630 265
93 630 634
785 630 634
781 630 281
20 657 512
362 657 715
93 657 526
785 657 604
781 657 800
20 735 555
362 735 715
93 735 526
785 735 906
781 735 800
20 748 682
362 748 550
93 748 657
785 748 901
781 748 783
20 776 725
362 776 289
93 776 423
785 776 862
781 776 331
20 847 462
362 847 352
93 847 720
785 847 160
781 847 854
20 848 548
362 848 518
93 848 936
785 848 867
781 848 926
20 892 890
362 892 352
93 892 377
785 892 660
781 892 743
656 20 532
227 20 1174
712 20 824
743 20 405
777 20 258
743 362 981
777 362 974
656 362 615
712 362 537
227 362 358
743 93 1233
227 93 791
777 93 723
712 93 16
656 785 164
227 785 288
743 785 26
712 781 975
777 781 669
227 781 86
49 656 1073
394 656 739
305 656 271
297 656 168
297 777 283
305 777 723
394 777 1100
49 777 773
394 712 705
297 712 476
394 743 935
305 743 1170
49 743 1
297 743 2
297 227 239
305 227 1040
49 227 900
394 227 1238
78 54 19
78 305 879
307 305 754
87 305 671
295 305 458
375 305 265
415 305 191
78 49 1285
87 49 126
78 394 879
87 394 556
295 394 260
78 297 879
295 297 871
87 297 317
375 297 266
100 78 838
251 78 154
438 78 44
223 78 13
438 87 529
251 87 318
223 87 8
251 295 416
100 295 326
170 307 823
250 307 815
346 307 795
438 307 536
100 307 495
251 307 286
346 375 347
250 375 236
170 375 236
346 415 313
251 415 297
100 415 215
223 415 193
168 100 225
362 100 18
298 438 514
208 438 471
358 438 295
168 438 214
298 170 1242
168 170 837
208 170 618
266 170 320
219 170 243
168 251 842
298 251 683
358 251 683
219 251 310
362 250 1181
168 250 895
358 250 628
208 250 366
219 250 243
266 250 190
208 223 551
358 223 539
298 223 539
168 223 451
362 223 416
266 223 369
219 223 346
168 346 1128
219 346 825
358 346 442
298 346 442
363 208 649
367 208 538
340 208 446
367 219 442
379 219 311
379 298 655
363 298 304
340 298 304
367 168 727
340 168 1110
340 358 651
379 358 623
363 358 571
349 358 406
340 362 520
367 266 398
133 363 1281
175 363 651
133 340 1299
133 367 1299
133 349 1208
133 379 856
