321
299 387 488
532 387 659
665 387 171
464 387 684
300 387 420
667 387 443
719 387 792
299 407 488
532 407 250
665 407 251
464 407 684
300 407 557
667 407 443
719 407 1033
299 449 764
532 449 767
665 449 186
464 449 736
300 449 420
667 449 556
719 449 1033
299 569 445
532 569 574
665 569 157
464 569 669
300 569 717
667 569 207
719 569 456
299 589 781
532 589 719
665 589 373
464 589 719
300 589 343
667 589 556
719 589 1026
299 618 488
532 618 659
665 618 220
464 618 586
300 618 420
667 618 443
719 618 586
299 659 764
532 659 767
665 659 450
464 659 736
300 659 288
667 659 556
719 659 394
299 677 764
532 677 767
665 677 208
464 677 736
300 677 717
667 677 556
719 677 1033
299 693 764
532 693 767
665 693 184
464 693 736
300 693 156
667 693 556
719 693 959
299 696 781
532 696 659
665 696 248
464 696 684
300 696 420
667 696 443
719 696 1033
299 717 662
532 717 659
665 717 139
464 717 684
300 717 420
667 717 443
719 717 1033
299 723 764
532 723 767
665 723 214
464 723 736
300 723 420
667 723 556
719 723 1033
299 729 488
532 729 327
665 729 276
464 729 684
300 729 327
667 729 443
719 729 1033
299 756 741
532 756 741
665 756 355
464 756 736
300 756 314
667 756 556
719 756 1033
299 771 486
532 771 429
665 771 182
464 771 637
300 771 196
667 771 402
719 771 198
299 776 405
532 776 429
665 776 327
464 776 473
667 776 273
299 796 405
532 796 429
665 796 325
464 796 637
667 796 402
719 796 149
299 799 413
532 799 429
665 799 377
464 799 422
667 799 402
299 815 405
665 815 325
464 815 637
300 815 196
667 815 402
719 815 290
299 820 385
665 820 469
667 820 273
719 820 386
299 843 385
532 843 283
665 843 423
464 843 473
300 843 251
719 843 468
299 864 405
532 864 602
665 864 522
464 864 590
667 864 402
299 873 405
532 873 543
665 873 545
464 873 473
667 873 303
719 873 213
532 768 287
665 768 545
464 768 637
300 768 287
667 768 402
719 768 446
532 871 992
665 871 377
464 871 382
667 871 382
719 871 468
718 299 587
790 299 439
805 299 383
636 299 383
624 299 363
71 299 201
668 299 195
581 299 182
790 532 706
805 532 614
71 532 523
636 532 405
581 532 389
718 532 307
624 532 220
668 532 199
581 665 733
718 665 641
668 665 436
790 665 347
636 665 242
624 665 170
718 464 534
790 464 455
668 464 342
71 464 342
581 464 303
624 464 286
636 464 247
805 464 231
790 300 928
71 300 743
668 300 648
581 300 409
624 300 319
636 300 302
805 300 244
718 300 231
581 667 749
718 667 670
71 667 649
624 667 549
668 667 436
790 667 346
636 667 247
805 667 206
71 719 185
636 719 231
805 719 34
581 719 9
1 71 4
414 71 2
414 668 977
35 668 358
47 718 653
350 718 484
463 718 44
414 624 977
463 624 927
1 624 687
35 624 358
47 624 336
1 636 687
414 636 588
463 636 344
350 636 257
47 790 913
350 790 480
35 790 24
414 790 1
35 581 1073
414 581 977
1 581 588
463 581 570
350 581 511
414 805 225
350 805 88
35 805 64
32 805 1
402 32 11
16 350 847
375 350 766
402 350 507
16 47 773
375 414 1248
390 414 931
415 414 931
39 414 897
402 414 418
16 414 403
375 463 1298
390 463 1021
415 463 628
39 463 372
377 16 26
416 375 837
436 375 744
17 375 593
385 375 486
408 375 309
17 39 1290
385 39 40
385 402 666
416 402 605
408 402 570
377 402 540
17 402 294
416 390 1235
385 390 973
408 390 495
17 390 174
385 415 935
408 415 870
416 415 691
436 415 680
298 408 960
208 408 791
208 385 1261
298 385 402
437 17 325
168 17 1286
436 17 585
298 17 9
168 377 1257
437 377 355
436 377 275
298 436 987
208 436 648
208 416 419
298 416 371
437 416 325
388 208 1101
340 208 439
330 208 439
388 436 1197
330 436 1149
340 436 684
349 436 650
343 436 380
388 437 1156
340 437 1126
330 437 1113
343 437 660
349 437 650
343 298 411
340 298 255
330 298 255
340 168 1143
388 168 1156
330 168 560
69 330 1144
134 330 842
95 330 691
69 343 1053
95 343 757
69 349 1012
134 349 842
95 349 754
95 388 1207
134 388 1186
69 388 745
134 340 921
