277
66 18 681
197 18 8
66 44 147
66 400 194
466 400 670
197 400 829
162 400 639
657 400 215
433 400 571
66 437 690
466 437 438
197 437 829
162 437 639
657 437 187
273 437 588
433 437 697
66 445 619
466 445 367
197 445 371
162 445 669
657 445 179
273 445 659
433 445 619
66 519 690
466 519 354
197 519 494
162 519 669
657 519 214
273 519 434
433 519 697
66 622 390
466 622 256
197 622 829
162 622 639
657 622 204
273 622 143
433 622 394
66 655 363
466 655 363
197 655 828
162 655 639
657 655 542
273 655 654
433 655 395
66 680 533
466 680 352
162 680 669
657 680 555
273 680 659
433 680 533
66 703 380
466 703 507
162 703 642
657 703 179
433 703 180
66 764 700
197 764 700
162 764 559
657 764 180
273 764 226
433 764 492
66 809 570
197 809 651
162 809 381
657 809 517
273 809 159
433 809 517
66 833 225
466 833 788
197 833 923
162 833 381
657 833 612
433 833 635
66 848 439
197 848 1006
162 848 627
273 848 534
433 848 499
66 903 215
466 903 436
433 903 3
466 237 949
162 237 812
466 398 256
197 398 664
162 398 490
657 398 389
273 398 592
433 398 395
466 614 256
197 614 682
162 614 682
657 614 212
273 614 356
433 614 323
466 1019 392
197 1019 370
657 1019 395
433 1019 356
466 1021 2
197 1021 454
162 1021 1007
433 1021 71
197 220 822
162 220 831
433 220 451
197 1016 42
657 1016 402
657 375 134
273 375 730
753 66 411
796 66 566
278 66 282
656 66 180
278 466 1181
796 466 1011
656 466 567
801 466 558
753 466 438
484 466 307
753 197 978
801 197 20
656 162 255
801 162 28
278 162 48
484 162 2
801 657 735
796 657 490
278 657 465
656 657 448
753 657 377
484 657 202
753 273 1120
278 273 713
796 273 669
801 273 609
656 273 576
484 273 526
278 433 909
801 433 438
753 433 431
656 433 413
796 433 413
484 433 324
3 656 932
218 656 617
44 656 574
356 656 449
370 656 433
3 484 1100
356 484 949
54 484 349
44 484 291
370 484 142
356 753 687
44 753 543
218 753 53
3 278 1190
218 278 994
54 278 490
356 278 408
44 278 304
370 278 142
370 796 1024
54 796 1
218 801 530
54 801 880
44 801 8
94 54 1084
507 54 6
78 54 7
307 54 1
87 370 1226
94 370 1116
312 370 598
507 370 530
78 370 346
307 370 344
307 3 421
507 3 712
375 3 302
312 3 24
507 44 833
87 44 227
77 218 1067
87 218 560
507 218 514
94 218 506
78 218 395
312 218 274
507 356 1001
87 356 797
78 356 404
375 356 364
77 356 328
312 356 297
311 78 326
251 78 226
251 94 541
170 94 1008
250 94 736
175 94 13
402 77 270
407 77 72
311 87 60
251 87 331
407 87 59
175 312 735
311 312 454
251 312 411
175 307 1129
170 307 839
250 307 829
311 307 782
331 307 489
251 307 346
407 307 292
407 507 132
251 507 79
407 375 1268
402 375 875
311 375 609
331 375 201
208 407 1289
362 407 653
298 407 559
266 407 261
298 175 674
208 175 380
266 175 303
362 175 201
298 170 1152
428 170 919
208 170 635
266 170 280
208 402 1289
362 402 904
298 402 898
266 402 261
208 311 967
298 251 639
428 251 367
362 250 1106
428 250 919
208 250 336
298 250 256
266 250 197
208 331 716
298 331 450
266 331 340
362 331 257
214 208 1111
374 208 352
377 219 536
382 219 358
374 298 709
355 298 267
355 428 833
382 428 808
214 428 635
374 428 635
377 428 615
374 266 1208
214 266 511
355 266 269
214 362 460
374 362 326
68 242 1103
101 382 1026
101 377 723
152 377 723
101 355 924
152 374 913
101 374 760
152 214 1300
68 214 555
101 214 525
