260
128 14 639
551 14 1006
128 399 575
347 399 392
15 399 752
551 399 237
220 399 851
55 399 842
504 399 319
128 424 459
347 424 165
15 424 752
551 424 206
220 424 901
55 424 459
504 424 217
128 499 384
347 499 141
15 499 860
551 499 196
220 499 638
55 499 444
504 499 217
128 512 482
347 512 278
15 512 752
551 512 630
220 512 532
55 512 1026
128 514 482
347 514 332
15 514 752
551 514 415
220 514 532
55 514 654
504 514 213
128 635 560
347 635 231
15 635 752
551 635 516
220 635 532
55 635 560
504 635 213
128 648 243
347 648 145
15 648 667
551 648 347
220 648 423
55 648 635
504 648 635
128 742 243
347 742 218
15 742 429
551 742 329
220 742 501
55 742 460
128 762 139
347 762 129
15 762 752
551 762 602
220 762 1139
55 762 460
128 784 181
347 784 211
15 784 703
551 784 351
220 784 544
55 784 642
504 784 170
128 838 409
347 838 616
15 838 960
551 838 564
220 838 544
55 838 642
504 838 170
128 878 211
347 878 455
15 878 513
551 878 564
220 878 455
55 878 642
504 878 170
128 1013 354
347 1013 256
551 1013 407
220 1013 968
347 218 272
15 218 9
551 218 59
220 218 954
504 218 230
556 128 1220
781 128 795
764 128 21
643 128 166
339 128 42
781 347 1202
339 347 894
627 347 801
793 347 710
764 347 522
556 347 503
643 347 258
793 15 1090
556 15 1038
339 15 1057
781 15 53
627 15 5
781 551 1008
793 551 710
556 551 639
339 551 557
627 551 398
764 551 226
556 220 1043
793 220 1274
781 220 1215
781 55 557
556 55 1110
339 55 1
781 504 1008
793 504 710
556 504 639
339 504 557
627 504 339
764 504 181
52 643 705
116 643 655
330 643 473
1 643 343
138 764 33
116 793 603
349 793 118
1 627 807
330 627 354
116 627 151
349 339 1096
32 339 1067
116 339 882
1 339 809
138 339 554
330 339 394
52 339 338
52 781 996
116 781 798
138 781 1157
116 556 1234
349 556 1098
138 556 1004
1 556 967
330 556 891
32 556 628
52 556 338
241 32 1128
76 32 1
241 349 840
76 349 610
129 349 525
412 349 412
143 349 223
129 1 772
241 1 28
241 330 1074
50 330 896
129 330 525
76 330 345
412 330 256
143 330 223
241 116 1074
375 116 967
50 116 301
129 116 260
143 52 38
50 52 348
375 52 2
375 138 967
241 138 706
129 138 683
175 50 271
408 50 31
351 50 6
263 129 959
175 129 661
297 129 658
307 129 534
408 129 326
351 129 251
307 241 608
263 241 310
402 375 881
297 375 651
263 375 433
307 143 608
402 143 544
297 143 521
263 143 508
402 412 911
408 412 835
263 412 504
297 412 188
175 412 181
408 415 885
402 415 678
297 415 538
263 415 504
264 175 829
298 175 660
374 175 641
208 175 575
303 175 406
374 351 634
298 351 378
208 351 367
303 351 299
264 351 245
273 402 1298
208 402 1296
374 402 1018
298 402 924
360 402 660
303 402 145
208 307 771
303 307 682
264 307 644
360 307 462
208 408 1152
374 408 892
273 408 838
298 408 691
264 263 475
298 263 448
303 263 335
360 263 194
374 263 169
264 297 443
208 297 367
303 297 354
298 297 212
214 208 1127
326 208 355
374 208 328
326 360 885
214 360 554
326 374 758
214 374 166
214 273 1127
374 273 735
374 303 842
374 298 932
382 298 293
101 382 1117
101 336 1280
133 336 1233
101 374 895
101 214 551
101 326 1295
133 326 528
96 341 1127
101 341 627
