111
333 451 379
622 451 474
531 451 378
763 451 943
333 458 291
622 458 501
531 458 378
763 458 997
333 513 316
622 513 474
531 513 271
763 513 164
333 576 701
622 576 963
531 576 206
763 576 997
333 601 404
622 601 363
531 601 222
763 601 1058
333 646 628
622 646 628
531 646 206
763 646 880
333 736 159
622 736 837
531 736 159
763 736 997
333 820 393
622 820 225
531 820 570
763 820 744
333 844 210
622 844 879
531 844 356
763 844 149
333 892 865
622 892 488
763 892 552
333 936 22
763 936 480
781 333 839
769 333 766
709 333 725
589 333 638
771 333 550
769 622 977
771 622 902
709 622 863
781 622 775
589 622 227
769 531 1005
781 531 954
771 531 550
589 531 211
709 531 141
771 763 1063
709 763 574
341 709 191
385 709 275
256 709 161
385 771 54
235 769 369
256 589 938
341 589 337
235 589 131
256 781 115
235 781 47
271 341 964
143 341 928
199 341 741
50 341 674
50 235 1014
143 235 964
271 235 624
199 235 590
271 256 964
143 256 928
50 256 157
50 385 1014
271 385 964
143 385 964
199 385 587
408 199 1049
175 199 1049
297 199 686
437 199 314
175 50 616
408 50 43
175 271 868
408 271 560
297 143 667
175 143 434
408 143 373
255 175 1003
310 175 982
208 175 279
360 175 91
208 408 612
310 408 530
255 408 208
208 437 1055
310 437 530
255 437 370
310 297 646
255 297 216
195 255 273
336 310 683
123 336 689
70 195 898
123 195 754
