281
605 14 101
436 14 553
166 14 588
542 14 273
345 14 49
605 432 515
436 432 216
166 432 179
778 432 487
542 432 575
254 432 750
658 432 682
345 432 409
605 498 532
436 498 233
166 498 285
778 498 487
542 498 575
254 498 750
658 498 287
345 498 472
605 648 534
436 648 312
166 648 851
778 648 897
542 648 203
254 648 534
658 648 828
345 648 182
605 651 563
436 651 488
166 651 437
778 651 532
542 651 575
254 651 914
345 651 179
605 675 811
436 675 271
166 675 437
778 675 437
542 675 575
254 675 750
658 675 437
345 675 255
605 755 515
436 755 300
166 755 179
778 755 487
542 755 575
254 755 750
658 755 633
345 755 302
605 766 449
166 766 179
778 766 677
542 766 575
254 766 750
658 766 633
345 766 142
605 784 595
436 784 241
778 784 607
542 784 218
254 784 218
658 784 349
345 784 480
605 789 506
166 789 477
778 789 340
542 789 414
254 789 775
658 789 558
345 789 475
605 816 634
166 816 288
778 816 340
542 816 400
254 816 513
658 816 850
345 816 475
605 833 479
436 833 211
778 833 607
542 833 151
254 833 241
658 833 797
345 833 479
605 838 595
436 838 211
166 838 288
778 838 607
542 838 321
254 838 241
658 838 373
345 838 480
605 869 506
436 869 402
166 869 304
778 869 340
542 869 414
254 869 549
658 869 494
345 869 467
605 895 383
166 895 477
778 895 607
542 895 311
658 895 850
345 895 475
436 995 409
166 995 8
542 995 40
658 995 4
345 995 231
436 1011 416
166 1011 580
658 1011 5
345 1011 5
738 605 1138
627 605 1039
815 605 401
643 605 314
781 436 995
815 436 933
738 436 713
643 436 379
738 166 182
643 778 259
738 542 948
627 542 819
781 542 669
815 542 512
815 254 982
781 254 824
643 254 40
815 658 1080
781 658 971
627 658 798
738 658 725
643 658 459
815 345 951
738 345 627
627 345 538
643 345 466
781 345 355
463 643 1236
122 643 1121
52 643 658
375 643 225
375 815 514
463 815 7
122 738 1233
13 738 1255
286 738 4
463 627 1280
122 627 1121
13 627 393
138 781 894
52 781 987
375 781 213
122 781 1
375 122 1209
361 122 1139
129 122 944
415 122 663
226 122 338
367 122 122
375 286 586
129 286 586
415 286 283
361 375 773
307 375 767
94 375 539
375 375 409
367 375 320
375 13 1296
415 13 6
307 52 73
375 52 7
375 138 1019
226 138 591
361 138 494
367 138 380
94 138 276
375 463 1300
415 463 583
226 463 522
361 463 333
94 463 151
367 463 149
297 226 1257
175 226 581
263 226 228
297 129 1085
263 129 837
307 129 679
175 129 604
235 129 597
408 129 329
175 94 20
307 94 115
263 94 4
175 307 1199
408 307 1181
263 307 675
297 307 668
307 307 580
235 367 1211
263 367 625
297 367 566
408 367 385
307 367 312
402 375 1158
297 375 904
263 375 443
235 361 1216
263 361 837
297 415 951
402 415 850
235 415 767
408 415 685
263 415 421
411 175 850
303 175 632
298 175 582
208 175 500
360 175 130
208 402 1297
298 402 828
360 402 645
303 402 256
411 307 949
303 307 757
360 307 637
208 307 450
208 408 1101
298 408 681
303 263 526
360 263 463
298 263 420
411 263 255
303 235 964
411 235 862
360 235 637
298 235 415
411 297 862
303 297 471
208 297 330
408 208 1093
214 208 979
154 208 847
374 208 387
326 208 336
326 360 842
152 360 736
214 360 465
154 360 465
374 303 935
408 303 845
152 303 736
154 303 653
374 298 1058
408 298 200
382 298 200
154 298 200
214 411 1113
382 411 1013
154 411 980
377 411 701
374 411 362
326 411 340
76 152 1273
101 382 1017
101 377 825
101 374 854
76 214 576
101 326 1296
133 326 539
101 408 1294
133 408 789
76 154 698
