273
474 430 255
495 430 403
797 430 677
512 430 477
324 430 652
296 430 424
474 445 559
495 445 368
797 445 702
512 445 392
324 445 339
296 445 440
474 451 600
495 451 528
797 451 474
512 451 440
324 451 612
296 451 150
474 540 172
495 540 333
797 540 374
324 540 737
296 540 157
474 573 228
495 573 327
797 573 716
512 573 474
324 573 308
296 573 396
474 655 665
495 655 541
797 655 467
512 655 487
324 655 631
296 655 440
474 686 162
495 686 436
797 686 452
512 686 436
324 686 310
296 686 619
474 737 407
495 737 315
797 737 918
512 737 463
324 737 487
296 737 407
474 781 554
495 781 393
797 781 651
512 781 286
324 781 484
296 781 463
474 784 675
495 784 498
797 784 957
512 784 260
324 784 263
296 784 463
474 839 140
495 839 393
797 839 361
512 839 265
324 839 143
296 839 309
474 878 289
495 878 662
797 878 814
512 878 204
324 878 289
296 878 494
495 568 543
797 568 456
512 568 255
324 568 596
296 568 213
495 834 479
797 834 957
512 834 154
324 834 695
296 834 463
797 3 782
512 3 519
324 3 303
581 474 1103
693 474 645
691 474 581
796 474 561
611 474 490
626 474 466
691 495 659
693 495 659
611 495 492
581 495 470
626 495 466
796 495 449
581 797 89
796 797 166
693 797 679
626 797 1
796 512 788
693 512 711
691 512 699
611 512 582
581 512 505
626 512 305
796 324 697
626 324 675
691 324 581
611 324 539
693 324 350
581 324 308
691 296 581
581 296 505
626 296 466
796 296 418
693 296 385
611 296 197
463 581 798
1 581 711
304 581 642
483 581 586
142 581 384
99 581 215
1 796 84
142 796 764
370 796 721
483 796 480
99 796 47
304 796 1
463 693 1255
304 693 660
483 693 539
370 693 488
142 693 323
99 693 215
483 691 648
370 691 493
90 691 405
1 691 329
463 691 315
304 691 315
25 691 283
99 691 260
142 691 241
463 626 1083
483 626 814
304 626 614
370 626 493
90 626 405
99 626 260
142 626 206
463 611 1083
483 611 814
304 611 614
370 611 493
90 611 405
99 611 260
142 611 136
415 304 990
39 304 433
172 304 372
325 304 372
87 304 309
87 1 502
325 90 43
87 370 1019
412 370 663
325 370 562
39 370 257
172 370 247
412 483 410
172 483 320
325 483 400
87 25 41
87 99 293
325 99 333
412 99 7
172 99 26
412 142 866
87 142 686
325 142 486
415 142 293
172 142 287
39 142 276
412 463 555
415 463 478
39 463 349
87 463 308
408 412 1055
436 412 785
241 412 557
307 412 302
226 412 246
438 87 393
226 87 205
241 87 168
226 39 384
307 39 14
307 172 510
193 172 506
438 172 453
241 172 388
226 172 379
408 415 950
436 415 615
307 415 302
226 415 293
241 415 195
307 325 652
193 325 592
408 325 516
226 325 379
436 325 284
241 325 236
438 325 234
360 438 656
208 438 579
303 438 501
267 438 414
168 438 196
360 226 631
303 226 631
208 226 311
168 307 947
264 307 773
303 307 663
202 307 583
267 307 480
208 307 429
360 307 422
208 408 755
267 408 414
360 408 155
168 193 1036
267 193 682
264 193 580
360 193 427
202 193 401
303 193 387
208 193 270
208 436 557
267 436 414
303 436 253
360 436 210
168 241 859
267 241 606
264 241 580
202 241 555
360 241 486
303 241 479
388 208 872
340 208 375
389 208 288
389 202 951
340 360 580
343 303 369
389 303 244
389 264 1174
379 264 504
349 264 352
389 267 937
379 267 504
388 168 1151
340 168 1084
69 349 930
134 349 796
69 343 1050
69 389 1089
134 379 1210
134 340 787
134 388 1099
69 388 647
