213
462 391 430
601 391 322
48 391 869
143 391 763
128 391 632
646 391 399
434 391 857
462 459 430
601 459 470
48 459 1077
143 459 763
128 459 632
646 459 221
434 459 857
462 460 731
601 460 302
48 460 802
143 460 763
128 460 632
646 460 497
434 460 857
462 482 521
601 482 339
48 482 639
143 482 329
128 482 632
646 482 399
434 482 857
462 495 430
601 495 391
48 495 844
143 495 763
128 495 632
646 495 149
434 495 857
462 506 430
601 506 440
48 506 788
143 506 763
128 506 632
646 506 403
434 506 857
462 557 430
601 557 262
48 557 639
143 557 329
128 557 632
646 557 262
434 557 857
462 674 430
601 674 129
48 674 926
143 674 774
128 674 632
646 674 220
434 674 857
462 716 430
601 716 322
48 716 639
143 716 486
128 716 632
646 716 334
434 716 857
462 886 702
601 886 657
48 886 583
143 886 792
128 886 602
646 886 483
434 886 374
601 990 4
143 990 1018
715 462 1071
803 462 927
747 462 597
729 462 545
715 601 1228
718 601 1039
803 601 799
729 601 324
715 48 864
803 48 18
729 143 1048
803 143 1160
747 143 863
715 143 1133
729 128 957
715 128 92
803 128 2
715 646 1073
803 646 660
718 646 641
747 646 201
729 646 150
715 434 1004
803 434 918
747 434 725
729 434 545
718 434 219
470 747 1036
461 747 1051
470 803 920
461 803 987
442 803 1
432 718 190
463 718 4
470 715 974
442 715 814
432 715 774
461 715 1094
432 729 61
442 729 41
470 729 10
402 32 69
234 32 11
234 442 1024
375 442 559
387 442 396
415 442 255
402 442 231
375 432 755
234 432 671
415 432 282
234 461 1024
387 461 577
394 461 577
402 461 489
368 461 489
415 461 380
234 470 1059
402 470 282
375 463 1298
234 463 662
415 463 511
411 368 833
433 368 401
436 375 882
398 375 539
408 375 272
408 234 669
436 234 521
100 234 480
398 234 363
364 234 239
433 402 1179
408 402 392
433 394 805
408 394 732
436 394 587
398 394 573
436 387 1044
398 387 984
408 387 732
433 387 500
408 415 1008
436 415 621
398 415 621
433 415 277
402 364 636
424 364 621
208 364 279
267 411 454
208 411 454
424 411 451
440 411 189
402 411 189
168 100 255
424 100 7
208 408 836
402 408 763
440 408 596
267 408 454
424 408 431
208 433 1299
402 433 763
267 433 686
440 433 548
424 433 431
424 398 571
440 398 571
208 398 444
402 398 444
208 436 747
267 436 454
424 436 221
402 436 221
440 436 221
388 208 1024
363 208 618
379 402 622
385 402 622
349 402 372
379 424 1013
385 424 967
388 424 695
349 424 206
379 440 1013
385 440 967
388 440 546
349 440 445
363 267 548
379 267 499
359 267 379
388 168 1151
69 363 1121
69 359 1300
134 359 1261
69 349 1017
134 349 880
134 388 1199
69 388 713
69 385 1121
134 379 1261
