440
146 155 1013
657 155 46
161 155 9
85 155 9
9 155 111
159 155 829
146 236 876
665 236 230
657 236 1
161 236 481
148 236 3
85 236 393
9 236 14
159 236 547
146 328 151
657 328 231
161 328 370
148 328 633
201 328 349
85 328 455
146 352 805
148 352 52
9 352 9
159 352 396
146 406 1036
257 406 303
665 406 197
161 406 315
148 406 610
201 406 537
85 406 761
159 406 610
146 423 1020
257 423 191
665 423 217
657 423 147
161 423 282
148 423 781
201 423 180
85 423 761
9 423 283
159 423 186
146 426 673
257 426 264
665 426 212
657 426 333
161 426 282
148 426 452
201 426 383
85 426 556
9 426 148
159 426 268
146 462 1028
257 462 264
665 462 217
657 462 201
161 462 593
148 462 978
201 462 272
85 462 972
9 462 593
159 462 273
146 535 657
257 535 275
665 535 321
657 535 326
161 535 372
148 535 452
201 535 383
85 535 399
9 535 321
159 535 372
146 589 847
257 589 191
665 589 340
657 589 238
161 589 282
148 589 590
201 589 168
85 589 761
9 589 388
159 589 158
146 595 944
257 595 213
665 595 345
657 595 303
161 595 315
148 595 944
201 595 537
85 595 944
9 595 303
159 595 537
146 664 1036
257 664 359
665 664 486
657 664 252
161 664 282
148 664 452
201 664 349
85 664 761
9 664 234
159 664 688
146 682 499
257 682 246
665 682 117
657 682 155
161 682 335
148 682 471
201 682 246
85 682 246
9 682 335
159 682 273
146 730 733
257 730 264
657 730 146
161 730 412
148 730 962
201 730 537
85 730 733
9 730 283
159 730 672
146 737 1036
257 737 191
665 737 174
657 737 206
161 737 414
148 737 978
201 737 169
85 737 972
9 737 263
159 737 273
146 771 204
257 771 364
657 771 528
161 771 410
148 771 627
85 771 265
9 771 531
159 771 698
146 826 599
257 826 139
665 826 201
657 826 188
161 826 348
148 826 311
201 826 425
85 826 216
9 826 201
159 826 717
146 846 131
257 846 325
665 846 242
657 846 347
148 846 347
201 846 471
85 846 147
9 846 573
159 846 407
146 853 599
257 853 364
665 853 419
657 853 183
161 853 414
201 853 337
85 853 117
9 853 663
159 853 717
146 857 349
257 857 325
665 857 192
657 857 528
161 857 524
148 857 369
85 857 265
9 857 663
159 857 213
146 910 719
657 910 150
161 910 277
148 910 984
201 910 117
159 910 10
146 949 1136
657 949 25
161 949 536
201 949 9
85 949 168
9 949 165
159 949 215
146 967 439
257 967 334
665 967 147
161 967 727
201 967 15
146 1003 648
148 1003 97
201 1003 3
9 1003 19
159 1003 2
257 957 89
161 957 9
148 957 970
665 987 12
657 987 6
161 987 309
159 987 144
723 146 466
783 146 132
658 146 8
79 146 81
328 146 108
747 146 6
677 146 1
79 257 977
723 257 779
747 257 752
677 257 539
801 257 408
605 257 340
328 257 312
783 257 304
658 257 198
783 665 908
658 665 596
801 665 435
747 665 296
723 665 293
328 665 220
801 657 653
723 657 614
783 657 298
658 657 250
328 657 220
79 657 176
605 657 141
783 161 945
328 161 1024
747 161 321
677 161 208
723 161 35
658 161 22
79 148 265
328 148 283
783 148 621
723 148 21
605 201 477
801 201 1102
328 201 228
79 201 2
747 85 627
783 85 277
605 85 152
783 9 370
328 9 254
747 9 15
801 9 8
783 159 318
658 159 297
723 159 7
35 747 1196
19 747 26
364 79 1150
1 79 124
264 79 431
41 79 15
264 723 592
364 723 428
1 723 63
41 723 284
35 723 3
47 783 947
463 783 64
41 783 12
19 328 912
264 328 429
47 328 429
41 328 429
1 328 379
54 328 337
35 328 237
364 328 210
264 658 398
35 658 323
463 658 182
364 658 163
54 801 944
41 677 892
54 677 839
35 677 323
364 677 163
463 677 148
35 605 908
41 605 877
1 605 556
463 605 431
264 605 398
54 605 393
47 605 268
364 605 170
94 54 1025
412 54 27
402 54 339
94 1 628
87 1 178
77 1 188
24 19 1121
18 19 5
412 41 154
375 41 129
24 41 162
415 41 15
402 41 2
18 35 1070
77 35 9
375 35 5
87 35 8
39 364 933
412 364 862
94 364 645
87 364 331
77 364 292
18 364 230
375 364 180
94 264 735
18 264 734
412 264 505
402 264 341
77 264 218
24 264 209
375 264 209
77 47 1298
87 47 120
412 47 9
402 47 1
375 463 1296
77 463 1014
415 463 605
412 463 299
94 463 190
87 463 139
39 463 130
170 94 928
250 94 663
175 94 13
377 94 8
408 94 1
407 87 124
223 87 10
407 77 44
100 77 8
408 24 4
407 375 1266
175 39 429
100 39 41
100 18 532
208 18 4
377 402 442
208 402 442
408 402 442
407 402 311
175 402 165
170 402 158
408 412 887
407 412 566
208 412 410
250 412 206
407 415 954
408 415 889
208 415 497
298 208 724
168 208 483
208 208 426
362 208 220
168 100 279
362 100 25
298 100 2
208 407 1277
298 407 777
362 407 622
266 407 289
298 175 759
208 175 464
266 175 371
168 175 371
362 175 184
362 250 1112
168 250 943
208 250 358
266 250 292
298 250 164
298 170 1236
168 170 943
208 170 653
266 170 279
362 408 1002
208 408 940
298 408 905
266 408 289
298 223 674
362 223 628
208 223 532
168 223 409
266 223 335
168 377 1261
266 377 1177
362 377 370
214 208 1126
388 208 886
374 208 395
340 208 395
330 208 395
374 298 1000
343 298 251
355 298 216
340 168 1121
388 168 1122
330 168 457
214 362 630
374 362 436
340 362 436
330 362 436
374 266 1201
214 266 553
355 266 313
69 330 1081
101 330 962
134 330 708
101 343 1010
69 343 968
101 349 1278
69 349 854
134 349 708
69 355 1287
101 355 1062
101 374 888
134 214 1150
101 214 661
134 340 566
134 388 1020
101 388 901
