122
665 402 1002
800 402 940
744 402 858
109 402 842
665 512 703
800 512 966
744 512 966
109 512 703
665 554 1002
800 554 1290
744 554 234
109 554 234
665 616 1002
800 616 940
744 616 476
109 616 614
665 625 1002
800 625 1233
744 625 258
665 679 465
800 679 1098
744 679 1098
109 679 574
665 773 404
800 773 1088
744 773 800
109 773 749
665 777 640
800 777 1088
744 777 251
109 777 557
665 822 448
800 822 368
744 822 1143
109 822 710
665 829 864
800 829 800
744 829 248
109 829 557
800 20 1100
686 665 1211
769 665 513
810 665 269
769 800 138
686 800 85
810 800 29
769 744 542
787 744 608
787 109 1297
810 109 249
500 810 391
485 810 1
52 810 10
277 787 1205
485 787 1193
52 787 41
500 787 100
52 769 142
500 769 235
500 686 788
52 686 750
277 686 386
159 686 386
485 686 274
403 485 857
456 485 1270
412 485 265
456 500 498
403 500 1024
50 500 556
403 159 1054
50 159 707
456 159 509
412 159 300
403 277 1054
456 277 873
412 277 255
50 52 759
456 52 968
52 50 1298
416 403 1251
412 403 1244
52 403 1009
232 403 958
437 403 616
232 412 1249
52 412 912
416 412 666
412 412 666
437 412 616
232 456 352
416 414 883
412 414 757
52 414 708
232 414 708
437 414 397
360 232 862
264 232 712
140 232 654
228 232 406
208 437 1264
228 437 983
140 437 453
140 416 868
208 416 323
228 416 323
264 52 51
360 52 1
140 412 1167
228 412 259
360 412 210
214 208 1148
214 360 508
379 264 551
195 228 867
214 228 562
336 228 508
134 336 1298
69 336 1255
134 214 1238
134 195 842
134 379 1222
