138
804 400 1126
795 400 937
306 400 205
804 407 1126
795 407 937
306 407 275
804 473 832
795 473 1079
306 473 843
804 480 1126
795 480 1079
306 480 843
804 484 1126
795 484 937
306 484 275
804 636 1094
795 636 1079
306 636 843
804 784 130
795 784 745
306 784 676
804 788 1097
795 788 148
306 788 291
804 103 559
804 957 377
779 804 1128
797 804 1263
797 795 1040
761 795 1231
779 795 333
698 795 1
761 306 1238
797 306 958
698 306 665
779 306 659
431 698 1117
405 698 1091
428 698 1025
69 761 929
317 761 8
317 797 347
69 797 1180
431 797 244
499 797 60
499 779 922
317 779 24
405 779 11
413 317 1015
409 317 591
391 317 515
121 317 432
415 405 1000
413 405 963
409 405 869
414 405 370
391 405 245
415 428 1058
414 428 1058
409 428 747
413 428 333
391 499 461
409 499 726
121 499 34
121 69 1028
409 69 69
413 69 40
415 431 1000
413 431 963
409 431 869
391 431 196
439 409 1267
408 409 1178
416 409 1114
396 409 768
436 409 438
398 409 211
398 413 1191
436 413 1179
408 413 1151
416 413 895
439 413 625
396 413 175
396 121 64
439 391 1267
396 391 1042
416 391 947
408 391 576
436 391 438
408 415 1007
398 415 892
436 415 892
416 415 796
396 415 768
439 415 247
398 414 1191
436 414 1179
416 414 974
439 414 935
396 414 768
408 414 422
374 436 1064
208 436 528
324 436 486
267 436 316
374 408 1072
208 408 892
324 408 626
267 408 316
374 398 1212
324 398 486
208 398 340
374 396 1212
208 396 746
324 396 486
264 396 181
374 416 1139
324 416 486
208 416 286
374 439 1212
324 439 486
208 439 443
267 439 316
264 439 143
342 208 879
368 374 830
152 374 629
348 264 1070
368 264 364
152 264 282
348 267 835
368 267 740
342 324 601
348 324 467
152 342 1141
76 152 1272
152 368 766
152 348 1286
