346
584 407 369
665 407 207
685 407 703
657 407 369
698 407 307
710 407 1048
719 407 1244
584 548 367
665 548 155
685 548 240
657 548 300
578 548 355
698 548 307
710 548 1048
719 548 1135
584 608 309
665 608 297
657 608 179
578 608 319
698 608 313
710 608 1048
719 608 1125
584 652 367
665 652 495
685 652 470
657 652 263
578 652 367
698 652 307
710 652 877
719 652 877
584 782 296
665 782 256
685 782 296
657 782 239
578 782 548
698 782 632
710 782 296
719 782 396
584 784 690
665 784 579
685 784 275
657 784 258
578 784 516
698 784 632
710 784 761
719 784 805
584 797 527
665 797 427
685 797 445
657 797 799
578 797 511
698 797 391
710 797 149
719 797 580
584 823 252
665 823 427
685 823 445
657 823 598
578 823 604
698 823 391
719 823 777
584 843 690
665 843 427
685 843 445
657 843 258
578 843 170
698 843 404
710 843 107
719 843 805
584 844 642
665 844 404
685 844 702
657 844 182
578 844 516
698 844 632
710 844 170
719 844 182
584 845 252
665 845 427
685 845 445
657 845 177
578 845 516
698 845 632
710 845 219
719 845 177
584 859 690
665 859 256
685 859 242
657 859 258
578 859 516
698 859 404
710 859 483
719 859 805
584 866 505
665 866 427
685 866 445
657 866 338
578 866 516
698 866 504
710 866 219
719 866 669
584 878 642
665 878 388
685 878 388
657 878 351
578 878 516
698 878 632
710 878 219
719 878 314
584 883 194
665 883 233
685 883 323
657 883 321
578 883 294
698 883 320
710 883 219
719 883 589
584 889 353
665 889 427
685 889 445
578 889 516
698 889 468
710 889 540
719 889 506
584 921 379
665 921 630
685 921 11
657 921 91
578 921 128
698 921 224
719 921 1068
695 584 559
686 584 545
805 584 285
617 584 214
658 584 214
801 584 190
640 584 175
658 665 884
801 665 633
617 665 412
686 665 312
640 665 277
695 665 154
805 665 116
801 685 716
805 685 449
617 685 437
686 685 406
640 685 282
695 685 282
658 685 164
801 657 716
686 657 406
617 657 388
695 657 267
658 657 213
805 657 213
640 657 144
658 578 1013
801 578 952
617 578 545
805 578 449
640 578 277
686 578 170
695 578 154
805 698 572
695 698 559
658 698 546
617 698 437
686 698 409
640 698 308
801 698 188
805 710 240
686 710 227
640 710 611
695 710 301
617 710 161
617 719 371
658 719 197
805 719 84
416 640 748
54 640 747
456 640 744
457 640 626
457 658 1218
416 658 1116
456 658 735
54 658 262
457 805 75
54 805 105
416 805 32
456 695 1213
457 695 1131
416 695 1116
463 695 366
463 686 1293
416 686 748
54 686 747
456 686 744
457 686 626
54 801 1198
457 801 452
457 617 1131
416 617 1116
456 617 811
49 617 783
463 617 480
54 617 262
220 54 518
94 54 945
78 54 10
412 54 23
307 54 1
394 54 1
387 416 1113
394 416 1100
375 416 854
387 456 1113
394 456 1100
375 456 854
412 456 492
307 456 392
220 456 202
78 49 1121
375 457 1262
387 457 1113
394 457 1100
412 457 461
307 457 411
78 457 189
220 457 162
375 463 1297
220 463 549
415 463 548
94 463 179
412 463 155
394 463 155
387 463 155
408 78 51
385 78 4
250 94 936
170 94 1169
408 307 1170
170 307 1037
250 307 981
398 307 676
436 307 469
193 307 300
436 375 754
398 375 497
385 375 416
408 375 270
408 394 684
385 394 579
436 394 568
170 394 447
398 394 441
250 394 312
193 394 164
436 387 1135
398 387 851
408 387 684
385 387 579
170 387 449
193 387 164
385 415 887
408 415 802
398 415 591
436 415 591
385 412 1150
408 412 929
398 412 851
436 412 851
250 412 346
385 220 1245
170 220 1037
250 220 981
398 220 735
436 220 285
298 170 1235
168 170 965
208 170 649
266 170 250
358 170 159
362 408 1058
298 408 971
208 408 839
358 408 684
266 408 323
208 385 1248
298 385 363
362 385 327
358 385 327
266 385 287
362 250 1176
168 250 965
358 250 591
208 250 377
298 250 312
266 250 234
168 193 950
362 193 261
208 193 177
362 398 1058
358 398 684
208 398 518
266 398 323
298 436 971
208 436 791
266 436 323
358 436 271
388 208 954
340 208 394
330 208 394
379 358 761
330 358 724
340 358 724
349 358 438
385 358 339
379 298 732
385 298 539
355 298 331
340 298 226
330 298 226
355 266 412
340 362 491
330 362 491
340 168 1116
388 168 1171
330 168 493
69 330 1162
101 330 1003
134 330 797
101 349 1279
69 349 972
134 349 797
69 355 1298
101 355 1127
134 388 1088
101 388 915
69 388 683
134 340 778
69 385 1060
101 385 660
134 379 1225
