197
145 95 588
105 95 466
581 95 205
145 357 1168
64 357 1031
105 357 378
145 478 1055
769 478 937
64 478 408
105 478 955
581 478 814
702 478 174
145 498 1077
769 498 937
64 498 240
105 498 713
581 498 814
702 498 530
145 559 1077
769 559 937
64 559 408
105 559 955
581 559 814
702 559 124
145 762 396
769 762 484
64 762 1068
105 762 624
145 784 809
769 784 851
64 784 971
105 784 543
581 784 172
702 784 853
145 833 365
769 833 959
64 833 524
105 833 373
581 833 506
702 833 853
145 836 276
769 836 818
105 836 842
581 836 506
702 836 853
145 848 568
769 848 818
64 848 738
105 848 842
581 848 372
702 848 339
145 881 321
769 881 368
64 881 477
105 881 373
581 881 506
702 881 853
769 60 890
581 60 22
64 352 404
105 352 945
702 352 30
724 145 80
627 145 103
643 145 22
738 145 13
680 145 14
724 769 316
680 769 209
627 769 35
724 64 1102
680 64 1201
680 105 328
738 105 137
643 581 1139
680 581 953
738 581 863
627 581 730
651 581 467
724 581 218
680 702 1176
724 702 1059
643 702 1012
738 702 863
627 702 771
651 702 425
3 643 1024
122 643 1024
310 643 822
284 643 786
0 643 438
62 643 191
284 724 923
286 724 646
122 724 205
3 724 60
310 724 20
0 738 1082
122 738 1135
310 738 46
62 627 1280
3 627 1164
122 627 985
284 627 806
310 627 602
0 627 379
62 651 1280
3 651 1115
122 651 985
310 651 911
284 651 786
286 651 267
62 680 1280
3 680 1177
284 680 806
310 680 602
0 680 379
286 680 283
122 680 234
375 122 965
83 122 770
509 122 677
62 122 542
509 286 493
375 286 423
241 286 379
83 286 298
62 286 284
307 286 247
509 0 117
62 0 9
62 3 524
307 3 479
83 3 826
375 3 195
62 62 824
83 62 1227
509 62 246
307 62 199
375 284 1209
83 284 519
241 284 366
509 284 316
62 284 284
62 310 542
83 310 377
241 310 349
509 310 345
307 310 315
114 509 1
208 62 885
408 62 440
114 62 10
175 83 231
408 83 96
114 241 1199
263 241 383
408 307 1210
175 307 1153
263 307 796
114 307 452
402 375 1112
114 375 638
263 375 558
351 375 236
289 208 1140
365 208 648
198 208 413
140 208 345
208 208 272
289 175 948
365 175 830
208 175 619
140 175 336
198 175 221
198 114 1086
198 351 913
365 351 471
208 351 244
140 402 1299
208 402 1297
198 402 258
208 408 1103
140 408 915
198 408 258
198 263 944
289 263 906
408 208 1147
214 208 1094
408 198 360
214 365 476
408 365 472
408 289 1096
214 289 627
101 214 578
101 408 1294
96 408 843
