261
788 406 407
812 406 1045
510 406 407
453 406 407
75 406 617
305 406 894
788 466 363
812 466 1045
510 466 287
453 466 432
75 466 428
305 466 894
788 502 597
812 502 1045
510 502 752
453 502 255
75 502 428
305 502 894
788 522 488
812 522 1045
510 522 257
453 522 232
75 522 597
305 522 894
788 634 578
812 634 1045
510 634 305
453 634 336
75 634 560
305 634 894
788 673 620
812 673 1045
510 673 257
453 673 506
75 673 519
305 673 894
788 695 293
812 695 1045
510 695 317
453 695 296
75 695 615
305 695 894
788 746 620
812 746 894
510 746 256
453 746 265
75 746 617
305 746 418
788 753 620
812 753 609
510 753 305
453 753 273
75 753 527
305 753 134
788 754 425
812 754 957
510 754 317
453 754 255
75 754 702
305 754 894
788 776 105
812 776 464
510 776 205
453 776 452
75 776 669
305 776 257
788 786 512
812 786 876
510 786 658
453 786 452
75 786 604
305 786 200
788 788 512
812 788 155
510 788 688
453 788 439
75 788 749
305 788 292
788 804 505
812 804 464
510 804 446
453 804 439
75 804 429
305 804 290
788 806 512
812 806 770
510 806 688
453 806 492
75 806 749
305 806 305
788 820 512
812 820 770
510 820 688
453 820 439
75 820 749
305 820 243
788 842 342
812 842 804
510 842 205
453 842 656
75 842 808
305 842 447
75 928 621
305 928 227
796 788 641
703 788 357
605 788 9
651 788 1
796 812 793
636 812 233
636 510 911
651 510 866
796 510 464
703 510 302
605 510 296
796 453 779
636 453 631
703 453 616
651 453 599
605 453 296
796 75 1090
651 305 866
636 305 749
703 305 492
605 305 296
796 305 166
1 636 1063
297 636 957
413 636 888
469 636 740
56 636 381
142 636 340
413 796 67
142 796 967
56 796 762
1 796 237
1 651 1063
413 651 1040
142 651 530
297 651 525
469 651 458
56 651 369
413 605 1040
469 605 917
1 605 781
142 605 595
297 605 389
1 703 1063
413 703 1040
56 703 742
469 703 620
297 703 525
142 703 340
87 1 529
337 1 273
413 1 33
413 413 912
402 413 860
87 413 807
412 413 610
313 469 1208
337 469 643
412 469 405
413 469 80
402 469 5
313 297 948
413 297 587
402 297 587
412 297 415
87 297 385
337 142 1023
402 142 986
412 142 902
87 142 616
415 142 247
413 142 246
87 56 1127
313 56 361
337 56 160
17 337 999
433 337 618
309 337 606
408 337 341
180 337 328
100 337 314
88 337 226
433 87 70
408 413 1154
433 413 462
309 413 410
433 402 1237
408 402 825
180 402 493
309 402 437
17 402 189
17 313 999
433 313 606
180 313 583
408 313 454
309 313 298
408 415 1154
309 415 410
180 415 379
433 415 263
408 412 841
17 412 444
433 412 443
180 412 379
168 100 316
168 88 19
208 408 952
298 408 773
423 408 358
208 433 1300
344 433 876
423 433 358
423 17 957
168 17 1289
298 17 4
423 309 598
344 309 555
298 309 365
168 309 256
208 180 990
423 180 575
168 180 502
344 180 502
298 180 497
214 208 1088
388 208 823
367 208 770
324 208 506
340 208 343
355 298 281
388 298 244
340 298 244
324 168 1045
340 168 1089
388 168 1137
367 168 830
388 423 1193
340 423 1141
324 423 1129
355 423 910
367 423 222
367 344 1122
214 344 615
355 344 348
388 344 324
101 355 1133
95 355 858
95 324 1258
133 324 883
101 324 534
101 214 635
95 388 1258
101 388 991
133 340 1300
101 340 599
133 367 1300
95 367 1258
