68
509 69 1065
541 69 242
509 221 52
526 221 526
509 394 1085
526 394 1025
256 394 970
541 394 1130
509 525 129
526 525 256
256 525 1184
509 782 560
526 782 650
256 782 634
541 782 210
509 784 758
526 784 1014
256 784 1194
541 784 1058
509 876 508
526 876 1014
256 876 594
541 876 594
509 887 716
526 887 877
256 887 716
541 887 743
509 893 560
526 893 472
256 893 1163
541 893 1058
756 509 1273
804 509 1094
756 526 1151
804 526 1151
756 256 1293
804 256 1261
756 541 1296
804 541 1261
419 756 1276
419 804 805
352 804 1268
447 419 1226
143 419 1199
434 419 726
143 417 1262
447 417 1254
434 417 337
447 352 1298
143 352 1123
434 352 1079
237 447 1279
373 447 1229
179 447 1147
373 434 1229
179 434 1147
237 434 1045
237 143 1129
373 143 802
208 237 642
264 237 520
264 373 529
264 179 984
348 208 306
389 264 1248
348 264 1153
133 389 996
133 348 1101
