138
665 219 2
745 219 1212
743 219 784
665 414 664
800 414 1276
745 414 1276
743 414 326
665 440 664
800 440 1259
745 440 1259
743 440 512
665 487 664
800 487 978
745 487 978
743 487 441
665 490 411
800 490 709
745 490 1060
743 490 484
665 496 664
800 496 1258
745 496 1258
743 496 484
665 625 664
800 625 1259
745 625 1259
743 625 427
665 642 411
800 642 1024
745 642 904
743 642 534
665 829 896
800 829 1169
745 829 284
743 829 734
752 665 1200
810 665 305
81 665 182
752 800 964
810 800 44
81 800 45
787 745 835
810 745 1
81 745 1
81 743 529
752 743 428
787 743 820
277 787 1226
395 787 15
308 787 7
395 810 802
308 810 1003
159 81 815
277 81 22
277 752 144
308 752 21
159 678 971
308 678 805
277 678 649
463 678 162
491 308 997
403 308 953
107 308 837
412 308 478
403 395 1143
413 395 774
412 395 706
107 395 678
189 395 317
491 159 1204
403 159 1008
412 159 327
107 159 267
403 277 1008
189 277 555
491 277 472
107 277 344
412 277 270
413 463 569
403 463 211
107 463 178
412 463 178
189 463 108
491 463 103
437 491 5
433 107 117
437 107 19
416 403 1271
412 403 1256
437 403 668
410 403 456
433 403 367
412 413 1227
416 413 1226
433 413 508
410 413 456
437 413 156
437 412 668
412 412 537
416 412 537
410 412 456
433 412 309
433 189 605
437 189 406
416 189 388
412 189 388
410 189 170
228 410 649
208 410 649
140 410 482
360 410 222
208 437 1157
228 437 1044
140 437 673
208 433 1300
228 433 975
360 433 364
140 433 302
140 416 933
228 416 455
208 416 455
360 416 208
140 412 1131
228 412 315
208 412 315
360 412 229
238 140 1094
214 208 1161
214 360 422
216 228 860
214 228 409
152 214 1300
76 214 820
76 216 1288
152 216 1180
76 152 1259
152 238 1300
76 238 592
