247
362 40 883
506 40 127
362 414 656
411 414 306
810 414 934
311 414 416
671 414 674
263 414 198
506 414 320
362 524 656
411 524 304
810 524 934
311 524 281
671 524 674
263 524 407
506 524 651
362 782 601
810 782 909
311 782 337
671 782 627
263 782 97
506 782 918
362 784 775
411 784 583
810 784 885
311 784 233
671 784 513
263 784 360
506 784 270
362 786 327
411 786 715
810 786 1185
311 786 472
671 786 627
263 786 111
506 786 918
362 822 377
411 822 174
810 822 1185
311 822 233
671 822 627
263 822 338
506 822 918
362 844 414
411 844 297
810 844 952
311 844 286
671 844 627
263 844 297
506 844 918
362 859 377
411 859 809
810 859 885
311 859 233
671 859 627
263 859 174
506 859 918
362 879 601
810 879 1146
311 879 337
671 879 627
506 879 918
362 887 377
810 887 660
311 887 337
671 887 627
263 887 123
506 887 918
789 362 1026
193 362 712
695 362 439
696 362 170
785 362 160
747 362 152
617 362 152
789 411 1075
747 411 862
785 411 436
193 411 436
617 411 416
695 411 221
695 810 150
789 810 869
789 311 1075
785 311 740
193 311 633
696 311 509
695 311 317
747 311 203
696 671 896
789 671 771
747 671 767
193 671 583
785 671 563
695 671 400
193 263 879
789 263 650
696 263 509
695 263 317
785 263 262
617 263 248
747 263 248
789 506 1026
193 506 879
785 506 727
696 506 509
617 506 411
695 506 317
403 747 42
139 193 406
321 193 6
456 696 1061
403 696 616
139 696 394
185 696 311
454 696 209
456 695 1061
185 695 337
403 785 56
185 785 11
321 789 1198
185 789 20
454 789 5
456 617 1061
403 617 616
185 617 311
139 617 197
387 456 982
394 456 953
375 456 789
412 456 624
73 456 211
387 454 606
394 454 606
375 454 471
78 454 447
415 454 396
412 454 297
390 454 221
78 185 456
412 185 317
375 185 301
387 403 923
394 403 864
415 403 513
375 403 471
78 403 214
73 139 1050
412 139 646
387 139 646
394 139 646
375 139 503
78 139 283
73 321 629
37 321 629
78 321 487
394 321 424
387 321 401
415 321 401
375 321 370
412 321 269
390 321 266
100 78 903
408 78 25
385 78 5
408 37 3
416 375 848
436 375 706
346 375 445
385 375 364
408 375 300
346 73 496
416 394 901
408 394 647
436 394 540
385 394 516
416 390 1218
385 390 865
408 390 439
346 390 152
385 412 1059
408 412 903
436 412 822
416 412 391
408 415 963
385 415 865
416 415 573
436 415 559
346 415 152
436 387 1010
416 387 901
408 387 647
385 387 516
168 100 185
402 408 830
208 408 672
324 408 639
267 408 432
208 385 1105
324 385 731
417 385 272
267 385 204
402 181 1213
417 181 1196
168 181 1180
168 346 1180
267 346 758
417 346 733
324 346 626
324 436 731
208 436 583
267 436 432
402 436 285
417 436 226
324 416 731
208 416 418
402 416 418
417 416 415
342 208 1037
389 208 401
348 208 311
379 402 809
342 402 649
343 402 474
349 402 425
379 417 962
342 417 649
349 417 406
343 417 344
348 267 1120
389 267 1120
379 267 391
348 324 821
389 324 821
342 324 811
349 324 537
343 324 534
379 324 391
342 168 543
69 343 1122
134 342 1298
69 342 985
69 349 985
134 349 892
69 389 1122
69 348 1122
134 379 1251
