206
601 109 681
666 109 90
665 109 2
660 109 754
630 109 940
601 192 15
666 192 704
665 192 23
630 192 249
601 328 17
660 328 19
145 328 351
601 508 451
666 508 395
665 508 504
660 508 949
145 508 526
630 508 744
601 692 396
666 692 192
665 692 489
660 692 710
145 692 809
630 692 745
601 705 325
665 705 251
660 705 930
145 705 804
630 705 454
601 776 303
666 776 348
665 776 514
660 776 285
145 776 476
630 776 451
601 828 329
666 828 619
665 828 853
660 828 877
145 828 493
630 828 457
601 834 185
666 834 850
665 834 514
660 834 1167
630 834 853
601 870 234
666 870 850
665 870 853
660 870 872
145 870 626
630 870 658
666 17 80
630 17 559
666 41 6
666 50 327
665 50 169
660 50 1152
630 50 29
666 173 853
665 173 1
660 173 433
630 173 87
666 177 163
666 203 6
660 203 916
666 208 366
660 208 1164
145 208 471
665 78 12
660 78 6
145 78 11
665 134 172
660 134 952
665 210 182
660 210 545
145 210 822
630 210 52
665 985 143
660 985 85
145 985 643
630 985 749
660 1 997
145 1 300
718 601 1141
715 601 1096
794 601 1042
765 601 547
775 601 239
794 666 1034
715 666 1034
718 666 946
765 666 547
775 666 190
718 665 1141
794 665 661
715 665 661
765 665 547
775 665 190
715 660 1057
794 660 1042
718 660 946
765 660 547
775 660 190
794 145 1
715 630 1047
794 630 1042
718 630 946
765 630 732
775 630 467
442 794 937
432 794 1086
458 794 1115
432 718 298
458 718 757
47 718 495
442 715 693
458 715 883
432 715 1003
47 765 55
442 765 182
458 765 117
32 775 492
442 775 437
458 775 869
47 775 164
234 32 41
333 458 960
264 458 886
234 458 833
225 458 824
375 458 406
333 442 960
264 442 886
234 442 866
225 442 824
375 442 617
333 432 960
264 432 886
375 432 844
225 432 824
234 432 754
333 47 381
264 47 251
405 333 1197
493 333 950
364 333 652
411 333 644
405 234 1026
493 234 931
364 234 652
411 234 449
411 264 968
493 264 922
405 264 747
364 264 652
391 264 236
405 375 560
493 375 560
411 375 434
391 375 316
364 375 316
493 225 845
364 225 652
411 225 644
405 225 607
391 225 345
391 364 904
368 364 453
208 364 425
201 364 396
391 411 845
208 411 733
368 411 499
201 411 338
267 411 285
391 391 845
208 391 506
368 391 499
201 391 338
391 405 845
208 405 506
368 405 499
267 405 285
201 405 232
201 493 671
368 493 837
379 368 843
367 368 539
349 368 393
348 368 330
214 208 1273
367 208 727
367 391 816
367 201 858
214 201 430
348 267 998
379 267 493
367 168 849
69 343 1071
134 214 1267
69 367 703
69 349 1000
134 349 852
69 348 1071
134 379 1235
