328
387 400 767
611 400 321
657 400 286
578 400 291
477 400 330
785 400 471
719 400 471
387 407 393
611 407 451
657 407 426
578 407 291
477 407 385
785 407 459
719 407 1121
387 414 459
611 414 307
657 414 261
578 414 436
477 414 466
785 414 459
719 414 1121
387 436 516
611 436 289
657 436 553
578 436 274
477 436 223
785 436 332
719 436 549
387 445 674
611 445 234
657 445 291
578 445 566
477 445 379
785 445 185
719 445 905
387 475 600
611 475 416
657 475 265
578 475 175
477 475 208
785 475 454
719 475 175
387 608 293
611 608 173
657 608 202
578 608 334
477 608 385
785 608 568
719 608 733
387 696 306
611 696 302
657 696 373
578 696 428
477 696 474
785 696 461
719 696 693
387 697 560
611 697 416
657 697 167
578 697 619
477 697 225
785 697 584
719 697 222
387 776 474
611 776 398
578 776 697
477 776 285
785 776 589
387 782 474
611 782 381
657 782 191
578 782 697
477 782 285
719 782 424
387 812 474
611 812 475
657 812 647
578 812 697
477 812 684
785 812 317
719 812 447
387 833 474
611 833 449
657 833 785
578 833 652
477 833 412
785 833 266
719 833 447
387 844 474
611 844 143
578 844 697
477 844 402
387 861 474
611 861 264
657 861 400
578 861 697
477 861 241
785 861 203
719 861 697
387 873 474
611 873 393
578 873 697
477 873 459
785 873 520
719 873 342
387 878 474
611 878 197
657 878 363
578 878 697
477 878 483
785 878 375
719 878 320
387 883 293
611 883 201
657 883 368
578 883 246
477 883 241
785 883 219
719 883 626
387 889 474
611 889 333
657 889 165
578 889 697
477 889 682
719 889 425
387 891 474
611 891 143
657 891 366
578 891 697
477 891 417
785 891 589
719 891 802
611 1009 42
657 1009 134
578 1009 645
477 1009 998
658 387 1014
797 387 581
617 387 433
680 387 433
801 387 372
278 387 294
617 611 1137
658 611 1030
278 611 759
680 611 556
796 611 463
801 657 809
617 657 487
658 657 441
680 657 331
278 657 275
796 657 260
801 578 1180
658 578 970
278 578 816
617 578 781
680 578 507
796 578 419
796 477 813
680 477 560
658 477 508
797 477 441
801 477 312
617 477 288
278 785 251
801 785 272
797 785 3
658 719 303
278 719 384
617 719 410
69 797 1257
54 797 68
456 797 4
457 658 1176
416 658 1098
456 658 741
257 658 395
54 658 288
54 278 568
416 278 508
456 278 389
257 278 315
457 278 315
463 278 269
457 796 72
54 796 2
54 801 1152
457 801 352
416 680 1098
457 680 1008
456 680 432
257 680 269
69 680 201
416 617 1098
457 617 1008
456 617 793
463 617 562
257 617 395
69 617 298
54 617 288
387 416 1006
375 416 999
87 416 758
387 456 1006
375 456 784
77 456 458
307 456 458
220 456 276
220 54 450
94 54 1019
375 457 1256
387 457 1006
87 457 758
77 457 640
307 457 538
220 457 182
87 69 18
77 257 1047
87 257 429
375 257 289
94 257 269
387 257 243
375 463 1298
77 463 982
220 463 496
415 463 451
94 463 222
87 463 204
307 463 141
407 375 1281
416 375 732
385 375 390
170 94 1150
250 94 857
175 94 5
407 77 51
407 87 75
223 87 8
175 307 1186
408 307 1145
170 307 1052
250 307 977
407 307 331
407 415 881
385 415 881
416 415 814
408 415 781
385 220 1245
170 220 1052
250 220 977
407 220 239
175 220 201
416 387 752
408 387 629
385 387 520
170 387 495
407 387 365
298 175 808
358 175 678
168 175 416
266 175 416
208 175 297
362 175 282
208 407 1265
298 407 810
362 407 803
358 407 621
266 407 297
298 170 1234
168 170 778
208 170 730
266 170 258
362 408 1035
298 408 986
208 408 844
358 408 621
266 408 297
208 385 1261
298 385 399
266 385 301
358 385 281
362 385 281
362 250 1181
168 250 886
358 250 600
208 250 488
298 250 256
266 250 239
362 416 1035
358 416 621
208 416 285
298 416 285
362 223 752
298 223 585
358 223 564
168 223 310
266 223 298
208 223 298
388 208 860
374 208 392
340 208 392
379 358 704
340 358 685
389 358 681
374 298 738
379 298 688
389 298 604
340 298 309
355 298 298
343 298 208
374 266 1231
355 266 342
374 362 394
340 362 394
340 168 1066
388 168 1159
101 343 895
133 389 703
101 355 1036
101 374 796
133 374 651
133 340 1299
134 340 745
134 388 1063
101 388 816
134 379 1177
133 379 703
