191
315 440 877
548 440 1172
294 440 469
758 440 452
78 440 1060
315 483 482
548 483 590
294 483 281
758 483 957
78 483 353
315 621 877
548 621 1172
294 621 469
758 621 452
78 621 1126
315 689 877
548 689 1088
294 689 192
758 689 541
78 689 430
315 864 769
548 864 413
294 864 656
758 864 780
78 864 711
315 871 575
548 871 875
294 871 575
758 871 575
78 871 690
315 875 769
548 875 377
294 875 656
758 875 884
78 875 690
315 1018 257
548 1018 244
758 1018 608
78 1018 4
548 625 590
294 625 469
758 625 452
78 625 678
78 122 90
787 315 970
678 315 741
791 315 561
263 315 465
81 315 442
787 548 1073
263 548 936
81 548 936
791 548 228
678 548 158
787 294 1216
791 294 1165
81 294 539
678 294 486
263 294 329
81 758 856
791 758 976
263 758 244
787 758 43
678 758 2
678 78 926
787 78 1207
263 78 318
81 78 48
485 787 1157
277 787 1231
202 787 200
143 791 1077
485 791 1219
485 81 464
143 81 888
147 81 146
277 81 20
202 81 64
147 263 1209
277 263 1169
143 263 984
463 263 424
485 263 131
485 678 753
277 678 670
147 678 565
143 678 477
202 678 455
463 678 328
375 202 651
403 202 614
412 202 275
414 202 201
403 485 249
412 485 139
375 143 705
172 143 647
403 143 508
172 147 667
375 147 532
390 147 532
403 147 389
415 147 388
412 147 269
172 277 647
375 277 465
403 277 389
414 463 1297
375 463 1297
390 463 1018
415 463 282
403 463 240
412 463 178
398 403 819
232 403 774
402 403 492
436 403 492
408 403 296
175 403 164
402 375 1059
398 375 645
436 375 460
232 375 429
232 172 793
402 172 387
175 172 296
402 390 1226
232 390 848
398 390 470
408 390 296
232 412 1173
402 412 1069
398 412 1069
436 412 1069
408 412 996
175 412 174
402 415 936
398 415 936
436 415 936
408 415 887
232 415 734
436 414 1112
398 414 1108
402 414 1096
232 414 734
408 414 296
175 414 164
264 175 1152
233 175 842
208 175 595
267 175 468
140 175 420
140 402 1300
273 402 1300
208 402 1299
267 402 266
140 232 717
264 232 641
208 408 1171
140 408 1153
273 408 804
233 408 444
267 408 266
140 398 864
273 398 716
208 398 716
233 398 400
273 436 1146
208 436 1099
140 436 1099
233 436 910
267 436 266
238 140 1218
214 208 1115
154 208 634
368 233 755
214 273 1115
154 273 634
348 264 1067
154 264 361
348 267 972
154 267 577
368 267 570
152 368 977
152 214 1300
200 214 1082
152 348 1297
152 154 1300
200 154 1082
152 238 1300
200 238 1082
