194
575 463 732
482 463 666
370 463 538
810 463 1244
485 463 430
575 780 678
482 780 288
370 780 716
810 780 1020
485 780 608
575 786 287
482 786 674
370 786 561
810 786 1196
485 786 1061
575 787 729
482 787 466
370 787 457
810 787 896
485 787 587
575 788 630
482 788 413
370 788 383
810 788 896
485 788 608
575 822 287
482 822 674
370 822 121
810 822 1169
485 822 969
575 823 628
482 823 674
370 823 457
810 823 795
485 823 1061
575 832 628
482 832 674
370 832 69
810 832 995
485 832 1039
575 859 628
482 859 527
370 859 686
810 859 1023
485 859 587
575 866 310
482 866 674
370 866 457
810 866 896
485 866 1061
575 878 359
482 878 362
370 878 434
810 878 893
485 878 545
575 879 464
482 879 674
370 879 192
810 879 888
485 879 704
79 575 1159
703 575 598
130 575 585
805 575 528
605 575 427
79 482 1250
130 482 800
805 482 418
605 482 243
79 370 1250
130 370 975
805 370 840
605 370 627
703 370 132
805 810 342
130 810 1183
79 810 669
79 485 970
805 485 929
130 485 842
703 485 555
605 485 463
495 130 704
480 130 1268
364 130 389
234 79 799
364 79 1264
480 79 19
469 79 205
480 805 916
495 805 1243
469 805 6
364 805 131
469 605 1077
234 605 998
495 605 619
364 605 508
480 605 382
469 703 651
480 703 571
234 703 358
364 703 275
495 703 224
39 495 762
394 495 145
192 495 4
192 480 287
387 234 1193
394 234 1145
39 234 704
422 469 1145
192 469 144
402 469 13
39 364 1221
387 364 1193
394 364 1145
422 364 540
402 364 279
415 364 222
385 422 996
416 422 935
241 422 126
320 192 1203
17 192 733
385 192 620
193 192 486
17 39 1300
385 39 31
416 402 935
385 402 562
320 402 200
241 402 138
17 402 138
416 394 1046
385 394 562
320 394 196
193 394 196
416 387 1039
385 387 562
320 387 319
193 387 203
385 415 996
416 415 695
320 415 200
241 415 126
415 385 478
298 385 438
436 17 638
437 17 360
415 17 960
168 17 1299
298 17 6
436 320 998
168 320 998
437 320 998
415 320 915
298 320 675
437 193 1209
436 193 1170
168 193 1150
415 193 920
415 416 414
298 416 402
437 416 389
168 416 238
437 241 1209
436 241 1170
168 241 1150
415 241 836
298 241 648
388 436 1228
349 436 760
343 436 732
340 436 704
388 437 1222
340 437 1200
343 437 861
349 437 760
388 415 1254
340 415 1233
343 415 861
349 415 760
343 298 691
340 168 1203
388 168 1215
104 343 1300
95 343 865
95 349 872
134 349 819
95 388 1261
134 388 1080
104 388 748
134 340 751
104 340 748
