92
150 11 1260
432 11 1014
595 11 103
282 11 170
150 241 1232
595 241 243
150 263 149
432 263 1082
282 263 347
150 513 994
432 513 704
595 513 769
282 513 205
150 530 1212
432 530 151
595 530 890
282 530 626
150 661 899
432 661 679
595 661 1018
282 661 765
150 876 1281
432 876 202
595 876 955
282 876 422
150 890 1254
595 890 934
282 890 422
282 961 60
756 150 1150
792 150 1293
804 150 1297
804 432 1080
756 432 925
792 432 398
804 595 1120
792 595 880
756 595 880
804 282 1256
792 282 852
756 282 793
419 792 1068
352 792 1181
419 756 1251
419 804 626
352 804 1274
447 419 1251
143 419 1240
434 419 815
447 417 1270
143 417 1264
434 417 249
447 352 1294
143 352 1200
434 352 1179
237 447 1292
373 447 1270
179 447 1194
373 434 1270
179 434 1194
237 434 852
237 143 1173
373 143 939
331 237 1234
276 237 870
264 237 654
298 237 357
276 373 999
264 373 654
298 373 417
331 373 271
264 179 1093
276 179 691
298 179 613
331 179 271
379 331 710
348 264 1255
389 264 1252
379 264 362
389 276 895
379 276 710
382 276 686
348 276 629
389 298 895
379 298 802
382 298 686
133 389 844
96 382 822
81 348 1228
133 348 1072
96 348 916
133 379 844
