217
638 395 711
634 395 153
778 395 875
93 395 875
153 395 910
638 544 115
634 544 532
778 544 893
93 544 411
298 544 762
153 544 692
638 547 134
778 547 1068
93 547 1068
298 547 707
153 547 579
638 593 714
634 593 332
778 593 1078
93 593 1174
298 593 596
153 593 888
638 598 183
778 598 1078
93 598 1162
298 598 762
153 598 476
638 622 459
634 622 240
778 622 1078
93 622 1174
153 622 697
638 650 181
634 650 516
778 650 909
93 650 909
153 650 892
638 666 115
778 666 1058
93 666 1058
298 666 762
153 666 774
638 738 206
634 738 153
778 738 1078
93 738 1174
298 738 762
153 738 972
638 767 295
634 767 221
778 767 1078
93 767 1174
298 767 762
153 767 1025
638 776 929
634 776 474
778 776 886
93 776 605
298 776 519
153 776 473
638 808 118
634 808 1004
778 808 558
93 808 1078
298 808 580
153 808 169
638 847 246
634 847 1004
778 847 415
93 847 1078
298 847 479
153 847 386
638 882 503
634 882 1004
778 882 151
93 882 1078
298 882 503
153 882 800
634 644 718
778 644 893
93 644 322
298 644 762
153 644 565
776 638 1059
743 638 934
651 638 482
631 638 402
796 638 326
732 638 185
631 634 1197
776 634 1058
796 634 656
743 634 258
732 634 246
796 778 458
743 778 52
651 778 117
732 93 1018
776 93 1280
743 93 1283
732 298 1066
743 298 1039
631 298 594
776 298 504
796 298 363
776 153 763
743 153 207
796 153 235
456 732 7
68 776 960
305 776 590
370 776 354
456 776 3
305 743 1162
330 743 40
1 743 1
305 796 185
370 796 964
1 796 225
68 651 1217
1 651 786
330 651 525
456 651 509
305 651 207
68 631 1297
456 631 509
330 631 492
305 631 207
94 1 913
87 1 459
412 456 656
87 456 307
78 305 804
94 305 693
87 305 684
415 305 292
94 370 1233
87 370 1224
412 370 536
78 370 440
94 330 1100
87 330 576
412 330 444
78 330 397
415 330 292
78 68 641
87 68 564
169 78 215
311 78 238
223 78 14
250 94 751
170 94 1002
175 94 7
223 87 8
311 87 3
169 412 630
208 412 597
223 412 413
250 412 273
175 412 178
208 415 726
169 415 630
223 415 248
289 208 1224
298 208 841
358 208 296
266 208 283
208 208 271
298 170 1228
208 170 788
266 170 520
358 170 281
208 169 792
266 169 700
289 169 598
208 311 1104
298 311 248
358 250 816
289 250 565
208 250 389
266 250 320
208 223 792
298 223 520
358 223 520
266 223 399
289 175 1139
298 175 824
358 175 817
208 175 364
266 175 306
408 208 1216
214 208 1191
326 208 479
374 208 444
374 298 985
344 298 977
326 298 329
408 298 329
344 358 1070
397 358 1051
374 266 1287
408 266 1179
326 266 1085
214 266 669
397 266 270
344 289 1090
408 289 1066
326 289 947
397 289 653
214 289 416
101 397 1300
101 344 1299
101 374 1192
101 214 874
101 326 1300
101 408 1299
96 408 959
