134
584 494 932
788 494 875
698 494 459
376 494 542
411 494 104
584 502 721
788 502 501
698 502 646
376 502 465
411 502 332
584 616 504
788 616 875
698 616 376
376 616 376
411 616 367
584 817 954
788 817 770
698 817 705
376 817 522
411 817 727
584 842 827
788 842 629
698 842 827
376 842 375
411 842 863
584 846 523
788 846 480
698 846 705
376 846 688
411 846 863
584 865 523
788 865 672
698 865 705
376 865 950
411 865 863
158 584 1171
683 584 1121
660 584 891
602 584 303
158 788 1018
683 788 326
660 788 5
683 698 1121
158 698 1113
660 698 782
602 698 526
602 376 1051
158 376 874
683 376 422
158 411 981
602 411 862
660 411 483
683 411 463
469 660 1264
402 660 844
403 660 486
402 683 1153
403 683 946
469 683 875
402 158 1094
469 158 1296
403 158 745
469 602 1247
402 602 654
403 602 486
216 403 1072
413 403 1004
417 403 842
199 403 324
216 469 681
417 469 1129
413 469 183
413 402 1124
216 402 1072
417 402 854
408 199 1122
175 199 1072
433 199 1058
193 199 836
436 199 651
436 413 1238
408 413 1225
433 413 830
193 413 448
175 413 314
436 417 1180
433 417 920
175 216 928
408 216 928
433 216 794
193 216 794
436 216 794
229 175 1179
310 175 998
310 408 586
229 408 562
415 408 529
310 433 586
229 433 562
415 433 529
437 193 1108
436 193 1105
415 193 755
310 193 635
229 193 415
229 436 501
310 436 501
415 436 501
388 436 1191
330 436 1117
379 436 1017
340 436 741
336 229 921
388 229 666
379 229 623
340 229 574
330 229 574
388 437 1233
340 437 1184
330 437 1089
336 437 185
388 415 1253
340 415 1214
330 415 1089
336 310 921
379 310 573
69 330 1195
134 330 735
134 336 1299
69 336 1264
134 340 812
134 388 1131
69 388 730
134 379 1249
