281
601 153 287
733 153 934
351 153 6
793 153 1044
601 330 576
733 330 182
668 330 1
601 428 451
733 428 796
668 428 211
351 428 474
793 428 813
799 428 928
617 428 463
601 448 344
733 448 367
668 448 347
351 448 253
793 448 944
799 448 206
617 448 557
601 487 347
733 487 796
668 487 187
351 487 578
793 487 723
799 487 513
617 487 283
601 533 444
733 533 522
351 533 522
793 533 813
799 533 928
617 533 463
601 540 454
733 540 782
668 540 544
351 540 474
793 540 813
799 540 928
617 540 463
601 551 191
733 551 796
668 551 390
351 551 474
793 551 723
799 551 853
617 551 298
601 612 514
733 612 796
668 612 214
351 612 474
793 612 723
799 612 565
601 654 485
733 654 621
668 654 544
351 654 494
793 654 610
799 654 521
617 654 307
601 695 432
733 695 681
668 695 317
351 695 518
793 695 480
799 695 681
617 695 262
601 698 543
733 698 577
668 698 326
351 698 725
793 698 727
799 698 727
617 698 463
601 765 758
733 765 313
668 765 157
351 765 436
793 765 513
799 765 391
617 765 492
601 806 195
733 806 1044
351 806 692
793 806 383
799 806 284
617 806 331
601 826 214
733 826 339
668 826 194
351 826 693
793 826 319
799 826 284
617 826 166
601 858 195
668 858 229
351 858 662
793 858 221
799 858 284
617 858 452
733 140 955
668 140 1
799 140 449
733 846 626
668 846 194
351 846 662
617 846 452
668 114 550
617 114 63
668 194 568
351 194 453
351 141 317
793 141 943
617 141 32
718 601 973
626 601 941
691 601 874
611 601 842
646 601 587
611 733 767
718 668 973
691 668 874
611 668 806
646 668 681
626 668 403
718 351 833
691 351 648
611 351 495
646 351 336
626 351 250
691 793 733
611 793 310
626 793 104
646 793 147
718 799 333
691 799 58
611 799 24
626 799 2
718 617 892
691 617 874
626 617 742
611 617 599
646 617 421
186 718 877
411 718 507
458 718 322
463 718 29
186 691 917
411 691 900
483 691 769
458 691 509
463 691 509
463 646 1160
483 646 1022
186 646 917
411 646 900
458 646 838
491 646 302
463 626 1205
483 626 1022
458 626 838
411 626 763
186 626 316
463 611 1205
483 611 1022
458 611 838
411 611 418
491 611 353
186 611 199
241 32 855
450 458 937
333 458 777
139 458 757
87 458 615
172 458 487
413 458 485
241 458 173
413 411 1002
450 411 937
333 411 777
172 411 736
139 411 691
87 411 417
241 411 173
172 483 408
139 483 1002
333 483 639
413 483 82
139 186 987
450 186 915
333 186 853
172 186 356
241 186 300
413 186 211
241 491 1068
87 491 113
333 463 777
450 463 776
139 463 691
413 463 438
408 333 988
475 333 781
364 333 485
307 333 419
411 333 375
441 333 353
475 87 5
411 87 3
408 413 1129
441 413 383
475 413 368
307 413 262
364 413 130
307 241 788
475 241 730
441 241 429
364 241 429
411 241 216
408 241 162
364 139 992
441 139 821
411 139 719
408 139 618
475 139 618
307 139 299
441 450 1022
475 450 265
441 172 821
364 172 738
307 172 657
475 172 315
411 172 218
264 364 743
391 364 606
374 411 877
208 411 662
391 411 583
267 411 317
374 441 1258
391 441 583
208 441 486
360 441 431
264 307 743
391 307 604
360 307 566
267 307 499
208 307 332
374 408 941
208 408 902
267 408 393
391 408 272
360 408 238
391 475 693
264 475 334
374 475 2
374 208 336
346 360 355
389 391 939
346 391 401
379 391 400
346 374 291
379 374 240
389 264 1174
346 264 1085
379 264 400
389 267 942
346 267 942
379 267 400
101 343 1023
69 343 1021
101 349 1283
69 349 915
134 349 796
69 389 1062
101 346 1283
134 346 1012
69 355 1291
101 355 1049
134 379 1209
101 374 883
