454
137 408 263
584 408 290
665 408 301
72 408 384
657 408 715
492 408 301
787 408 233
329 408 717
772 408 301
104 408 353
137 448 800
584 448 279
665 448 635
72 448 372
657 448 528
492 448 379
787 448 184
329 448 520
772 448 516
104 448 236
137 514 353
584 514 290
665 514 354
72 514 608
657 514 608
492 514 276
787 514 397
329 514 668
772 514 401
104 514 397
137 527 781
584 527 279
665 527 266
72 527 781
657 527 285
492 527 379
787 527 191
329 527 664
772 527 907
104 527 418
137 546 390
584 546 290
665 546 291
72 546 412
657 546 677
492 546 404
787 546 148
329 546 677
772 546 516
104 546 353
137 563 363
584 563 290
665 563 363
72 563 324
657 563 715
492 563 324
787 563 453
329 563 954
772 563 903
104 563 453
137 618 390
584 618 180
665 618 240
72 618 406
657 618 480
492 618 284
787 618 369
329 618 664
772 618 848
104 618 369
137 643 412
584 643 314
665 643 351
72 643 412
657 643 480
492 643 404
787 643 514
329 643 529
772 643 298
104 643 627
137 668 311
584 668 141
665 668 635
72 668 644
657 668 528
492 668 311
787 668 295
329 668 664
772 668 907
137 734 192
584 734 290
665 734 337
72 734 696
657 734 479
492 734 379
787 734 225
329 734 696
772 734 516
104 734 205
137 747 390
584 747 180
665 747 415
72 747 795
657 747 480
492 747 371
787 747 514
329 747 782
772 747 175
104 747 871
137 767 635
584 767 180
665 767 638
72 767 635
657 767 267
492 767 313
787 767 514
329 767 664
772 767 853
104 767 515
137 855 773
584 855 440
665 855 424
72 855 644
657 855 412
492 855 480
329 855 747
772 855 220
104 855 497
137 857 773
665 857 227
72 857 644
657 857 680
492 857 480
787 857 315
329 857 747
772 857 220
104 857 305
137 867 773
584 867 405
665 867 245
72 867 583
657 867 198
492 867 607
787 867 174
329 867 747
772 867 220
137 877 773
584 877 516
665 877 245
72 877 644
657 877 416
492 877 607
329 877 747
772 877 220
137 884 536
584 884 200
72 884 644
657 884 383
492 884 480
787 884 144
329 884 654
772 884 220
584 107 197
665 107 92
329 107 715
72 81 169
657 81 349
492 81 305
329 81 820
774 137 1032
816 137 402
686 137 925
769 137 953
746 137 291
746 584 1060
686 584 889
581 584 589
827 584 484
621 584 453
774 584 387
769 584 295
816 584 198
801 584 198
746 665 853
686 665 853
581 665 535
827 665 484
774 665 387
621 665 299
801 665 299
769 665 263
816 665 179
774 72 1147
769 72 733
816 72 17
686 72 8
621 657 800
686 657 569
801 657 483
581 657 261
746 657 203
774 657 175
827 657 102
769 492 619
816 492 444
774 492 444
686 492 358
746 492 312
827 492 246
581 492 226
827 787 281
801 787 136
769 787 5
746 329 959
774 329 921
816 329 810
769 329 627
827 329 255
686 329 212
816 772 564
621 772 120
801 772 555
774 772 144
827 772 451
769 772 115
686 104 641
769 104 368
746 104 555
232 816 516
217 816 88
402 621 324
322 621 307
35 621 277
217 621 185
232 621 171
217 774 986
322 774 37
94 774 10
402 769 745
35 769 66
217 769 330
469 769 50
1 769 12
232 769 1
94 581 876
463 581 832
35 581 794
217 581 664
212 581 577
1 581 495
232 581 442
322 581 307
402 581 218
469 581 209
217 801 124
94 827 882
402 827 346
212 827 881
469 827 21
463 686 1282
94 686 876
212 686 577
469 686 478
402 686 427
232 686 160
212 746 497
50 94 789
87 94 211
40 94 51
87 1 191
413 1 27
40 232 792
50 232 455
413 232 342
412 469 374
413 469 107
50 217 637
413 217 547
375 217 509
40 217 509
87 217 211
375 402 965
413 402 805
50 402 430
87 402 272
412 402 258
40 402 234
390 402 221
307 35 182
50 35 69
87 35 10
412 322 487
50 322 487
87 322 343
413 322 299
375 322 287
40 322 287
50 212 637
375 212 562
413 212 547
40 212 425
87 212 421
375 463 1299
390 463 851
415 463 470
413 463 307
50 463 295
412 463 233
40 463 202
208 50 112
175 50 311
408 50 50
436 40 150
408 40 391
175 40 234
385 40 57
398 40 59
407 40 54
416 40 3
407 87 139
398 413 1073
416 413 1057
436 413 1009
402 413 969
408 413 969
208 413 467
385 413 213
175 413 163
407 413 153
175 307 1126
408 307 1113
398 307 585
407 307 425
436 307 327
416 307 323
407 375 1267
402 375 878
416 375 603
436 375 564
398 375 468
385 375 291
385 412 1033
436 412 952
398 412 952
402 412 952
408 412 805
407 412 460
208 412 312
416 412 246
175 412 208
407 390 1256
402 390 1221
416 390 1177
385 390 858
398 390 530
408 390 336
208 390 312
416 415 907
436 415 747
398 415 747
402 415 747
385 415 704
407 415 704
408 415 676
208 415 467
255 175 956
233 175 956
298 175 707
208 175 430
362 175 183
208 407 1290
206 407 798
233 407 798
298 407 687
362 407 666
360 407 578
255 407 230
298 208 686
255 208 571
233 208 571
208 208 558
206 208 558
360 208 342
208 402 1290
206 402 1238
298 402 911
362 402 868
360 402 578
255 402 321
233 402 196
206 408 1014
208 408 977
362 408 868
298 408 804
233 408 347
255 408 347
360 408 114
208 385 1232
255 385 1074
206 385 765
233 385 765
360 385 578
298 385 340
362 385 238
206 398 1248
255 398 1074
362 398 868
208 398 742
233 398 527
206 436 1075
233 436 1036
208 436 970
255 436 967
298 436 911
206 416 1248
233 416 1036
362 416 868
208 416 388
298 416 340
214 208 1042
388 208 850
340 208 355
340 360 593
214 360 372
368 233 717
340 233 657
379 233 566
336 233 480
214 255 598
336 255 372
368 298 717
379 298 566
355 298 227
368 362 661
214 362 575
340 362 359
388 206 1063
368 206 739
379 206 566
69 355 1267
101 355 988
134 336 1286
101 336 1224
69 336 1141
69 415 917
101 415 850
134 368 1287
101 368 822
134 214 1157
134 388 1132
101 388 787
69 388 665
134 340 910
134 379 1153
