266
695 608 463
685 608 207
596 608 473
719 608 977
485 608 265
645 608 457
695 771 436
685 771 452
387 771 217
596 771 730
719 771 356
645 771 347
695 772 281
685 772 350
387 772 358
596 772 730
719 772 386
485 772 386
645 772 313
695 782 399
685 782 399
387 782 358
596 782 573
719 782 636
485 782 402
645 782 394
695 808 901
387 808 94
596 808 696
719 808 636
485 808 402
645 808 226
695 821 436
685 821 524
387 821 358
596 821 573
719 821 356
485 821 524
645 821 394
695 827 436
685 827 452
387 827 308
596 827 596
719 827 636
485 827 402
645 827 394
695 833 546
685 833 677
387 833 358
596 833 573
719 833 368
485 833 903
645 833 151
695 844 207
685 844 832
387 844 358
596 844 573
719 844 111
485 844 803
645 844 394
695 861 306
685 861 306
387 861 358
596 861 696
719 861 636
485 861 402
695 883 436
685 883 452
387 883 202
596 883 730
719 883 636
485 883 402
645 883 313
685 853 120
387 853 217
596 853 696
719 853 224
485 853 107
645 853 406
658 695 1204
631 695 1158
617 695 752
645 695 752
801 695 537
656 695 421
695 695 403
801 685 1046
617 685 480
656 685 400
631 685 400
645 685 342
658 685 342
695 685 184
617 387 694
658 387 659
801 387 521
656 387 464
631 387 459
645 387 350
695 387 273
631 596 1158
801 596 958
656 596 917
695 596 917
658 596 642
617 596 303
617 719 506
658 719 150
656 485 832
617 485 420
658 485 301
645 485 199
801 485 199
631 485 141
656 645 885
695 645 885
801 645 710
631 645 644
617 645 583
658 645 393
645 645 106
456 656 1233
416 656 802
257 656 336
457 656 172
457 658 1186
416 658 1185
456 658 806
257 658 336
457 645 1233
54 645 985
416 645 201
456 645 201
257 645 114
456 695 1233
416 695 1185
457 695 1071
257 695 336
54 801 988
457 801 241
416 631 841
457 631 553
456 631 503
416 617 1185
457 617 1071
456 617 854
257 617 336
375 416 1069
387 416 1041
394 416 1027
387 456 1041
394 456 1027
375 456 1008
286 456 308
77 456 267
307 456 267
286 54 232
375 457 1226
387 457 1041
394 457 1027
77 457 720
307 457 388
415 457 162
77 257 962
368 257 504
375 257 376
387 257 269
447 368 739
442 368 454
407 368 454
402 368 454
402 77 102
407 77 46
442 77 20
175 307 1187
170 307 880
407 307 251
447 307 251
407 375 1287
442 375 1201
447 375 1091
374 375 858
402 375 715
385 375 320
170 286 880
374 286 364
385 286 320
402 286 205
175 286 162
447 394 749
442 394 749
374 394 530
402 394 510
407 394 466
385 394 344
170 394 319
175 394 112
407 415 841
385 415 841
402 415 512
442 415 241
447 415 215
374 387 1059
402 387 577
442 387 474
447 387 474
407 387 466
385 387 344
170 387 319
175 387 112
273 447 1299
208 447 1291
298 447 834
358 447 645
273 407 1299
208 407 1291
233 407 798
298 407 690
358 407 562
233 175 937
298 175 819
358 175 685
208 175 428
273 442 1286
208 442 1286
298 442 957
358 442 645
298 170 1242
208 170 932
233 170 758
273 170 559
358 170 144
273 402 1299
208 402 1291
298 402 1025
358 402 645
233 402 224
208 385 1191
233 385 808
273 385 649
298 385 401
358 385 264
233 374 614
214 208 1160
395 208 318
374 208 318
395 358 795
336 358 795
395 233 925
374 233 307
355 233 307
214 233 307
214 273 1160
374 273 700
395 273 523
395 298 1211
374 298 925
355 298 360
101 336 1287
69 336 1260
69 355 1292
101 355 1117
101 395 806
101 374 967
69 374 761
101 214 615
