285
399 230 109
161 230 392
787 230 753
730 230 9
785 230 435
781 230 1045
399 365 39
161 365 461
787 365 615
781 365 214
399 415 238
787 415 516
738 415 247
730 415 414
93 415 633
785 415 939
781 415 706
399 427 460
161 427 610
787 427 261
738 427 410
730 427 391
93 427 593
781 427 593
399 458 259
161 458 577
787 458 491
738 458 833
730 458 329
93 458 164
785 458 935
781 458 706
399 459 460
161 459 610
787 459 375
738 459 833
730 459 408
93 459 266
781 459 600
399 473 288
787 473 475
738 473 410
730 473 329
93 473 822
785 473 219
781 473 630
399 544 233
161 544 243
787 544 548
738 544 247
730 544 531
93 544 233
781 544 766
399 562 200
161 562 577
787 562 548
738 562 833
730 562 455
93 562 470
785 562 546
781 562 734
399 584 329
161 584 577
787 584 495
738 584 833
730 584 531
93 584 188
785 584 262
781 584 734
399 598 204
161 598 363
787 598 548
738 598 363
730 598 455
93 598 514
785 598 565
781 598 734
399 652 329
161 652 577
787 652 220
738 652 602
730 652 424
93 652 407
785 652 220
781 652 645
399 656 460
161 656 610
787 656 530
738 656 247
730 656 414
93 656 321
785 656 668
781 656 734
399 658 460
161 658 616
787 658 468
738 658 530
730 658 414
93 658 279
785 658 162
781 658 575
399 719 460
161 719 610
787 719 521
738 719 833
730 719 480
93 719 425
781 719 600
399 723 298
161 723 577
787 723 233
738 723 833
730 723 414
93 723 761
785 723 385
781 723 630
399 825 402
161 825 265
787 825 402
738 825 891
730 825 331
93 825 884
781 825 791
161 113 412
787 113 587
738 113 58
781 113 613
161 868 398
787 868 288
738 868 611
730 868 189
93 868 884
785 868 313
781 868 791
730 993 532
781 993 159
801 399 848
736 399 586
785 399 314
743 399 306
747 399 306
747 161 714
736 161 500
801 787 147
743 787 712
747 787 329
743 738 701
801 738 562
785 738 535
736 738 950
747 738 10
736 730 937
747 730 471
743 93 1171
785 93 392
747 93 359
736 93 199
801 93 4
801 785 290
736 785 352
747 785 278
743 785 4
785 781 1085
736 781 27
35 747 1286
491 747 29
313 743 357
491 743 269
35 743 144
49 743 1
244 801 1088
93 801 223
491 801 2
49 785 731
313 785 517
93 785 1147
491 785 406
35 736 934
491 736 1086
93 736 123
87 1 426
77 1 69
78 49 1289
87 49 101
77 49 114
77 244 769
87 244 730
412 244 647
78 244 593
329 244 362
18 313 1071
78 313 933
329 313 788
412 313 339
329 93 141
18 35 1232
329 35 676
87 35 8
412 491 230
18 491 225
329 491 338
87 491 83
100 78 887
217 78 203
408 78 3
223 78 7
407 87 43
223 87 2
407 77 40
100 77 45
346 77 8
100 18 907
217 18 90
408 412 927
407 412 464
250 412 268
223 412 247
100 329 1032
223 329 508
217 329 480
170 329 391
250 329 391
408 415 923
407 415 920
100 415 190
36 100 642
168 100 216
208 217 855
36 217 728
298 217 721
358 217 625
168 217 191
168 250 983
358 250 694
208 250 292
208 407 1241
298 407 770
358 407 750
298 170 1265
168 170 983
208 170 496
358 170 166
298 408 981
208 408 872
358 408 783
402 408 536
168 346 1123
36 346 728
358 346 594
298 346 594
36 223 685
208 223 632
298 223 567
358 223 567
168 223 385
363 208 654
367 208 652
348 208 297
389 208 297
349 402 493
343 402 472
343 36 1173
389 36 277
349 36 1115
348 36 804
367 36 271
363 36 4
348 358 841
389 358 841
363 358 540
349 358 520
389 298 647
343 298 411
367 168 730
133 363 1289
96 363 714
101 343 987
133 389 826
101 349 1284
133 349 1200
133 367 1300
96 367 714
101 348 1194
133 348 977
96 348 863
