206
209 249 634
631 249 4
658 249 79
209 260 419
631 260 86
636 260 223
507 260 826
608 260 5
209 461 389
631 461 285
636 461 426
507 461 162
658 461 489
608 461 710
209 530 405
631 530 218
636 530 426
507 530 335
658 530 599
608 530 491
209 542 512
631 542 459
636 542 426
507 542 392
658 542 599
608 542 761
209 571 728
631 571 285
636 571 426
507 571 793
658 571 472
608 571 463
209 756 629
631 756 459
636 756 142
507 756 599
658 756 641
608 756 761
209 816 253
631 816 573
636 816 872
658 816 790
209 972 1239
507 972 19
608 972 111
636 338 81
507 969 153
711 209 863
727 209 205
606 209 558
815 209 302
789 209 108
801 631 1120
727 631 816
815 631 816
711 631 304
606 631 255
789 631 161
815 636 765
727 636 765
801 636 574
789 636 567
711 636 515
727 507 1236
789 507 1069
815 507 810
801 507 574
711 507 537
606 507 209
727 658 1227
801 658 1174
815 658 1080
789 658 554
711 658 378
606 658 261
801 608 1159
727 608 727
789 608 567
815 608 270
711 608 224
244 606 880
334 606 700
364 606 616
342 606 578
76 606 550
463 606 526
342 711 946
76 711 1278
364 815 359
244 815 88
76 815 5
244 801 1100
334 801 37
342 801 3
76 789 162
342 789 956
342 727 1241
334 727 393
364 727 2
252 342 1118
78 342 475
130 342 282
415 342 266
130 244 637
412 244 570
367 244 483
78 244 466
375 244 447
361 244 395
130 364 1165
412 364 958
367 364 370
361 364 339
78 364 335
252 364 323
375 364 157
78 76 840
367 76 139
412 334 647
130 334 530
78 334 301
415 334 266
375 463 1298
252 463 695
415 463 337
412 463 284
367 463 179
361 463 178
192 252 429
307 78 64
313 367 875
170 367 578
250 367 528
192 367 404
365 367 336
192 375 431
170 375 349
250 375 349
313 375 349
192 361 535
170 361 464
250 361 464
313 361 464
307 130 730
313 130 671
170 130 578
192 130 560
250 130 528
365 130 256
192 412 687
250 412 273
365 412 207
192 415 687
365 415 376
307 415 181
289 365 877
298 365 659
432 365 606
208 365 519
424 365 395
208 307 834
289 307 452
298 170 1229
432 170 1048
424 170 620
208 170 528
432 250 1048
289 250 367
298 250 253
208 250 248
432 192 545
298 192 431
432 313 1048
289 313 866
298 313 659
424 313 517
208 313 394
408 208 1194
395 208 392
395 298 1184
389 298 533
382 298 353
408 298 353
341 298 274
341 432 1185
382 432 1045
403 432 1045
403 424 1185
341 424 1185
382 424 1089
395 424 226
408 289 1170
395 289 490
389 289 490
341 289 322
133 389 914
101 382 1079
96 395 821
101 395 569
133 403 914
96 403 705
101 408 1291
133 408 916
96 408 705
96 341 1220
101 341 870
