205
399 518 703
166 518 921
365 518 643
191 518 643
93 518 552
264 518 282
729 518 450
399 547 703
166 547 921
365 547 491
191 547 863
93 547 1077
264 547 383
729 547 665
399 664 703
166 664 399
365 664 491
191 664 863
93 664 1132
264 664 191
729 664 665
399 742 703
166 742 593
365 742 491
191 742 863
93 742 1077
264 742 137
729 742 665
399 752 916
166 752 748
365 752 252
191 752 622
93 752 527
264 752 321
729 752 467
399 762 916
166 762 747
365 762 491
191 762 863
93 762 1077
729 762 665
399 771 587
166 771 467
365 771 415
191 771 810
93 771 753
264 771 1015
729 771 459
399 854 826
166 854 670
365 854 760
191 854 560
93 854 889
729 854 217
399 857 826
166 857 655
365 857 660
93 857 576
264 857 569
399 883 402
166 883 241
365 883 415
191 883 125
93 883 616
264 883 965
729 883 292
399 889 1081
166 889 359
365 889 415
191 889 294
93 889 698
264 889 583
729 889 194
399 967 280
166 967 152
166 987 123
93 987 360
729 987 40
191 993 29
93 993 1
729 993 223
729 963 119
801 399 1148
606 399 866
732 399 820
668 399 496
743 399 204
732 166 837
732 365 916
801 365 811
743 365 598
606 365 280
801 191 1141
732 191 263
732 93 1174
743 93 1223
606 93 6
801 264 877
732 264 761
743 264 302
606 264 280
743 729 909
732 729 781
514 732 975
244 668 1284
54 668 918
514 668 909
223 668 741
244 606 1003
223 606 741
54 606 651
352 606 580
514 606 393
1 743 1
244 801 1226
352 801 134
54 801 1072
87 1 405
94 1 1137
94 54 1284
412 54 33
78 54 5
94 244 1076
87 244 703
434 244 619
412 244 611
78 244 544
434 352 669
412 352 611
415 352 383
87 352 372
78 352 321
94 352 201
434 514 4
412 223 698
87 223 571
415 223 383
78 223 363
94 223 322
223 78 16
381 78 435
251 78 176
250 434 568
407 434 341
251 434 260
170 434 233
407 87 56
251 87 321
381 87 8
223 87 4
250 94 916
170 94 1176
251 94 474
381 94 39
250 412 537
407 412 470
223 412 308
407 415 947
251 415 260
362 250 1208
358 250 808
208 250 306
298 250 256
266 250 223
208 407 1266
358 407 729
362 407 729
298 407 674
266 407 417
298 170 1285
208 170 574
266 170 304
358 170 228
298 251 951
358 251 865
208 223 651
362 223 470
358 223 430
298 223 430
266 223 349
358 381 729
298 381 729
395 208 464
374 208 464
395 358 687
336 358 687
395 298 1236
374 298 983
382 298 410
355 298 296
341 298 293
374 362 413
395 362 413
374 266 1269
355 266 373
395 266 350
101 382 1168
101 395 805
96 395 769
96 341 1168
101 341 918
101 355 1129
101 336 1288
133 336 1259
101 374 954
