289
421 437 586
665 437 201
538 437 852
270 437 197
521 437 197
308 437 336
408 437 908
421 593 269
665 593 282
538 593 461
521 593 604
828 593 870
308 593 178
358 593 235
421 618 586
665 618 258
538 618 852
521 618 132
828 618 180
308 618 450
358 618 180
408 618 879
421 756 586
665 756 200
538 756 852
270 756 552
521 756 132
828 756 870
358 756 336
408 756 930
421 774 270
665 774 173
538 774 594
270 774 266
521 774 258
828 774 145
308 774 410
358 774 268
408 774 947
421 789 270
665 789 100
538 789 295
270 789 630
521 789 258
828 789 256
308 789 410
358 789 268
408 789 617
421 799 270
665 799 215
538 799 302
270 799 567
521 799 617
308 799 380
358 799 772
408 799 324
421 815 270
665 815 150
538 815 611
270 815 503
828 815 138
308 815 565
408 815 308
421 855 270
665 855 407
538 855 341
270 855 341
521 855 420
828 855 150
308 855 410
358 855 268
408 855 540
665 241 163
538 241 248
270 241 11
521 241 58
358 241 542
408 241 735
665 313 645
665 508 273
538 508 447
270 508 469
521 508 127
828 508 870
308 508 532
358 508 500
665 776 453
538 776 302
270 776 567
521 776 617
828 776 219
308 776 410
358 776 890
665 873 477
538 873 302
270 873 567
521 873 479
828 873 256
308 873 410
358 873 268
408 873 289
538 948 390
828 948 5
308 948 149
358 948 944
408 948 358
657 421 873
600 421 494
668 421 467
624 421 383
801 421 260
172 421 199
668 665 673
801 665 484
624 665 333
657 665 224
668 538 641
624 538 510
172 538 339
801 538 304
600 538 209
801 270 782
172 270 416
668 270 415
624 270 383
600 270 209
624 521 510
801 521 391
172 521 339
668 521 306
600 521 306
657 521 205
172 828 682
801 828 179
668 308 857
801 308 857
624 308 402
172 308 339
600 308 280
657 308 272
668 358 883
624 358 736
600 358 521
801 358 402
172 358 307
657 358 188
801 408 1065
668 408 714
657 408 590
624 408 510
172 408 339
600 408 256
244 668 1210
414 668 985
54 668 618
35 668 616
40 668 419
35 657 1197
1 657 609
244 657 587
414 657 492
463 657 224
414 624 985
463 624 955
1 624 761
35 624 616
49 624 611
40 624 419
244 600 1210
54 600 546
463 600 432
414 600 432
35 600 343
40 600 308
244 801 1020
54 801 915
35 172 1042
40 172 539
49 172 41
244 172 98
414 172 2
94 54 1130
78 54 13
94 1 809
78 49 1209
307 244 987
375 244 785
94 244 631
78 244 358
18 244 222
18 35 1231
307 35 269
307 40 218
94 40 282
78 40 13
414 414 1283
375 414 1260
415 414 929
94 414 149
375 463 1298
414 463 1295
415 463 564
94 463 239
408 78 52
68 78 65
250 94 711
175 94 19
408 307 1211
175 307 1211
250 307 868
398 307 574
436 307 357
436 375 653
398 375 538
385 375 281
408 375 241
68 18 91
385 18 5
175 18 1
436 415 873
398 415 873
408 415 859
385 415 729
436 414 1114
398 414 1113
408 414 537
385 414 477
68 414 303
250 414 294
175 414 222
264 68 12
267 68 8
264 175 983
298 175 871
358 175 736
267 175 531
208 175 412
362 408 951
298 408 907
208 408 893
358 408 734
267 408 343
208 385 1268
298 385 482
358 385 331
267 385 232
362 385 216
362 250 1152
358 250 704
264 250 443
298 250 353
298 436 1061
208 436 878
267 436 343
358 436 271
362 398 951
358 398 734
208 398 604
340 208 561
330 208 561
346 358 876
389 358 876
340 358 729
330 358 729
379 358 615
349 358 434
389 298 662
379 298 602
343 298 274
330 298 266
340 298 266
389 264 1189
346 264 1096
379 264 367
389 267 1035
346 267 1035
379 267 367
340 362 613
330 362 613
69 343 984
69 330 1098
134 330 830
69 349 915
134 349 830
69 389 984
134 389 818
134 346 978
134 340 960
134 379 1218
