163
318 158 441
246 158 1
318 197 543
150 197 363
246 197 893
526 197 791
318 317 129
150 317 295
246 317 989
432 317 391
318 458 513
150 458 858
246 458 826
526 458 197
432 458 263
318 505 117
150 505 823
246 505 1244
526 505 720
432 505 545
318 573 323
150 573 563
246 573 1244
526 573 544
432 573 756
318 597 340
150 597 620
246 597 1244
526 597 521
432 597 552
318 798 789
150 798 694
246 798 582
526 798 1017
432 798 291
318 834 789
150 834 1134
246 834 434
526 834 1029
432 834 592
318 886 396
150 886 891
246 886 434
526 886 764
432 886 675
318 981 851
432 981 1
150 661 647
246 661 1122
526 661 624
432 661 566
246 120 879
432 120 14
792 318 1127
748 318 1085
804 318 1009
756 318 1009
748 150 1123
804 150 1193
756 150 1069
792 150 1289
748 246 1295
792 246 974
756 526 1220
792 526 1220
804 526 979
748 526 384
756 432 1162
748 432 1155
804 432 1067
792 432 356
419 792 1138
131 792 972
269 792 13
419 756 1229
131 756 431
131 748 1292
269 748 726
419 804 893
269 804 79
131 804 9
143 419 1069
447 419 972
87 419 637
78 419 556
434 419 372
241 419 266
87 370 1177
447 370 483
143 370 471
78 370 333
434 370 333
241 370 325
447 131 1255
143 131 990
241 131 754
434 131 697
87 131 641
78 131 292
447 269 1255
143 269 990
434 269 761
241 269 489
87 269 281
237 447 1263
373 447 1121
179 447 935
209 447 727
408 434 1261
373 434 1121
179 434 935
209 434 727
237 434 691
217 78 174
408 78 15
209 78 277
209 87 148
237 241 1021
217 241 333
179 241 318
237 143 1021
209 143 710
373 143 476
408 143 249
298 408 935
208 408 804
346 408 584
331 408 218
331 217 1224
303 217 903
264 217 866
208 217 825
298 217 544
346 209 1000
303 209 515
298 209 468
303 373 1037
346 373 586
264 373 443
298 373 364
331 237 1224
346 237 734
298 237 444
208 237 419
264 237 396
264 179 866
303 179 791
298 179 544
408 208 1182
379 331 702
389 264 1195
379 264 465
408 346 1268
389 346 970
379 346 465
408 303 1000
389 303 302
408 298 933
379 298 824
389 298 683
133 389 1017
133 408 782
133 379 1017
