227
601 766 391
437 766 336
48 766 620
633 766 627
809 766 281
712 766 627
508 766 336
601 810 596
437 810 368
48 810 815
633 810 998
809 810 368
712 810 251
508 810 675
601 819 632
437 819 212
48 819 474
633 819 495
809 819 957
712 819 576
508 819 499
601 827 525
437 827 350
48 827 815
633 827 1021
809 827 777
712 827 529
508 827 840
601 853 231
437 853 614
48 853 815
633 853 1021
809 853 917
508 853 499
601 866 632
437 866 332
48 866 176
633 866 437
809 866 381
508 866 840
437 846 350
48 846 313
633 846 495
809 846 368
508 846 457
437 860 212
48 860 815
633 860 1021
809 860 695
712 860 517
508 860 840
437 865 774
48 865 172
633 865 495
809 865 695
48 798 723
633 798 723
809 798 368
508 798 286
48 842 815
633 842 1021
809 842 368
712 842 188
508 842 840
715 601 1089
646 601 787
611 601 561
602 601 519
656 601 328
715 437 705
656 437 548
646 437 511
602 437 393
611 437 363
715 48 533
656 48 31
611 48 255
646 48 2
602 633 1122
656 633 849
715 633 515
646 633 515
611 633 408
656 809 707
602 809 602
646 809 573
715 712 747
656 712 424
715 508 483
602 508 420
646 508 304
611 508 301
656 508 289
456 656 1176
112 656 893
201 656 653
483 656 452
525 656 399
463 656 323
432 656 276
432 715 1160
525 715 1022
456 715 1
432 646 1247
456 646 1176
463 646 1084
483 646 1005
112 646 893
201 646 653
432 611 1247
463 611 1084
483 611 1005
525 611 399
201 611 333
525 602 1222
456 602 1176
432 602 1109
463 602 822
483 602 822
201 602 653
417 456 1085
375 456 833
139 456 832
333 456 337
417 432 1085
139 432 832
375 432 779
333 432 673
264 432 648
415 432 222
375 112 432
139 112 247
417 112 239
333 112 239
333 483 624
139 483 1206
264 483 33
417 483 4
139 201 770
333 201 757
417 201 712
375 201 486
264 201 288
139 525 215
417 525 92
333 525 105
375 463 1299
417 463 1079
139 463 832
333 463 673
264 463 648
415 463 443
405 333 986
408 333 805
433 333 305
364 333 299
436 375 863
398 375 656
408 375 313
405 375 277
433 375 270
364 139 697
405 139 356
433 139 329
408 139 289
405 264 405
433 264 305
364 264 299
408 264 267
398 417 1095
436 417 1095
433 417 546
364 417 166
408 415 945
398 415 697
436 415 697
433 415 383
405 415 373
364 415 166
391 364 717
208 364 523
267 364 228
279 405 1207
206 405 906
208 405 731
391 405 727
267 405 396
206 408 1202
279 408 1089
208 408 1053
267 408 396
208 433 1299
206 433 874
279 433 707
267 433 544
391 433 435
206 398 1288
279 398 1080
208 398 476
391 398 287
279 436 1277
206 436 1162
208 436 802
267 436 396
214 208 1205
388 208 910
330 208 238
330 279 1243
355 279 710
330 391 455
368 267 741
379 267 350
388 206 1139
368 206 949
379 206 511
69 330 1180
134 330 863
134 336 1299
69 336 1278
134 368 1300
152 368 806
69 355 1297
152 214 1300
134 214 1245
134 388 1149
69 388 648
134 379 1228
