273
362 502 279
273 502 622
149 502 409
270 502 535
812 502 334
506 502 334
362 591 368
273 591 160
149 591 829
270 591 363
812 591 1013
506 591 233
362 677 710
273 677 468
149 677 933
270 677 334
812 677 848
506 677 334
362 779 520
273 779 541
149 779 874
270 779 532
812 779 509
362 788 217
273 788 710
149 788 364
270 788 694
812 788 217
506 788 127
362 794 442
149 794 598
270 794 483
812 794 465
362 820 459
273 820 172
149 820 364
270 820 498
812 820 601
506 820 127
362 821 667
273 821 277
149 821 907
270 821 488
812 821 158
506 821 762
362 830 667
273 830 398
149 830 907
270 830 234
812 830 546
506 830 272
362 834 667
273 834 444
149 834 907
270 834 752
812 834 530
362 854 406
149 854 685
270 854 483
812 854 601
506 854 762
362 876 667
149 876 907
270 876 752
812 876 601
506 876 127
362 879 667
273 879 850
149 879 876
812 879 659
506 879 762
362 890 667
149 890 907
270 890 752
812 890 789
506 890 453
362 950 443
273 950 31
270 950 267
506 950 874
362 970 384
506 970 289
273 878 850
149 878 837
270 878 483
506 878 376
677 362 1017
703 362 806
636 362 804
605 362 392
79 362 320
605 273 981
703 273 806
636 273 804
148 273 753
677 273 285
79 273 276
677 149 593
79 149 777
636 149 343
148 149 104
605 270 863
79 270 836
677 270 612
148 270 525
703 270 332
636 270 243
148 812 972
79 812 215
636 812 205
703 506 806
636 506 804
605 506 432
677 506 280
148 506 198
79 506 165
469 148 859
1 148 120
297 148 1
161 148 13
297 636 1141
469 636 738
1 636 691
322 636 634
364 636 254
161 636 231
322 79 993
364 79 1198
469 79 188
1 79 104
297 79 4
297 677 1141
322 677 841
469 677 618
364 677 227
161 677 165
1 677 110
469 605 967
1 605 604
161 605 555
297 605 334
322 605 334
364 605 245
322 703 841
297 703 740
1 703 691
469 703 618
161 703 438
364 703 168
337 1 499
413 1 13
337 469 672
412 469 494
413 469 36
402 469 7
39 364 1096
412 364 958
415 364 299
39 322 1096
412 322 958
375 322 285
402 322 269
39 161 1084
412 161 852
375 161 782
337 161 754
402 161 521
415 161 299
413 297 358
402 297 358
375 297 320
415 297 320
39 297 305
412 297 289
17 337 1101
320 337 818
309 337 720
433 337 618
408 337 572
208 337 342
308 337 190
408 413 1180
308 413 645
309 413 538
320 413 474
208 413 375
433 413 318
17 375 767
320 375 409
408 375 255
309 375 242
17 39 1297
433 402 1235
408 402 733
309 402 554
308 402 491
208 402 398
320 402 203
17 402 126
408 412 796
17 412 561
320 412 478
208 412 412
433 412 390
308 412 365
309 412 301
408 415 1156
309 415 538
308 415 491
208 415 412
433 415 238
320 415 204
168 208 760
298 208 695
324 208 578
423 208 462
362 208 312
362 408 1003
298 408 930
324 408 610
423 408 458
324 433 700
423 433 458
423 17 1061
168 17 1293
298 17 6
362 309 970
324 309 817
423 309 718
168 309 480
298 309 386
324 308 1086
362 308 1045
168 308 720
423 308 462
298 308 386
168 320 889
423 320 889
298 320 584
324 320 559
362 320 474
343 298 414
340 298 180
324 168 1083
340 168 1173
388 168 1170
367 168 872
340 362 602
324 362 355
388 423 1225
340 423 1201
324 423 1160
343 423 554
349 423 519
367 423 257
388 324 724
324 324 639
349 324 518
367 324 508
343 324 370
101 343 982
95 343 875
101 349 1288
133 349 1196
95 349 895
95 324 1264
133 324 968
101 324 520
133 367 1299
95 367 1264
95 388 1264
101 388 947
133 340 1299
