220
531 273 803
386 273 1128
221 273 345
581 273 1110
531 421 151
520 421 644
386 421 406
221 421 1115
701 421 193
581 421 757
531 451 227
520 451 644
386 451 511
221 451 1086
701 451 721
581 451 1044
531 474 576
520 474 644
386 474 428
221 474 1086
701 474 255
581 474 648
531 558 257
520 558 821
386 558 192
221 558 374
701 558 434
581 558 663
531 595 235
520 595 585
386 595 511
221 595 736
701 595 721
581 595 1044
531 597 299
520 597 166
386 597 417
221 597 969
701 597 863
581 597 505
531 662 343
520 662 702
386 662 485
221 662 1005
701 662 594
581 662 702
531 689 208
520 689 730
386 689 511
221 689 704
701 689 721
581 689 956
531 838 146
520 838 110
386 838 721
221 838 724
701 838 925
531 867 175
520 867 212
386 867 721
221 867 485
701 867 910
581 867 844
531 891 204
520 891 221
386 891 721
221 891 824
701 891 910
581 891 261
520 126 30
386 126 529
701 126 282
738 531 603
579 531 587
781 531 561
588 531 426
709 531 293
699 531 194
709 520 743
738 520 617
588 520 472
579 520 460
699 520 302
781 386 929
738 386 815
699 386 521
709 386 486
588 386 225
579 386 120
781 221 162
579 221 324
709 221 1030
588 221 122
709 701 1106
738 701 828
579 701 779
588 701 547
781 701 380
699 701 279
709 581 1236
738 581 828
699 581 759
579 581 562
781 581 380
588 581 375
414 579 1147
307 579 1049
203 579 909
122 579 741
330 579 541
122 709 1252
203 709 282
414 699 1090
203 699 1043
307 699 933
330 699 661
122 738 1261
52 781 1136
52 588 827
330 588 661
414 588 508
307 588 225
287 203 945
29 203 353
361 203 334
375 203 300
361 122 1074
390 122 780
375 122 757
143 122 679
415 122 524
287 122 319
361 330 921
143 330 571
287 330 319
361 307 944
375 307 806
287 307 612
143 307 612
29 307 612
143 52 135
375 52 2
375 414 1181
415 414 1134
390 414 1134
29 414 645
287 414 558
436 375 560
416 375 560
297 375 418
263 375 368
297 287 1161
436 287 667
416 287 336
263 29 353
263 361 837
408 361 449
436 361 349
416 361 336
436 143 667
297 143 550
263 143 492
408 143 392
416 143 336
175 143 259
416 390 1197
297 390 884
408 390 710
263 390 411
416 415 996
297 415 884
408 415 710
436 415 704
263 415 411
233 175 1058
374 175 596
298 175 561
362 175 228
374 408 1063
362 408 915
298 408 750
424 408 413
233 408 174
233 263 972
374 263 593
298 263 385
362 263 258
374 436 962
233 436 935
298 436 750
424 436 240
374 416 1204
233 416 935
362 416 915
424 416 363
298 416 269
424 297 444
233 297 348
379 424 979
385 424 920
355 424 605
342 424 605
330 424 264
330 233 705
379 233 703
359 233 368
379 374 315
379 298 703
385 298 629
355 298 282
379 362 315
69 330 1047
134 330 840
69 359 1293
134 359 1182
134 342 1296
69 342 912
69 355 1293
134 379 1182
69 385 1010
