301
625 149 162
601 149 289
1 149 158
702 149 723
625 172 392
681 172 520
625 313 426
601 313 23
702 313 600
625 405 559
601 405 283
1 405 341
824 405 942
581 405 357
702 405 370
101 405 211
681 405 843
625 465 559
601 465 306
1 465 574
824 465 437
581 465 297
702 465 579
101 465 329
681 465 797
625 577 427
601 577 298
1 577 751
824 577 533
581 577 191
702 577 378
101 577 395
681 577 533
625 589 479
601 589 245
1 589 259
824 589 942
581 589 294
702 589 704
101 589 197
681 589 843
625 609 434
601 609 383
1 609 488
824 609 942
581 609 267
702 609 475
101 609 425
681 609 843
625 756 427
1 756 551
824 756 382
581 756 297
702 756 408
101 756 197
681 756 382
625 776 225
601 776 195
1 776 215
581 776 122
702 776 467
101 776 565
625 824 492
601 824 511
1 824 281
824 824 733
581 824 697
702 824 951
101 824 436
625 980 1
1 980 77
581 980 448
101 980 93
601 181 200
702 181 887
681 181 13
601 376 380
1 376 71
101 376 612
601 460 344
1 460 623
824 460 942
581 460 193
702 460 227
101 460 248
681 460 843
601 851 500
1 851 281
824 851 742
581 851 697
702 851 772
601 872 254
1 872 195
824 872 172
581 872 597
702 872 951
101 872 436
601 882 372
1 882 281
581 882 339
702 882 758
101 882 436
681 882 351
1 71 8
702 71 386
101 71 12
681 71 698
824 239 394
581 239 8
702 239 535
101 239 126
681 239 5
702 72 36
101 72 889
681 72 36
663 625 1122
589 625 822
636 625 822
678 625 822
611 625 565
643 625 527
643 601 913
636 601 877
611 601 801
678 601 401
589 601 401
663 601 327
643 1 174
636 1 501
643 824 200
663 824 833
589 824 217
643 581 913
611 581 565
636 581 306
678 581 160
678 702 1154
636 702 1032
589 702 830
643 702 794
611 702 548
663 702 195
678 101 507
589 101 1044
636 101 7
663 681 1024
636 681 871
678 681 632
643 681 376
611 681 376
589 681 268
463 643 1153
223 643 688
41 643 626
1 643 471
56 643 409
483 643 373
69 643 240
41 636 1225
483 636 1067
297 636 1029
1 636 1005
463 636 975
56 636 269
223 636 226
483 589 1048
297 589 1029
463 589 975
223 589 688
1 589 299
56 589 269
69 589 239
41 678 1014
1 678 1005
223 678 688
483 678 654
297 678 493
56 678 484
69 678 176
463 678 167
1 663 1005
483 663 850
463 663 850
223 663 748
56 663 500
297 663 493
69 663 176
41 663 149
483 611 1152
463 611 975
41 611 626
56 611 267
223 611 226
87 1 193
129 1 471
333 483 623
139 483 811
375 41 78
415 41 5
375 223 837
87 223 361
76 69 1231
129 69 47
87 69 12
375 297 352
129 297 307
87 56 891
76 56 2
375 463 1297
333 463 642
139 463 467
415 463 345
408 333 1128
355 333 655
307 333 596
88 333 464
407 87 65
307 129 889
178 129 540
441 129 352
442 129 313
407 129 313
408 139 861
441 139 741
355 139 585
307 139 349
178 375 1299
407 375 1291
442 375 1280
355 375 465
441 375 399
88 375 241
408 415 1180
355 415 972
407 415 670
178 415 373
307 415 242
88 76 1196
355 76 482
391 88 47
273 407 1300
208 407 1299
416 407 618
298 407 551
208 178 1102
344 178 770
391 178 605
264 178 467
298 178 338
273 178 334
208 441 1030
416 441 856
344 441 818
391 441 596
273 441 442
416 307 972
264 307 884
208 307 847
344 307 770
391 307 595
208 408 1241
416 408 856
273 408 719
298 408 655
391 408 219
208 442 1291
273 442 1291
416 442 856
298 442 843
208 355 1143
264 355 884
416 355 685
391 355 537
344 355 295
214 208 1221
154 208 880
374 208 386
326 208 247
154 391 944
214 416 1251
374 416 785
154 416 648
326 416 310
214 273 1221
154 273 880
374 273 766
374 298 928
154 298 339
382 298 339
154 264 418
214 344 727
374 344 727
326 344 454
101 382 1171
152 374 1118
101 374 985
152 214 1300
101 214 592
101 326 1300
152 154 1300
96 341 1174
