284
802 381 29
52 381 931
489 381 108
409 381 229
196 381 559
802 456 401
52 456 433
730 456 799
489 456 253
409 456 582
147 456 716
27 456 576
196 456 722
802 478 680
52 478 175
730 478 635
489 478 179
409 478 555
147 478 471
196 478 366
802 509 787
52 509 433
730 509 656
489 509 253
409 509 582
147 509 471
27 509 368
196 509 564
802 523 392
52 523 433
730 523 381
489 523 417
409 523 582
147 523 397
27 523 227
196 523 477
802 543 680
52 543 433
730 543 635
489 543 253
409 543 582
147 543 397
27 543 121
196 543 522
802 583 787
52 583 368
730 583 768
489 583 253
409 583 418
147 583 716
27 583 218
196 583 498
802 599 322
52 599 286
730 599 542
489 599 311
409 599 286
147 599 264
27 599 577
196 599 748
802 654 506
52 654 433
730 654 769
489 654 297
409 654 582
147 654 479
27 654 576
196 654 722
802 710 348
52 710 175
730 710 768
489 710 218
409 710 654
147 710 716
27 710 287
196 710 498
802 720 787
52 720 217
730 720 768
489 720 290
409 720 217
147 720 716
27 720 324
196 720 498
802 743 261
52 743 593
730 743 664
489 743 253
409 743 582
147 743 397
27 743 446
196 743 564
802 794 397
52 794 592
730 794 495
489 794 376
409 794 342
147 794 576
196 794 618
802 880 651
52 880 412
730 880 495
489 880 239
409 880 650
147 880 566
27 880 239
196 880 827
52 336 187
489 336 14
147 336 73
196 336 146
52 835 188
730 835 209
489 835 248
409 835 544
147 835 648
27 835 179
196 835 618
730 61 689
409 61 12
147 61 11
27 61 99
827 802 846
184 52 488
825 52 399
752 52 105
827 52 819
752 730 574
184 730 806
719 489 958
827 489 958
581 489 754
752 489 680
825 489 530
184 489 438
825 409 831
184 409 806
581 409 472
827 409 430
719 409 279
752 409 159
827 147 1172
719 147 342
827 27 5
184 196 1027
827 196 791
262 825 961
355 825 700
192 825 233
31 825 1
192 719 263
313 719 522
31 719 304
192 184 855
313 184 1157
31 184 780
313 581 980
35 581 953
192 581 464
355 581 431
31 581 206
313 752 391
31 752 5
313 827 1143
262 827 125
31 827 60
355 827 14
7 355 879
413 355 655
18 355 445
64 355 386
78 355 367
18 313 961
307 313 780
413 313 655
7 313 571
64 313 555
78 313 409
7 262 879
18 262 660
64 262 647
78 262 333
413 262 326
307 262 270
375 262 238
64 31 1248
7 31 328
18 31 6
18 35 1152
307 35 348
375 35 1
7 192 879
64 192 758
413 192 681
18 192 649
78 192 333
307 192 281
408 78 53
385 78 2
279 7 174
408 413 1119
436 413 1054
402 413 964
416 413 957
208 413 544
175 413 339
385 413 230
175 307 1114
408 307 1114
402 307 281
436 307 265
279 307 187
402 375 986
436 375 473
416 375 473
385 375 379
408 375 260
408 64 4
279 18 244
175 18 8
208 18 6
385 18 4
408 415 921
416 415 827
385 415 712
402 415 625
436 415 598
208 415 544
175 415 230
279 415 205
233 175 1047
264 175 872
298 175 669
267 175 476
168 175 428
208 175 390
264 208 713
267 208 713
233 208 706
298 208 674
168 208 460
208 208 299
208 402 1265
298 402 900
267 402 375
233 402 228
208 408 862
298 408 726
233 408 515
267 408 375
208 385 1225
233 385 720
298 385 304
264 279 872
298 279 564
208 279 262
233 279 205
168 279 205
267 279 182
233 436 1056
208 436 985
298 436 900
267 436 375
233 416 1056
208 416 558
298 416 304
342 208 788
348 233 288
389 298 675
348 298 198
389 264 1151
346 264 1034
348 264 943
389 267 948
346 267 948
348 267 943
342 168 516
152 342 1085
150 342 856
123 342 615
150 389 629
123 346 979
152 348 1279
150 348 856
