299
657 387 468
802 387 492
722 387 652
384 387 325
710 387 529
828 387 325
719 387 280
657 449 844
802 449 572
722 449 745
384 449 513
710 449 683
828 449 729
719 449 729
657 582 586
802 582 152
722 582 745
384 582 304
710 582 683
828 582 512
719 582 512
657 618 385
802 618 572
722 618 745
384 618 513
710 618 683
828 618 169
719 618 413
657 677 530
802 677 492
384 677 324
710 677 530
828 677 1090
719 677 924
657 680 837
802 680 141
722 680 692
384 680 277
710 680 648
828 680 215
719 680 804
657 720 548
802 720 572
722 720 136
384 720 513
710 720 769
828 720 239
719 720 769
657 729 249
802 729 453
722 729 745
384 729 351
710 729 683
828 729 961
719 729 924
657 756 213
802 756 257
722 756 745
384 756 382
710 756 683
828 756 1084
719 756 924
657 765 267
802 765 241
722 765 810
384 765 277
710 765 683
828 765 217
719 765 147
657 794 429
802 794 235
722 794 230
384 794 505
710 794 476
828 794 447
719 794 277
657 799 141
802 799 488
722 799 609
384 799 127
710 799 182
657 826 421
802 826 488
722 826 609
384 826 505
710 826 162
828 826 782
657 833 674
384 833 319
710 833 515
828 833 673
719 833 184
657 857 476
802 857 213
722 857 759
384 857 537
710 857 234
828 857 699
719 857 184
657 866 465
802 866 488
722 866 609
384 866 319
710 866 220
828 866 345
719 866 200
657 880 156
802 880 488
722 880 609
384 880 427
710 880 515
828 880 382
719 880 200
657 921 183
384 921 30
719 921 445
802 778 213
722 778 410
384 778 505
710 778 413
686 657 621
719 657 555
827 657 362
668 657 309
658 657 309
581 657 309
774 657 176
686 802 568
827 802 933
668 802 40
719 722 493
774 722 43
827 384 988
581 384 843
774 384 615
719 384 499
668 384 485
686 384 485
658 384 346
686 710 380
827 710 7
719 828 813
827 828 99
581 828 201
658 719 140
581 719 14
774 719 1
1 719 848
208 719 1020
158 719 7
49 719 3
35 668 379
158 668 177
49 774 82
217 774 1004
208 774 435
208 658 484
35 658 379
158 658 177
463 658 174
212 658 153
35 581 979
463 581 875
212 581 850
217 581 647
1 581 573
158 581 404
158 827 1060
212 827 1078
208 827 159
463 686 1289
212 686 850
158 686 404
49 686 295
35 686 199
94 1 696
7 1 11
7 208 830
94 208 663
420 208 650
440 208 485
390 208 323
420 49 257
440 217 876
94 217 663
420 217 584
307 35 295
440 212 876
94 212 663
7 212 531
420 212 308
94 158 873
440 158 873
390 158 649
415 158 649
420 158 486
7 158 397
307 158 238
390 463 997
415 463 446
440 463 227
94 463 177
420 463 141
385 420 1099
232 420 995
416 420 869
250 420 220
250 94 733
377 94 23
175 94 45
232 7 193
250 7 302
175 307 1244
408 307 1169
377 307 1039
250 307 860
232 307 391
416 307 314
416 440 1168
385 440 1075
232 440 995
175 440 303
408 440 303
377 440 239
250 440 176
416 390 1168
385 390 1015
232 390 980
408 390 409
250 390 384
175 390 231
416 415 936
385 415 684
232 415 684
408 415 681
175 415 231
250 415 176
255 175 1124
233 175 1124
298 175 827
266 175 485
208 175 359
255 250 582
298 250 337
266 250 281
233 250 281
208 408 912
298 408 757
233 408 402
255 408 311
266 408 298
266 232 1051
298 232 755
233 232 509
208 385 1288
255 385 1114
233 385 835
298 385 437
266 385 211
266 377 1072
233 377 548
255 377 392
233 416 1140
208 416 624
298 416 437
255 416 306
388 208 851
342 208 851
330 208 453
340 208 453
395 208 453
395 255 440
395 233 841
330 233 739
340 233 696
379 233 570
388 233 341
342 233 341
395 298 1160
379 298 570
340 298 286
330 298 286
395 266 319
134 342 1276
150 342 836
101 330 819
134 330 680
150 379 1193
134 379 1140
150 395 1027
134 395 1027
101 395 700
150 388 999
134 388 999
101 388 758
134 340 713
150 340 713
101 349 1231
134 349 680
