387
219 172 36
80 172 131
596 172 324
828 172 779
363 172 1
623 172 237
628 172 5
219 430 383
80 430 575
596 430 152
638 430 528
338 430 342
828 430 569
671 430 626
613 430 542
623 430 173
219 451 417
80 451 575
596 451 301
638 451 528
338 451 180
828 451 569
671 451 626
613 451 410
623 451 238
628 451 178
219 454 716
80 454 575
596 454 301
638 454 528
338 454 285
828 454 569
363 454 128
671 454 626
613 454 162
623 454 566
219 521 350
80 521 575
596 521 203
638 521 528
338 521 285
828 521 569
363 521 148
671 521 626
613 521 252
623 521 359
628 521 178
219 554 435
80 554 575
596 554 301
638 554 528
338 554 285
828 554 569
363 554 264
671 554 626
613 554 365
623 554 321
628 554 229
219 568 150
80 568 575
596 568 155
638 568 528
338 568 291
828 568 569
671 568 626
613 568 429
623 568 236
628 568 478
219 604 380
80 604 313
596 604 142
638 604 500
338 604 395
828 604 421
363 604 159
671 604 323
613 604 365
628 604 421
219 645 576
80 645 575
638 645 528
338 645 285
828 645 569
363 645 148
671 645 626
613 645 389
623 645 236
628 645 255
219 691 326
80 691 575
596 691 214
638 691 528
338 691 232
828 691 569
363 691 441
671 691 626
613 691 412
623 691 236
219 792 200
80 792 548
596 792 474
638 792 449
363 792 367
671 792 408
613 792 509
623 792 465
628 792 698
219 832 322
80 832 139
596 832 358
638 832 549
338 832 406
828 832 164
363 832 440
671 832 477
613 832 324
623 832 322
628 832 122
219 834 493
80 834 219
596 834 358
638 834 436
338 834 406
363 834 383
671 834 477
613 834 324
623 834 382
628 834 365
219 839 327
80 839 548
596 839 208
638 839 549
338 839 406
828 839 343
363 839 440
671 839 536
613 839 263
623 839 311
628 839 698
219 846 200
596 846 358
638 846 451
338 846 185
363 846 367
671 846 477
613 846 473
623 846 465
628 846 192
219 876 493
80 876 139
596 876 494
638 876 214
338 876 406
671 876 477
613 876 324
623 876 381
628 876 698
219 883 182
596 883 494
638 883 549
338 883 461
828 883 586
363 883 440
671 883 417
613 883 263
628 883 187
219 892 200
80 892 273
596 892 458
638 892 549
338 892 406
363 892 440
671 892 536
613 892 297
623 892 772
628 892 262
828 299 835
363 299 63
785 219 656
819 219 633
576 219 471
605 219 99
579 219 1
579 80 1
579 596 732
742 596 637
819 596 419
605 596 411
576 596 409
611 596 350
785 596 261
576 638 475
579 638 440
742 638 440
611 638 408
785 638 177
785 338 685
819 338 484
611 338 404
579 338 364
742 338 358
605 338 278
576 338 191
742 828 499
785 828 2
605 363 490
819 363 386
742 363 377
579 363 377
785 363 305
611 363 278
576 671 958
579 671 902
742 671 902
819 671 419
785 671 384
611 671 337
605 671 300
742 613 938
576 613 925
579 613 721
819 613 206
611 613 130
576 623 958
579 623 732
742 623 719
605 623 409
819 623 295
579 628 732
742 628 650
576 628 649
605 628 486
611 628 393
819 628 353
785 628 223
1 579 464
455 579 428
483 579 303
457 579 264
416 579 229
99 819 1076
416 819 482
483 819 248
93 819 422
457 742 848
416 742 72
483 742 1
416 576 879
93 576 829
457 576 760
483 576 427
1 576 270
455 576 270
99 576 255
93 785 1256
416 605 879
93 605 829
457 605 760
1 605 554
455 605 434
463 605 254
463 611 1015
483 611 670
455 611 547
416 611 518
99 611 255
422 416 850
39 416 781
375 416 727
428 416 613
29 416 584
428 1 652
422 1 1
412 483 422
428 483 1
375 457 1256
412 457 683
428 457 613
29 457 584
415 457 193
428 99 1014
412 99 5
39 455 987
422 455 850
415 455 793
412 455 683
29 455 462
375 455 323
428 455 227
39 93 11
428 93 2
375 463 1297
415 463 487
412 463 478
29 463 381
428 463 381
39 463 365
433 422 1241
416 422 934
226 422 455
416 375 737
436 375 718
17 375 519
226 375 297
408 375 282
433 428 1155
408 428 1060
416 428 788
193 428 665
17 428 288
226 428 284
226 39 581
17 39 1298
226 29 842
408 412 1060
436 412 692
433 412 414
17 412 288
226 412 212
416 412 209
408 415 852
416 415 774
436 415 576
226 415 455
433 415 439
417 226 1261
426 226 393
402 226 328
407 226 318
402 408 734
424 408 542
407 408 193
402 433 734
424 433 542
417 433 384
437 17 307
437 193 1112
407 193 631
417 193 627
424 193 597
426 193 597
402 436 252
424 436 252
424 416 338
402 416 338
437 416 289
417 416 275
426 416 272
342 402 744
330 402 547
379 402 530
340 402 479
388 402 393
379 424 983
388 424 572
342 424 572
330 424 307
340 424 307
330 417 1170
379 417 959
342 417 744
340 417 561
388 417 199
388 437 1146
330 437 1140
340 437 1022
342 437 1022
342 426 993
388 426 851
330 426 784
379 426 530
330 407 1170
379 407 959
342 407 744
340 407 561
388 407 300
134 342 1299
69 342 999
101 342 587
69 330 1220
101 330 1040
134 330 791
134 340 895
134 388 1170
101 388 858
69 388 776
134 379 1208
