199
668 324 323
668 359 612
658 359 690
668 395 340
678 395 252
634 395 765
581 395 273
658 395 765
620 395 765
668 758 224
678 758 833
634 758 786
581 758 370
658 758 893
620 758 919
668 811 120
634 811 807
581 811 551
658 811 799
620 811 460
668 822 208
678 822 275
634 822 1130
581 822 682
658 822 799
620 822 252
668 824 743
678 824 600
634 824 771
581 824 854
658 824 142
620 824 379
668 830 443
634 830 807
581 830 860
658 830 460
620 830 460
668 872 720
634 872 807
581 872 977
658 872 233
620 872 460
668 882 364
678 882 168
634 882 810
581 882 228
658 882 597
620 882 379
678 41 743
678 453 1026
634 453 258
581 453 258
658 453 401
620 453 600
678 795 338
634 795 861
581 795 999
658 795 214
620 795 379
678 836 352
634 836 1142
581 836 860
658 836 572
620 836 460
678 860 523
634 860 1089
581 860 955
658 860 307
620 860 249
678 867 523
634 867 807
581 867 905
658 867 222
620 867 460
357 668 1238
643 668 1179
776 668 1159
764 668 857
781 668 406
801 668 239
357 678 1238
643 678 1179
776 678 1170
801 678 1142
781 678 365
764 678 159
776 634 1165
643 634 896
801 634 406
764 634 406
357 581 1238
643 581 1179
776 581 993
764 581 220
801 581 145
781 581 118
801 658 1248
776 658 987
781 658 766
643 658 598
357 658 598
764 658 159
357 620 1238
643 620 1179
776 620 993
764 620 827
781 620 519
801 620 507
424 776 1238
287 776 363
476 776 56
287 643 1144
424 643 1125
284 643 1082
445 643 1060
476 643 738
476 764 321
445 801 440
424 801 178
476 357 1272
284 357 767
287 357 270
424 357 201
445 357 192
287 781 405
453 424 576
62 424 535
296 424 428
94 424 336
62 476 644
453 476 1108
192 476 720
94 476 745
129 476 298
62 287 882
453 287 744
129 287 242
296 284 1098
94 284 1080
129 284 1027
453 284 523
62 284 271
453 445 576
129 445 274
192 453 937
292 453 1009
311 453 841
208 453 36
208 192 1141
192 192 761
292 192 223
311 62 434
192 62 1191
208 62 989
292 94 3
311 129 831
192 129 773
292 129 691
442 129 395
266 129 259
292 296 970
311 296 845
192 296 364
289 208 1246
298 208 759
416 208 318
208 208 302
416 192 787
298 192 472
208 442 1297
416 442 1222
298 442 867
208 292 814
416 292 636
289 292 306
416 266 1136
208 266 189
208 311 1118
416 311 408
289 311 201
408 208 1268
326 208 627
374 208 433
374 416 958
326 416 449
374 406 958
326 406 479
344 298 1195
374 298 948
408 298 611
326 298 611
344 289 1190
408 289 1171
326 289 1054
101 344 1299
101 408 1299
96 408 1041
101 374 1263
101 326 1300
