88
800 440 1257
745 440 1257
743 440 724
800 487 677
745 487 861
743 487 724
800 642 1053
745 642 1053
743 642 1053
800 705 1265
745 705 1265
743 705 1016
800 829 1161
745 829 243
743 829 1214
745 219 1209
743 219 1237
745 900 793
81 800 39
810 800 44
787 745 884
81 745 1
168 745 100
787 743 741
81 743 483
168 743 21
115 810 138
395 810 1084
395 787 46
394 787 802
277 787 1192
277 81 8
395 168 868
394 168 894
403 394 965
189 394 935
412 394 869
212 394 502
413 394 471
403 395 1165
413 395 1119
412 395 633
189 395 573
212 395 486
403 277 1085
189 277 743
413 277 429
212 277 429
413 115 917
403 115 834
212 115 486
412 115 434
416 403 1278
437 403 673
410 403 563
433 403 429
416 413 1239
433 413 618
410 413 563
437 413 227
437 212 881
410 212 516
433 212 421
437 412 758
416 412 619
410 412 563
433 412 395
433 189 677
437 189 445
416 189 398
410 189 218
208 410 747
228 410 747
208 433 1300
228 433 1054
360 433 447
208 437 1224
228 437 1113
208 416 478
228 416 478
214 208 1145
214 360 363
216 228 937
214 228 408
152 214 1300
76 214 899
76 216 1295
152 216 1180
