385
601 54 145
56 54 9
601 189 503
665 189 15
39 189 5
794 189 676
260 189 662
601 289 190
511 289 102
601 373 84
340 373 951
260 373 240
601 408 224
32 408 471
665 408 327
511 408 244
39 408 478
794 408 219
56 408 267
260 408 248
490 408 343
601 471 201
32 471 471
665 471 327
39 471 330
794 471 373
340 471 290
56 471 345
260 471 453
490 471 344
601 473 148
32 473 321
665 473 321
511 473 315
39 473 896
794 473 471
340 473 188
56 473 417
260 473 188
490 473 266
601 546 181
32 546 195
665 546 310
511 546 315
39 546 849
794 546 471
56 546 359
260 546 393
490 546 458
601 573 395
32 573 173
665 573 185
511 573 272
39 573 272
794 573 373
340 573 251
56 573 386
260 573 251
490 573 344
601 656 297
32 656 324
665 656 461
511 656 461
39 656 368
794 656 206
340 656 161
56 656 461
260 656 393
490 656 548
601 754 176
665 754 364
511 754 168
39 754 710
794 754 254
340 754 164
56 754 253
260 754 425
490 754 754
601 771 242
32 771 655
665 771 147
511 771 429
39 771 204
340 771 367
56 771 306
490 771 707
601 780 543
32 780 178
665 780 597
511 780 180
39 780 375
56 780 266
260 780 636
490 780 295
601 806 121
32 806 655
665 806 327
39 806 225
794 806 571
340 806 367
56 806 92
490 806 707
601 811 191
32 811 622
665 811 418
511 811 240
39 811 201
794 811 521
340 811 367
56 811 266
260 811 248
490 811 593
601 818 434
32 818 874
665 818 171
511 818 429
56 818 266
260 818 400
490 818 610
601 849 191
32 849 906
665 849 359
511 849 429
39 849 201
794 849 359
340 849 202
56 849 247
490 849 610
601 853 191
32 853 357
665 853 348
511 853 246
39 853 204
794 853 276
56 853 306
260 853 636
490 853 357
601 877 434
32 877 134
665 877 418
511 877 342
39 877 201
794 877 521
56 877 266
490 877 696
32 8 503
665 8 274
39 8 38
794 8 161
340 8 10
56 8 253
260 8 231
490 8 431
32 9 1
56 9 543
490 9 160
32 160 27
665 160 580
56 160 5
260 160 1
665 113 100
794 113 7
56 113 383
260 113 27
665 302 8
260 302 501
39 315 3
794 315 364
56 315 684
490 315 1
340 81 180
260 81 241
490 81 706
718 601 1109
801 601 829
626 601 808
740 601 759
715 601 751
783 601 736
611 601 386
783 32 626
740 32 107
611 32 12
718 665 1109
740 665 759
783 665 736
801 665 450
611 665 357
626 665 240
715 665 240
740 511 970
718 511 805
207 511 741
754 511 681
783 511 314
715 511 297
611 511 260
626 511 217
797 511 190
611 39 236
715 39 303
740 39 13
754 39 1
740 794 306
718 794 355
715 794 478
783 794 2
797 794 21
754 794 10
207 794 8
740 340 1264
754 340 862
718 340 805
207 340 741
715 340 372
783 340 302
626 340 262
611 340 179
740 56 1285
801 56 674
754 56 27
715 56 16
611 56 6
740 260 1281
718 260 805
207 260 741
783 260 602
801 260 551
715 260 372
611 260 329
754 260 297
626 260 251
797 260 239
740 490 1245
754 490 862
718 490 805
207 490 741
783 490 402
611 490 366
715 490 366
626 490 358
801 490 225
227 754 341
186 718 1063
227 718 1165
463 718 16
89 740 1195
52 740 420
457 740 19
69 797 1117
89 797 377
227 715 178
69 715 12
463 783 203
52 783 8
457 801 197
463 626 1209
227 626 952
483 626 855
186 626 238
463 611 1209
483 611 855
227 611 379
186 611 238
457 207 443
227 207 1213
483 207 36
186 207 27
68 483 274
139 483 1161
333 483 507
375 457 1268
68 457 769
415 457 244
139 186 1136
368 186 1005
68 186 850
333 186 675
76 186 472
375 186 288
415 186 231
368 69 183
76 69 1104
68 89 1020
368 89 235
368 227 918
68 227 850
139 227 473
76 227 243
375 227 216
68 52 552
375 52 3
375 463 1300
139 463 826
333 463 588
68 463 366
415 463 366
411 368 665
407 368 317
442 368 317
408 333 799
411 333 393
364 333 207
407 375 1290
442 375 1273
436 375 677
416 375 620
398 375 433
364 68 464
407 68 743
442 68 396
364 139 778
411 139 665
408 139 409
408 415 1017
436 415 839
398 415 839
407 415 688
416 415 637
364 76 108
411 76 3
424 364 609
391 364 555
208 364 456
298 364 430
206 364 267
298 411 735
206 411 670
208 411 635
391 411 519
424 411 387
267 411 314
208 442 1281
206 442 1061
298 442 866
267 442 314
208 407 1281
298 407 866
206 407 810
424 407 387
267 407 314
206 408 1112
208 408 1011
298 408 866
424 408 421
267 408 314
206 398 1280
208 398 556
424 398 548
391 398 216
206 436 1077
298 436 866
208 436 821
267 436 314
424 436 156
206 416 1280
208 416 387
424 416 356
298 416 238
214 208 1176
340 208 284
330 208 284
330 391 348
379 298 610
355 298 281
343 298 265
379 267 410
379 424 963
355 424 595
330 424 298
340 424 298
379 206 610
69 330 1094
101 330 925
134 330 897
69 343 1090
101 343 965
69 355 1300
101 355 1115
134 214 1252
134 340 912
101 349 1278
69 349 1003
134 349 897
134 379 1236
