166
162 300 164
162 411 900
632 411 399
683 411 123
64 411 447
752 411 661
162 419 1069
632 419 368
683 419 203
64 419 368
752 419 203
162 420 936
632 420 239
683 420 760
64 420 204
752 420 727
162 481 854
632 481 312
683 481 377
64 481 797
752 481 362
162 581 1069
632 581 247
683 581 385
64 581 410
752 581 198
162 622 909
632 622 512
683 622 434
64 622 901
752 622 279
162 629 942
632 629 312
64 629 874
752 629 242
162 680 923
632 680 274
683 680 146
64 680 274
752 680 716
162 728 728
632 728 620
683 728 243
64 728 400
752 728 851
162 833 829
632 833 620
683 833 327
64 833 474
752 833 383
162 883 872
632 883 397
683 883 556
64 883 148
752 883 317
780 162 1043
656 162 461
801 162 8
656 632 779
801 632 775
680 632 564
484 632 368
780 632 368
780 683 1006
484 683 687
680 683 564
656 683 367
801 683 297
680 64 562
780 752 1004
3 656 835
356 656 576
439 656 364
3 484 1092
356 484 906
54 484 482
154 484 241
54 801 874
356 780 485
3 780 228
439 780 3
3 680 940
356 680 932
154 680 396
439 680 306
94 54 1059
87 439 977
94 439 499
241 439 261
307 3 370
375 3 232
87 356 731
241 356 659
344 356 534
375 356 301
307 356 284
375 154 829
307 154 564
344 154 534
241 154 303
87 154 303
94 154 247
250 94 809
170 94 1035
175 94 6
407 87 63
223 87 1
170 241 264
407 241 264
223 241 193
175 307 1068
170 307 783
250 307 783
331 307 554
407 307 196
407 375 1156
171 375 590
331 375 185
170 344 566
175 344 376
407 344 252
331 344 243
298 175 692
358 175 428
266 175 314
208 175 174
140 407 1161
208 407 1149
298 407 568
358 407 460
266 407 402
358 250 431
208 250 379
298 250 271
266 250 203
140 250 203
298 170 1085
208 170 659
266 170 378
298 171 710
208 171 513
266 171 418
358 171 399
140 331 683
208 331 513
298 331 485
266 331 418
358 331 342
298 223 570
208 223 513
266 223 418
358 223 399
138 140 166
374 208 397
138 208 315
326 208 306
397 358 836
374 298 684
374 266 1113
326 266 625
397 266 328
68 242 1041
133 397 944
68 138 1041
133 374 648
133 326 596
