231
601 388 214
32 388 201
365 388 497
763 388 636
360 388 746
229 388 1037
601 434 242
32 434 248
365 434 321
763 434 636
360 434 770
229 434 1213
601 448 514
32 448 427
365 448 467
763 448 636
360 448 435
229 448 1221
601 540 454
32 540 272
365 540 336
763 540 357
360 540 797
229 540 557
601 643 258
32 643 272
365 643 645
763 643 636
360 643 738
229 643 1164
601 653 302
32 653 421
365 653 383
763 653 424
360 653 842
229 653 863
601 782 509
32 782 360
365 782 674
763 782 224
360 782 733
229 782 284
601 806 301
32 806 681
365 806 405
763 806 273
360 806 699
229 806 1122
601 821 267
32 821 681
365 821 674
763 821 276
360 821 699
229 821 1164
601 841 267
32 841 578
365 841 778
763 841 162
360 841 652
229 841 578
601 883 396
32 883 681
365 883 405
360 883 699
229 883 1054
601 1017 617
365 1017 676
360 1017 489
32 915 978
365 915 316
360 915 831
763 133 555
360 133 7
718 601 1150
691 601 1018
611 601 691
790 601 682
646 601 515
790 32 572
691 32 291
611 32 25
790 365 808
611 365 601
691 365 527
646 365 210
691 763 300
611 763 351
718 763 1
691 360 790
790 360 763
718 360 562
646 360 562
611 360 352
790 229 1064
691 229 956
350 718 542
411 718 449
458 718 532
354 790 1103
191 790 992
350 790 585
458 790 327
411 691 1037
483 691 787
191 691 781
350 691 764
458 691 508
354 691 231
411 646 1062
483 646 1029
458 646 1005
350 646 764
191 646 499
483 611 1029
458 611 1005
411 611 350
191 611 168
16 350 1078
333 350 503
413 350 455
172 350 307
368 350 226
300 350 220
333 354 914
172 354 806
16 354 666
368 354 409
413 354 239
16 458 874
333 458 855
368 458 659
172 458 629
413 458 448
300 458 357
413 411 1015
16 411 874
333 411 855
172 411 838
368 411 659
300 411 357
16 483 500
172 483 467
333 483 735
300 483 212
413 483 30
16 191 1176
413 191 1035
333 191 503
368 191 485
415 191 374
300 191 230
364 16 694
441 16 626
411 16 89
405 16 618
405 333 1176
408 333 927
411 333 613
364 333 573
441 333 254
408 300 1164
411 300 613
364 300 513
441 300 502
405 300 321
411 368 969
408 368 427
405 368 417
441 368 210
436 413 1190
408 413 1167
441 413 323
405 413 231
364 413 203
364 172 880
441 172 820
411 172 414
405 172 215
408 172 215
436 172 215
408 415 1167
436 415 801
405 415 467
411 415 357
441 415 347
364 415 191
374 411 976
391 411 747
267 411 389
208 411 350
264 411 123
264 364 833
391 364 771
267 364 232
391 405 747
374 405 550
267 405 389
208 405 350
374 441 1232
391 441 747
208 441 350
374 408 1013
208 408 754
267 408 389
391 408 205
374 436 1008
208 436 570
267 436 389
374 208 347
389 391 831
346 374 266
389 264 1165
346 264 1074
336 264 367
389 267 826
346 267 826
101 343 1103
69 343 942
101 346 1291
134 346 1088
69 389 1104
134 336 1298
101 336 1291
69 336 1262
69 355 1297
101 355 1122
101 374 973
69 374 768
101 349 1291
69 349 1018
134 349 795
