191
480 166 601
512 166 1238
480 314 1
150 314 134
512 314 1234
405 314 484
480 432 954
150 432 639
512 432 942
581 432 335
405 432 280
480 433 759
150 433 747
512 433 261
581 433 167
405 433 685
480 458 648
150 458 1072
512 458 171
581 458 335
405 458 1062
480 476 954
150 476 703
512 476 942
581 476 248
405 476 571
480 505 946
150 505 1072
512 505 942
581 505 335
405 505 730
480 513 449
150 513 631
512 513 221
581 513 449
405 513 242
480 576 811
150 576 1045
512 576 811
581 576 134
405 576 902
480 661 789
150 661 639
512 661 789
581 661 304
405 661 416
150 100 28
512 100 962
405 100 78
150 161 309
512 161 794
405 161 367
792 480 1168
756 480 1075
627 480 1037
643 480 977
804 480 905
756 150 788
792 150 1232
804 150 1156
643 512 1168
804 512 683
792 512 568
627 512 442
756 512 146
643 581 1155
804 581 991
627 581 931
792 581 666
756 581 666
756 405 1122
804 405 1081
627 405 947
792 405 402
643 405 296
419 792 769
456 792 253
414 643 882
455 643 806
456 643 588
419 643 190
419 756 1013
456 756 87
419 627 723
414 627 626
243 627 407
455 627 365
169 627 236
456 627 145
169 804 344
419 804 481
143 456 1255
447 456 790
412 456 683
375 456 674
129 456 374
434 456 275
143 419 1226
447 419 736
412 419 658
129 419 617
434 419 424
375 169 933
143 169 732
129 169 730
434 169 710
447 169 709
143 455 1105
447 455 1074
412 455 658
129 455 286
447 243 938
143 243 646
434 243 394
129 243 370
375 414 1217
447 414 943
412 414 683
143 414 436
129 414 286
434 414 275
237 447 1240
373 447 1157
209 447 776
408 434 1259
373 434 1157
209 434 776
297 434 433
237 434 366
297 129 1059
175 129 849
373 129 541
408 129 508
209 129 287
237 129 235
297 375 889
237 375 369
237 143 927
297 143 924
209 143 924
373 143 345
408 143 287
373 412 856
209 412 783
237 412 736
408 412 610
175 412 292
264 175 984
303 175 711
298 175 660
331 175 481
208 175 302
331 237 1054
208 237 782
298 237 465
264 237 459
208 408 989
298 408 814
298 209 465
303 209 462
303 373 1230
264 373 614
298 373 395
208 373 302
303 297 680
264 297 606
298 297 395
331 297 346
208 297 302
397 331 937
374 331 604
214 331 550
408 208 1207
214 208 1029
374 208 460
408 303 945
374 303 860
374 298 1002
382 298 516
408 298 516
341 298 214
348 264 930
408 264 377
101 397 1294
101 382 1023
101 374 981
200 214 1013
101 408 1299
101 348 954
96 348 853
96 341 1218
