211
824 114 41
171 114 718
702 114 672
331 114 831
824 222 1233
702 222 497
824 275 549
702 275 615
824 414 1091
215 414 518
171 414 300
581 414 485
702 414 762
331 414 152
824 609 965
215 609 1101
171 609 1094
581 609 183
702 609 355
331 609 348
824 851 992
215 851 321
581 851 936
702 851 883
331 851 473
824 882 226
215 882 611
171 882 793
581 882 216
702 882 912
331 882 416
215 66 1204
702 66 209
331 66 686
215 72 16
171 72 1028
702 72 14
215 299 353
171 299 1180
581 299 89
215 313 146
171 313 16
702 313 723
215 332 251
581 332 27
702 332 197
215 776 980
581 776 148
702 776 446
331 776 473
215 948 298
171 948 749
171 9 56
581 9 720
702 9 827
171 253 475
331 253 44
171 339 152
171 354 1
702 354 759
589 824 132
663 824 905
643 824 273
636 215 149
589 215 219
643 215 545
611 171 263
643 581 1137
611 581 659
636 581 181
663 581 177
589 581 177
678 702 1212
636 702 1080
643 702 1014
589 702 841
611 702 633
663 702 315
636 331 885
589 331 708
663 331 464
611 331 292
643 331 178
678 331 149
280 643 1254
41 643 545
1 643 514
56 643 489
483 643 434
69 643 302
41 636 1227
483 636 1210
1 636 1063
311 636 1041
56 636 472
1 678 1063
41 678 1046
483 678 754
56 678 679
280 678 453
69 678 193
311 678 167
483 589 1211
311 589 1041
280 589 453
56 589 417
69 589 202
1 589 158
1 663 1063
311 663 960
483 663 960
56 663 693
280 663 453
69 663 193
280 611 1254
483 611 1211
311 611 1041
41 611 545
56 611 417
87 1 252
375 280 1201
69 280 1195
333 280 639
78 280 274
333 483 749
69 483 215
78 483 4
375 41 78
78 41 2
76 69 1287
87 69 12
69 56 918
78 56 364
87 56 950
76 56 1
375 311 1201
69 311 1040
349 333 1202
355 333 632
307 333 550
88 333 494
307 78 41
407 87 59
407 375 1299
442 375 1269
355 375 471
88 375 273
274 69 478
93 69 1204
349 69 34
355 76 456
88 76 1277
349 76 405
140 93 459
208 93 83
391 93 51
140 274 1188
208 274 1124
264 274 868
391 274 608
202 274 316
391 88 41
140 407 1300
208 407 1300
416 407 687
208 349 1101
264 349 868
416 349 831
391 349 608
202 349 316
208 442 1293
140 442 1293
416 442 1007
416 307 1078
208 307 934
140 307 880
264 307 868
391 307 690
202 307 651
208 355 1206
264 355 868
416 355 820
391 355 608
202 355 443
140 355 253
238 140 1147
214 208 1224
154 208 794
326 208 246
214 202 1015
389 202 923
154 202 480
154 391 1031
389 391 923
214 416 1247
154 416 572
326 416 296
389 416 193
389 264 1256
154 264 356
214 221 1224
326 221 1008
154 221 794
133 389 905
101 382 1201
152 214 1300
101 326 1300
133 326 618
152 154 1300
152 238 1300
101 238 471
