190
703 160 69
189 160 18
793 160 806
701 160 168
703 348 305
189 348 194
793 348 990
701 348 611
703 429 679
554 429 420
189 429 591
793 429 1048
701 429 148
703 448 411
554 448 420
189 448 591
793 448 1177
703 540 829
554 540 221
189 540 829
793 540 961
701 540 641
703 574 576
554 574 420
189 574 742
793 574 838
701 574 576
703 635 848
554 635 459
189 635 937
793 635 1001
701 635 116
703 663 910
554 663 420
189 663 815
793 663 1013
701 663 642
703 693 742
554 693 479
189 693 951
793 693 1195
701 693 642
703 704 679
554 704 420
189 704 701
793 704 1047
701 704 489
703 755 664
554 755 420
189 755 664
793 755 1096
701 755 624
703 969 379
554 969 391
189 969 64
793 969 510
701 969 974
554 95 839
793 95 1175
189 62 1199
691 703 1012
779 703 952
805 703 782
611 703 237
611 554 1047
805 554 976
779 554 838
691 554 154
805 189 1211
779 189 575
691 189 1
805 793 1027
611 793 113
691 793 376
779 701 1177
611 701 909
691 701 856
805 701 782
484 805 1182
330 805 10
186 691 988
483 691 981
484 691 981
463 691 553
304 691 553
330 691 251
483 611 1243
463 611 1171
484 611 1053
304 611 697
330 611 251
186 611 229
484 779 220
483 779 1149
330 779 568
186 779 220
129 304 868
325 304 418
333 483 767
139 483 923
325 483 559
300 483 555
129 484 268
325 484 8
333 186 1078
139 186 913
325 186 711
300 186 310
129 186 262
300 330 620
139 330 362
129 330 262
325 330 256
333 463 967
300 463 777
139 463 621
129 463 262
408 300 1227
297 300 962
307 300 893
475 300 891
355 300 809
441 300 437
408 333 1144
297 333 1102
475 333 891
355 333 821
307 333 544
441 333 292
307 129 943
297 129 903
441 129 474
408 129 365
408 139 933
441 139 925
475 139 891
355 139 809
307 139 482
307 325 1035
441 325 794
475 325 588
408 325 588
355 325 588
391 441 637
208 441 569
360 441 429
303 441 295
264 307 958
303 307 799
202 307 601
391 307 573
360 307 544
208 307 397
264 475 426
202 475 620
391 475 760
303 475 45
208 408 921
391 408 225
360 408 195
264 297 624
303 297 528
208 297 235
202 297 227
264 355 958
208 355 634
391 355 573
303 355 528
202 355 480
389 202 877
346 202 266
374 208 405
384 208 391
346 360 384
389 391 877
384 391 481
374 303 1014
389 303 357
389 264 1206
346 264 1182
349 264 304
101 343 999
101 346 1284
133 346 928
133 389 928
133 384 1294
96 384 654
101 349 1288
133 349 1089
101 374 908
