250
668 425 449
457 425 217
678 425 168
149 425 634
636 425 400
497 425 755
305 425 165
668 436 449
457 436 208
149 436 343
636 436 385
497 436 672
305 436 299
668 441 215
457 441 293
149 441 1008
636 441 562
497 441 755
305 441 439
668 466 670
457 466 631
678 466 313
149 466 218
636 466 294
497 466 672
305 466 252
668 483 449
457 483 794
678 483 571
149 483 343
636 483 377
497 483 672
305 483 571
668 598 449
678 598 456
149 598 343
636 598 496
497 598 755
305 598 142
668 651 449
457 651 1003
678 651 142
149 651 866
636 651 508
497 651 672
305 651 252
668 664 778
457 664 903
149 664 1101
636 664 400
497 664 755
305 664 180
668 686 449
457 686 142
678 686 584
149 686 814
636 686 421
497 686 672
668 691 449
678 691 446
636 691 400
497 691 755
305 691 446
668 695 449
457 695 274
149 695 529
636 695 400
497 695 755
668 699 778
457 699 1003
678 699 506
149 699 121
636 699 400
497 699 672
305 699 252
668 733 449
457 733 142
149 733 926
636 733 457
497 733 672
305 733 161
668 789 191
457 789 1043
149 789 755
636 789 388
305 789 363
668 791 191
457 791 555
678 791 380
149 791 576
636 791 535
305 791 638
668 832 415
149 832 178
636 832 461
305 832 326
668 848 336
149 848 392
636 848 246
497 848 121
305 848 326
611 668 1028
646 668 718
626 668 556
808 668 133
808 457 996
742 457 522
611 457 475
626 457 395
646 457 383
611 678 1028
626 678 945
646 678 744
808 678 275
742 678 275
742 149 1216
742 636 1035
626 636 1027
611 636 1004
808 636 909
646 636 744
808 497 1060
646 497 776
742 497 528
626 497 522
611 497 522
808 305 991
611 305 703
646 305 703
626 305 703
742 305 269
140 742 1134
364 742 643
135 742 5
371 742 5
483 646 1192
463 646 1061
371 646 476
364 646 218
483 626 1192
463 626 1061
135 626 639
364 626 218
483 611 1192
463 611 1061
135 611 646
364 611 277
371 808 572
135 808 1243
129 1 491
333 483 946
139 483 1014
412 483 154
300 483 390
333 371 1068
139 371 1018
412 371 393
375 371 297
300 371 257
412 140 561
375 140 297
412 364 1085
300 364 448
375 364 251
300 135 873
412 135 561
375 135 534
139 135 343
333 135 343
375 463 1296
333 463 998
139 463 705
300 463 515
415 463 382
412 463 295
408 300 1216
475 300 1014
307 300 740
364 300 586
355 300 585
309 300 181
408 333 1150
475 333 1014
355 333 646
309 333 614
307 333 393
364 333 295
307 129 825
364 129 629
408 129 471
364 139 985
475 139 907
408 139 907
355 139 585
307 139 350
475 375 831
355 375 577
364 375 322
355 412 900
408 412 877
475 412 731
307 412 362
408 415 1201
355 415 900
475 415 468
307 415 362
309 415 249
264 364 1007
391 364 929
365 364 732
424 364 430
267 364 270
264 307 1007
391 307 894
208 307 745
267 307 364
365 307 310
208 408 1028
424 408 368
391 408 330
267 408 316
391 475 1023
264 475 419
365 475 25
267 309 447
391 309 243
264 309 233
208 355 900
264 355 850
391 355 850
365 355 732
267 355 467
214 208 1204
388 208 702
340 208 317
326 208 278
385 424 889
379 424 877
388 424 574
340 424 297
379 365 343
379 264 343
326 267 702
152 214 1300
101 326 1299
101 340 724
101 388 965
96 388 779
101 379 904
101 385 973
