248
601 36 33
137 36 1117
435 36 367
787 36 68
601 220 436
435 220 2
601 300 165
435 300 209
787 300 415
189 300 310
601 359 26
137 359 855
435 359 116
665 359 106
601 531 438
137 531 663
435 531 549
665 531 137
787 531 399
189 531 798
311 531 257
781 531 363
601 541 428
137 541 663
435 541 293
665 541 356
787 541 247
189 541 822
781 541 363
601 548 364
137 548 428
435 548 549
665 548 191
787 548 544
189 548 798
311 548 372
781 548 277
601 579 428
137 579 663
435 579 549
665 579 259
787 579 244
189 579 798
311 579 276
781 579 363
601 776 338
435 776 134
665 776 260
787 776 389
189 776 870
311 776 530
781 776 491
601 837 477
137 837 791
435 837 756
665 837 236
189 837 870
311 837 530
781 837 435
601 848 338
137 848 497
435 848 132
665 848 236
787 848 389
189 848 604
311 848 530
781 848 518
601 858 232
137 858 264
435 858 454
665 858 391
787 858 291
189 858 738
311 858 530
781 858 518
601 1021 254
665 1021 219
311 1021 449
137 89 115
435 89 635
787 89 233
189 89 602
781 89 215
137 295 1167
665 295 296
787 295 20
311 295 2
435 911 195
189 911 884
781 911 403
665 903 297
189 903 1205
665 943 224
787 943 491
189 943 578
311 943 212
189 167 2
311 167 378
781 167 68
715 601 866
805 601 548
794 601 537
686 601 392
785 601 325
794 137 110
805 137 1103
686 137 959
805 435 946
736 435 858
785 435 754
686 435 649
715 435 468
794 435 184
686 665 692
794 665 331
715 665 331
785 665 317
736 665 186
805 787 842
805 189 1180
736 189 213
794 189 3
805 311 849
736 311 849
686 311 607
794 311 505
785 311 490
715 311 424
785 781 753
686 781 344
736 781 35
458 794 602
432 794 688
35 794 425
93 794 13
458 715 495
432 715 588
49 715 63
35 715 9
93 805 728
35 805 27
93 686 1009
458 686 570
35 686 277
4 686 222
432 686 155
49 785 800
93 785 1279
35 736 883
4 736 1252
93 736 206
39 4 1114
78 4 220
333 458 574
234 458 574
78 458 559
264 458 493
39 458 474
375 458 474
329 458 361
39 432 758
375 432 705
333 432 574
264 432 493
234 432 486
78 432 486
329 432 395
234 49 171
78 49 1217
329 93 61
39 93 4
329 35 556
333 306 669
39 306 492
264 306 411
375 306 381
329 306 325
405 333 842
193 333 581
100 333 548
411 333 477
364 333 384
411 78 424
100 78 998
405 234 746
100 234 739
193 234 563
364 234 384
411 264 544
193 264 488
100 264 485
405 264 427
364 264 384
17 264 293
17 375 572
411 375 334
405 375 329
17 39 1296
100 39 67
100 329 1044
193 329 585
411 329 328
17 329 295
364 329 254
208 411 820
391 411 511
267 411 477
50 411 210
402 364 611
391 364 521
168 364 408
50 364 318
50 100 941
168 100 270
391 405 511
267 405 480
208 405 420
168 405 289
402 405 203
168 17 1299
267 17 59
168 193 1197
50 193 1065
267 193 712
391 193 223
208 193 150
343 402 630
340 402 630
379 402 597
349 402 432
367 208 864
340 208 456
379 50 1262
349 50 14
367 391 1058
379 391 545
379 267 550
367 168 998
340 168 1146
104 343 1299
95 343 865
95 349 826
134 349 753
134 379 1227
104 379 778
95 367 1252
134 340 935
104 340 778
