131
774 105 1252
774 362 1214
223 362 286
774 588 882
258 588 768
795 588 583
223 588 692
774 610 1205
258 610 768
795 610 772
223 610 692
774 664 774
258 664 768
795 664 583
223 664 692
774 787 1096
258 787 784
795 787 146
223 787 1037
774 803 1254
258 803 785
795 803 177
223 803 586
774 820 1096
258 820 377
795 820 953
223 820 1037
774 823 1096
258 823 880
223 823 452
774 849 1096
258 849 263
795 849 624
223 849 1037
227 774 233
821 258 714
227 258 700
516 258 625
604 258 212
703 258 160
516 795 639
821 795 119
227 223 300
516 223 1083
821 223 1293
703 223 547
466 604 991
496 604 991
431 604 745
349 604 576
466 821 996
496 821 883
431 821 157
349 821 73
431 227 389
496 227 1269
349 227 235
466 703 1247
496 703 991
431 703 745
496 516 1212
431 516 772
349 516 692
409 496 163
407 496 4
413 496 33
409 349 707
348 349 681
413 349 455
407 349 382
348 466 1134
409 466 1053
407 466 51
407 431 1175
409 431 1065
413 431 987
348 431 466
412 409 1174
416 409 1174
408 409 1113
436 409 581
398 409 222
412 413 1173
398 413 1173
436 413 1169
408 413 1076
416 413 1030
412 348 759
416 348 713
398 348 614
436 348 599
408 407 1009
416 407 861
436 407 581
398 407 433
412 407 433
436 414 1169
398 414 1138
416 414 807
412 414 753
408 414 420
374 436 982
208 436 794
140 436 794
267 436 372
374 398 1197
140 398 767
208 398 405
140 408 1068
208 408 926
374 408 913
267 408 372
374 416 1133
140 416 767
208 416 294
374 412 1197
140 412 954
267 412 372
238 140 1119
342 208 764
330 208 377
368 374 750
152 374 644
368 267 575
134 330 759
134 342 1286
152 342 1081
76 152 1233
134 368 1286
152 368 778
152 238 1300
