144
107 307 1213
313 307 234
107 404 654
769 404 654
313 404 310
267 404 321
107 478 942
769 478 505
313 478 147
267 478 914
107 490 1060
769 490 512
313 490 274
267 490 274
107 510 537
769 510 759
313 510 367
267 510 537
107 583 1081
769 583 514
313 583 355
267 583 1092
107 592 341
769 592 514
313 592 367
267 592 341
107 605 848
769 605 337
313 605 570
267 605 848
107 649 311
769 649 610
313 649 672
267 649 906
107 851 1079
769 851 1079
313 851 843
267 851 1079
107 895 532
769 895 282
313 895 619
267 895 976
306 107 1185
627 107 92
526 769 1103
627 769 15
738 313 1065
526 313 803
627 313 440
306 313 128
738 267 1000
627 267 1000
526 267 803
306 267 390
51 306 1244
462 306 1170
122 306 1005
52 306 863
198 306 516
122 738 1019
198 738 529
51 738 12
198 627 1182
462 627 1064
122 627 980
51 627 140
462 526 1245
51 526 1148
122 526 1075
52 526 863
198 526 728
184 51 907
380 51 616
375 51 1
30 122 1229
375 122 1050
184 122 603
380 122 603
316 122 548
375 462 971
184 462 821
316 462 769
380 462 474
30 462 215
375 198 1190
30 198 1186
184 198 947
380 198 945
184 52 596
30 52 73
375 52 8
402 316 1007
297 316 871
127 316 767
465 316 463
402 375 1271
465 375 684
297 375 586
127 375 475
297 184 920
402 184 446
465 30 56
297 380 539
402 380 539
475 265 1103
339 265 537
140 265 325
208 265 284
273 402 1300
140 402 1300
208 402 1300
339 402 403
475 402 243
475 127 1056
339 127 110
475 465 1211
273 465 210
339 465 1
475 297 831
339 297 663
208 297 558
238 140 1163
168 140 121
168 208 1249
214 208 950
154 208 754
152 475 1113
214 273 950
168 273 807
154 273 754
386 273 522
152 273 393
152 339 913
154 339 818
168 339 818
386 339 652
152 168 1300
76 152 1279
152 214 1300
76 214 844
76 386 1200
152 154 1300
76 154 891
152 238 1300
