182
581 116 209
422 116 256
604 116 160
361 116 356
702 116 516
581 348 557
361 348 314
581 528 452
422 528 614
604 528 966
361 528 257
702 528 568
655 528 597
581 665 930
422 665 398
604 665 666
702 665 129
655 665 554
581 674 683
422 674 356
604 674 733
702 674 266
655 674 597
581 795 907
422 795 185
604 795 192
361 795 112
702 795 173
655 795 461
581 824 954
422 824 185
604 824 350
361 824 676
702 824 964
655 824 734
581 851 954
422 851 185
604 851 257
361 851 457
702 851 712
655 851 461
581 853 256
604 853 720
702 853 603
655 853 721
581 882 285
604 882 720
361 882 457
702 882 800
655 882 734
581 885 413
422 885 165
604 885 409
702 885 129
655 885 355
422 72 806
422 114 698
702 114 405
422 339 343
422 948 417
361 948 3
655 948 1
361 197 596
361 253 515
655 253 251
361 335 574
643 581 1135
796 581 698
663 581 129
589 581 127
589 422 623
663 422 584
643 422 472
796 422 238
663 604 1187
643 604 761
796 604 698
663 361 709
589 361 667
643 361 488
796 361 292
643 702 1068
589 702 871
796 702 698
663 702 397
663 655 1187
643 655 843
589 655 761
796 655 464
280 643 1139
445 643 855
370 643 594
56 643 483
305 643 180
1 643 180
305 589 585
280 589 416
56 589 362
1 589 186
370 796 942
305 796 144
56 796 848
1 796 173
1 663 1063
370 663 594
56 663 483
280 663 416
305 663 192
83 1 606
94 1 725
87 1 461
129 1 359
375 280 1131
129 280 601
83 280 365
78 280 268
87 370 1202
94 370 1170
83 370 652
129 370 314
78 370 261
87 305 663
78 305 547
375 305 461
94 305 271
83 305 265
87 445 780
78 445 644
375 445 635
129 445 225
87 56 1120
78 56 413
83 56 3
335 78 6
112 83 806
274 83 379
335 83 9
250 94 704
170 94 955
335 94 92
112 87 1221
274 129 561
112 129 262
442 129 201
442 375 1212
289 335 1168
208 335 1075
416 335 442
208 274 1075
298 274 358
208 442 1244
416 442 1121
298 442 848
298 170 1192
416 170 826
208 170 826
416 250 740
289 250 530
208 250 449
416 112 574
408 208 1179
214 208 1169
374 208 332
214 416 1159
374 416 877
341 416 173
374 298 816
382 298 546
408 298 546
341 298 349
408 289 1062
214 289 790
382 289 381
341 289 381
374 221 845
214 221 1169
101 382 1142
101 374 1140
68 214 758
101 214 680
101 408 1249
101 341 696
