145
707 95 924
267 95 1023
707 427 343
703 427 1108
267 427 469
586 427 757
707 432 706
703 432 736
606 432 380
267 432 469
707 452 545
703 452 1108
267 452 469
586 452 701
707 473 459
703 473 1108
267 473 469
586 473 230
707 476 356
703 476 693
606 476 759
267 476 381
586 476 360
707 530 681
703 530 1108
267 530 469
586 530 882
707 547 356
703 547 694
606 547 449
267 547 469
586 547 826
707 576 682
703 576 1108
606 576 176
267 576 469
586 576 252
707 596 685
703 596 693
606 596 184
267 596 685
586 596 882
707 661 893
703 661 702
606 661 150
267 661 469
586 661 368
707 842 697
703 842 159
606 842 154
267 842 638
586 842 807
707 890 842
703 890 987
606 890 155
267 890 681
267 264 150
632 707 6
591 707 1024
632 703 817
804 703 798
591 703 557
804 606 1207
632 606 817
591 606 662
804 267 1114
591 267 833
632 267 730
804 586 1207
591 586 662
632 586 606
484 591 1199
243 591 1048
169 591 1048
273 591 174
243 632 1250
484 632 1139
169 632 1125
273 632 338
273 804 1158
484 804 1243
169 804 1058
447 273 1104
434 273 803
78 273 499
181 273 432
434 169 803
181 169 640
78 169 619
447 169 582
181 484 1150
434 484 780
447 243 1104
181 243 774
434 243 426
373 181 1175
179 181 1175
217 181 854
100 181 797
346 181 468
373 447 1239
179 447 1202
408 434 1289
373 434 1239
179 434 1202
100 78 857
217 78 290
408 78 30
494 100 37
494 217 1150
303 217 1121
264 217 868
267 217 715
267 408 340
494 373 1169
303 373 1121
267 373 926
264 373 926
494 346 1116
264 346 819
267 346 510
303 346 453
264 179 1118
267 179 510
303 179 473
494 179 428
348 494 1067
352 494 896
349 494 545
343 494 617
389 494 115
343 303 398
389 264 1260
348 264 1180
389 267 1140
348 267 1140
352 267 508
101 343 1037
133 389 867
101 349 1292
133 349 1057
101 352 1271
101 348 1108
133 348 1052
96 348 885
