161
537 69 102
512 69 689
537 166 1228
797 166 1175
512 166 1275
425 166 3
537 175 53
797 175 59
411 175 505
512 175 1194
425 175 7
537 314 1249
797 314 44
512 314 1276
537 430 292
797 430 713
411 430 767
512 430 1017
425 430 769
537 433 348
797 433 737
411 433 651
512 433 737
425 433 198
537 502 179
797 502 817
411 502 558
512 502 687
425 502 334
537 554 202
797 554 253
411 554 251
512 554 927
425 554 590
537 820 1196
797 820 398
411 820 936
425 820 464
537 865 1119
797 865 953
411 865 301
512 865 672
425 865 391
537 873 687
797 873 1187
411 873 883
512 873 423
425 873 391
643 537 1147
611 537 737
779 537 660
626 537 147
797 797 114
797 411 1045
779 411 1011
626 411 538
611 411 467
643 411 467
643 512 1147
611 512 737
779 512 438
797 512 191
626 512 147
779 425 1011
797 425 827
611 425 724
643 425 363
626 425 358
90 643 928
474 643 924
483 643 720
1 643 368
304 643 208
69 643 202
69 797 1210
304 797 94
483 626 1199
304 626 813
90 626 387
483 611 1199
474 611 924
304 611 813
90 611 387
483 779 1074
474 779 2
415 304 828
76 304 278
300 90 652
76 90 59
413 1 23
333 483 664
412 483 387
300 483 524
413 483 73
76 474 982
300 474 256
413 474 14
76 69 1241
300 69 233
413 69 35
408 300 1271
297 300 936
355 300 907
307 300 612
408 333 1219
297 333 1124
355 333 907
307 333 603
436 333 192
408 413 1254
436 413 1167
297 413 1031
355 413 462
307 413 259
355 76 760
436 412 1167
355 412 973
408 412 973
307 412 372
408 415 1201
355 415 1145
436 415 868
297 415 849
307 415 372
140 307 984
264 307 936
303 307 844
202 307 717
310 307 574
374 408 971
140 408 743
310 408 594
202 408 265
374 436 951
140 436 720
310 436 305
303 436 288
202 436 265
303 297 631
264 297 542
310 297 234
374 355 1192
264 355 871
202 355 645
303 355 631
310 355 574
140 355 343
206 202 968
140 202 754
346 374 295
206 303 474
140 303 474
206 310 1153
140 310 464
346 264 1163
206 264 968
140 264 754
179 140 1280
123 346 892
179 206 748
123 206 679
