91
774 164 1291
714 164 1106
774 480 1159
751 480 729
128 480 745
714 480 333
774 588 930
751 588 816
714 588 843
774 696 936
751 696 350
128 696 428
714 696 350
774 823 1216
751 823 682
128 823 375
714 823 1216
774 831 1059
751 831 809
128 831 759
714 831 1059
774 843 1137
751 843 809
128 843 759
714 843 1137
774 919 1280
714 919 1156
751 114 816
128 114 157
767 774 693
698 751 7
767 128 1051
431 698 1139
496 698 780
472 698 499
496 821 687
138 821 306
349 821 66
431 821 118
349 767 260
138 767 1114
496 767 1030
412 349 745
409 349 657
413 349 614
409 496 131
413 496 68
412 472 416
409 472 353
413 431 1069
409 431 1000
415 431 931
412 431 574
414 431 223
414 138 420
413 138 309
409 138 309
408 409 1180
416 409 1134
175 409 511
398 409 302
398 413 1161
408 413 1135
416 413 1004
175 413 527
398 412 1161
408 412 1053
416 412 785
175 412 511
398 414 1161
416 414 833
408 414 552
175 414 527
398 415 1080
408 415 1065
416 415 880
175 415 310
264 175 980
374 175 848
140 175 353
374 398 1234
140 398 824
140 408 1105
374 408 920
374 416 1153
140 416 824
238 140 1183
372 264 661
152 372 1291
152 238 1300
200 238 1141
