432
601 55 223
665 55 269
52 55 581
186 55 12
104 55 233
540 55 411
601 60 26
722 60 708
52 60 185
273 60 1
203 60 661
104 60 704
601 116 277
665 116 189
722 116 694
186 116 1
203 116 552
540 116 464
601 132 176
665 132 180
186 132 26
203 132 689
601 383 247
665 383 2
52 383 549
186 383 1
203 383 2
104 383 109
601 430 236
665 430 503
722 430 614
52 430 492
273 430 383
186 430 397
203 430 614
104 430 614
540 430 283
601 431 232
665 431 377
722 431 515
52 431 761
273 431 376
186 431 310
203 431 376
104 431 654
540 431 283
601 445 229
665 445 360
722 445 633
52 445 215
273 445 383
186 445 728
203 445 783
104 445 840
540 445 274
601 475 229
665 475 545
722 475 683
52 475 401
273 475 142
186 475 379
203 475 783
104 475 977
540 475 283
601 521 229
665 521 444
722 521 487
52 521 401
273 521 383
186 521 522
203 521 522
104 521 479
540 521 283
601 531 250
665 531 545
722 531 407
52 531 401
186 531 627
203 531 627
104 531 519
540 531 283
601 599 185
665 599 277
722 599 639
52 599 479
273 599 383
186 599 457
203 599 639
104 599 479
601 624 252
665 624 377
722 624 560
52 624 482
273 624 128
186 624 451
203 624 644
104 624 533
601 643 216
665 643 291
722 643 633
52 643 183
273 643 383
186 643 260
203 643 783
104 643 837
601 697 250
665 697 377
722 697 623
52 697 614
273 697 128
186 697 193
203 697 623
104 697 196
540 697 183
601 746 245
665 746 287
722 746 633
52 746 199
273 746 177
186 746 728
203 746 783
104 746 862
601 747 250
665 747 377
722 747 633
52 747 528
273 747 186
186 747 514
203 747 783
104 747 1057
601 753 250
665 753 377
722 753 533
52 753 640
273 753 158
186 753 683
203 753 683
104 753 446
601 767 252
665 767 545
722 767 633
52 767 401
186 767 219
203 767 773
104 767 773
540 767 283
601 776 166
665 776 277
722 776 385
52 776 572
273 776 415
203 776 409
104 776 590
601 871 278
665 871 242
722 871 239
52 871 306
273 871 140
203 871 399
104 871 317
540 871 236
665 63 318
52 63 760
186 63 182
203 63 248
540 63 91
722 336 476
52 336 134
104 336 301
52 67 5
186 67 156
203 67 607
827 601 680
718 601 573
803 601 323
769 601 315
752 601 291
719 601 235
796 601 167
827 665 897
686 665 700
718 665 510
752 665 412
719 665 367
803 665 217
769 665 210
719 722 762
796 722 86
752 722 5
827 52 884
752 52 31
769 52 170
686 52 1
719 273 904
827 273 904
803 273 569
718 273 478
752 273 439
796 273 407
769 273 254
686 273 225
719 186 1015
769 186 173
686 186 93
803 186 20
719 203 1112
769 203 182
827 203 639
803 203 65
752 203 25
718 203 2
769 104 285
719 104 861
686 104 424
796 104 55
803 104 35
827 104 1
769 540 873
827 540 763
752 540 583
803 540 449
686 540 323
719 540 304
796 540 232
718 540 195
1 719 957
208 719 925
94 719 515
350 718 311
458 718 215
463 718 98
212 718 83
1 803 1083
355 803 6
1 769 23
208 769 7
458 769 28
208 752 459
94 752 4
1 796 325
458 796 8
94 827 832
212 827 981
208 827 203
355 827 9
463 686 1282
94 686 923
212 686 759
458 686 391
350 686 354
403 1 490
77 1 110
87 1 238
7 1 11
413 1 7
7 350 801
375 350 753
77 350 753
87 350 546
413 350 260
403 350 227
420 350 211
87 94 296
403 94 31
420 94 75
87 458 650
7 458 484
375 458 470
420 458 257
413 458 250
77 458 194
7 208 920
87 208 546
420 208 497
77 208 355
403 208 320
413 208 312
390 208 250
7 355 920
413 355 652
420 355 497
403 355 320
7 212 581
87 212 566
413 212 479
77 212 420
375 212 420
420 212 199
403 212 194
413 211 652
420 211 385
7 211 341
403 211 315
87 211 272
375 211 199
375 463 1300
77 463 923
390 463 718
7 463 363
415 463 330
413 463 250
403 463 182
436 420 1001
232 420 973
398 420 966
279 420 574
407 420 523
411 420 292
364 420 279
407 375 1248
436 375 497
398 375 404
232 375 296
364 375 227
279 375 203
232 403 937
398 403 831
279 403 574
436 403 437
408 403 259
407 403 215
175 403 208
364 403 203
411 403 203
407 77 61
411 77 1
407 87 102
411 87 7
279 7 167
232 7 125
408 413 1105
398 413 1091
436 413 1001
232 413 247
175 413 208
364 413 143
407 413 143
407 390 1242
232 390 895
279 390 574
398 390 476
408 390 259
411 390 171
364 390 143
408 415 881
398 415 757
436 415 757
232 415 617
407 415 595
279 415 243
411 415 171
428 364 829
264 364 666
298 364 420
358 364 365
208 364 354
168 364 263
233 364 261
208 411 882
233 411 576
298 411 513
358 411 258
233 175 949
264 175 865
298 175 660
358 175 637
208 175 510
168 175 247
208 407 1293
233 407 684
298 407 672
358 407 584
208 398 784
358 398 607
233 398 487
208 408 991
298 408 720
358 408 607
233 408 459
168 232 873
264 232 820
298 232 574
358 232 570
428 232 410
233 232 247
208 436 977
233 436 953
298 436 866
358 436 253
264 279 766
428 279 653
298 279 574
358 279 570
233 279 236
168 279 236
214 208 1096
330 208 339
389 264 1139
348 264 945
379 264 356
348 358 703
389 358 703
330 358 626
379 358 580
330 233 777
379 233 524
343 233 349
349 233 338
389 298 538
379 298 524
343 298 237
348 298 186
355 298 178
355 428 881
392 428 677
214 428 617
330 428 308
349 428 277
330 168 547
134 392 969
101 343 857
134 389 662
101 349 1221
134 349 692
101 330 886
134 330 692
101 355 968
152 214 1300
134 214 1076
152 348 1279
101 348 1030
134 379 1088
