200
317 429 795
564 429 607
809 429 672
637 429 323
658 429 528
612 429 460
317 518 795
564 518 607
809 518 672
637 518 323
658 518 413
612 518 264
317 535 795
564 535 607
809 535 672
637 535 323
658 535 632
612 535 239
317 629 795
564 629 607
809 629 672
637 629 323
658 629 738
612 629 269
317 664 795
564 664 420
809 664 672
637 664 323
658 664 286
612 664 411
317 685 699
564 685 607
809 685 396
637 685 323
658 685 738
612 685 677
317 699 795
564 699 607
809 699 672
637 699 323
658 699 528
612 699 454
317 745 278
564 745 278
809 745 328
637 745 374
658 745 632
612 745 364
317 782 351
564 782 959
809 782 769
637 782 284
658 782 145
612 782 363
317 790 792
564 790 377
809 790 306
637 790 482
658 790 377
612 790 400
317 819 700
564 819 959
809 819 769
637 819 482
658 819 177
612 819 356
801 317 991
663 317 892
680 317 619
484 317 530
815 317 347
801 564 696
663 564 655
815 564 655
484 564 655
680 564 564
801 809 126
663 809 235
815 809 2
801 637 1148
815 637 701
680 637 483
663 637 306
484 637 297
801 658 1283
815 658 1016
680 658 483
484 658 133
801 612 1241
663 612 1139
680 612 791
484 612 644
815 612 610
156 484 1209
105 484 1092
31 484 800
338 484 800
244 484 729
41 484 451
31 815 148
244 815 111
338 815 11
156 815 12
244 801 1232
244 680 1029
338 680 493
156 680 268
31 680 211
244 663 1272
338 663 286
156 663 216
31 663 211
41 663 171
64 105 436
375 105 95
94 156 1211
142 156 682
64 156 614
129 156 566
375 156 270
94 244 795
375 244 622
64 244 389
64 31 1272
64 41 270
375 41 117
415 41 14
192 41 77
64 338 724
94 338 481
142 338 393
170 192 658
250 192 561
365 192 438
381 192 428
192 192 427
407 192 264
381 94 114
170 94 1186
250 94 953
365 129 783
192 129 481
407 129 356
381 129 240
365 142 993
250 142 754
170 142 754
381 142 577
192 142 400
407 375 1295
381 375 577
250 375 409
170 375 409
381 64 45
250 64 11
407 64 5
170 64 1
407 415 744
192 415 615
365 415 506
289 365 940
298 365 791
362 365 784
208 365 572
428 365 442
208 407 1292
298 407 516
362 407 496
298 170 1237
428 170 946
208 170 683
362 250 1164
428 250 946
289 250 424
208 250 408
298 250 301
289 381 736
298 381 736
428 381 401
298 192 568
428 192 435
408 208 1192
214 208 1173
374 208 401
374 298 856
408 298 296
382 298 296
382 428 1048
374 428 845
214 428 845
214 362 599
408 289 1143
382 289 475
101 382 1131
96 382 800
101 374 1010
101 214 653
101 408 1292
133 408 843
96 408 800
