379
782 289 1082
787 289 901
684 289 29
782 387 247
137 387 466
584 387 253
665 387 205
104 387 1062
787 387 608
790 387 472
233 387 721
684 387 253
782 448 499
137 448 499
584 448 407
665 448 506
104 448 814
787 448 608
790 448 364
233 448 721
684 448 274
782 473 167
137 473 476
584 473 343
665 473 488
104 473 705
787 473 488
790 473 738
233 473 258
684 473 421
782 480 719
137 480 790
584 480 253
665 480 207
104 480 980
787 480 608
790 480 364
233 480 721
684 480 421
782 514 438
137 514 438
584 514 407
665 514 330
104 514 983
787 514 608
790 514 848
233 514 721
684 514 234
782 552 248
137 552 577
584 552 253
665 552 372
104 552 1062
787 552 608
790 552 364
233 552 721
684 552 252
782 573 299
137 573 510
584 573 253
104 573 1062
787 573 608
790 573 364
233 573 721
684 573 215
782 581 719
137 581 790
584 581 186
665 581 204
104 581 768
787 581 369
790 581 344
233 581 498
684 581 598
782 613 248
137 613 271
584 613 253
665 613 372
104 613 1062
787 613 608
790 613 364
233 613 721
684 613 149
782 686 719
137 686 790
584 686 297
665 686 187
104 686 1062
787 686 608
790 686 904
233 686 721
782 702 299
137 702 198
584 702 407
104 702 1062
787 702 608
790 702 364
233 702 742
684 702 229
782 720 247
137 720 723
584 720 407
665 720 504
787 720 577
233 720 147
782 747 176
137 747 388
584 747 268
665 747 324
104 747 1062
787 747 608
790 747 734
233 747 721
782 759 200
137 759 301
584 759 367
665 759 200
104 759 1062
787 759 608
790 759 364
233 759 721
684 759 554
782 765 436
137 765 465
584 765 412
665 765 137
104 765 1062
787 765 608
790 765 364
233 765 721
782 767 719
137 767 790
584 767 268
665 767 503
104 767 1054
787 767 608
790 767 965
233 767 721
684 767 93
782 818 427
137 818 342
584 818 189
104 818 941
787 818 302
790 818 120
233 818 151
782 855 184
137 855 616
584 855 602
665 855 373
104 855 777
787 855 233
684 855 432
782 860 772
137 860 466
584 860 368
665 860 681
104 860 271
233 860 536
684 860 368
782 867 772
137 867 616
584 867 393
665 867 264
104 867 271
787 867 332
233 867 481
684 867 332
584 107 341
665 107 47
769 782 827
754 782 27
827 782 11
769 137 1024
686 137 934
767 137 157
813 137 7
631 137 1
631 584 936
686 584 848
827 584 712
767 584 508
682 584 492
764 584 476
754 584 412
769 584 392
813 584 382
686 665 794
827 665 712
764 665 520
682 665 450
769 665 411
631 665 180
686 104 501
769 104 484
813 104 39
827 787 462
682 787 44
813 787 1
754 787 2
769 787 1
813 790 879
827 790 767
631 790 5
754 790 37
754 233 231
686 233 273
631 233 240
769 233 31
631 684 936
769 684 692
682 684 492
764 684 476
813 684 382
767 684 187
68 754 45
92 754 1245
41 754 87
402 754 290
94 754 2
463 764 219
402 764 60
402 769 950
293 769 1083
92 769 75
52 769 132
1 769 7
68 682 1223
463 682 1054
41 682 867
402 682 757
293 682 379
52 682 184
402 767 160
402 827 506
94 827 817
293 827 1
463 686 1270
94 686 928
402 686 725
68 686 725
293 686 567
52 686 540
463 631 1257
68 631 1223
402 631 934
41 631 867
293 631 379
52 631 218
1 631 190
402 813 555
94 813 209
68 813 30
62 94 953
50 94 902
87 94 175
94 1 571
87 1 156
413 1 50
413 402 901
62 402 802
375 402 775
50 402 587
87 402 270
11 41 172
62 41 984
412 41 201
375 41 102
415 41 7
11 92 1258
94 92 170
87 92 215
62 92 6
50 92 12
50 293 848
62 293 791
412 293 620
94 293 618
413 293 495
375 293 314
62 68 1092
87 68 252
11 68 2
413 68 8
415 68 1
50 52 349
375 52 6
375 463 1294
415 463 501
413 463 460
50 463 393
412 463 380
94 463 201
408 62 522
311 62 339
208 62 843
433 62 45
175 50 304
408 50 65
208 50 129
175 94 13
208 94 1
433 87 131
311 87 58
408 413 1145
436 413 1084
398 413 1075
416 413 994
208 413 498
433 413 282
175 413 193
433 11 22
311 375 642
436 375 508
416 375 508
398 375 364
408 412 852
398 412 848
436 412 848
208 412 396
433 412 387
416 412 227
175 412 172
408 415 958
416 415 784
398 415 635
436 415 635
208 415 498
433 415 282
233 208 637
298 208 632
360 208 439
208 208 320
362 208 283
233 175 1005
298 175 665
208 175 615
360 175 248
362 175 230
208 408 1094
362 408 935
298 408 797
233 408 250
208 311 1138
360 311 439
208 433 1300
233 433 876
233 436 1008
298 436 904
208 436 880
362 398 935
208 398 575
233 398 503
360 398 242
233 416 1008
362 416 935
208 416 441
298 416 303
214 208 1159
340 208 357
374 208 357
326 208 351
326 360 933
340 360 458
214 360 391
340 233 641
374 298 918
355 298 253
214 362 667
374 362 299
340 362 299
101 336 1283
101 355 1086
101 374 967
152 374 967
152 214 1300
101 214 618
101 326 1298
101 340 576
