278
337 432 603
826 432 590
680 432 545
634 432 525
581 432 323
607 432 267
637 432 334
655 432 109
337 653 209
826 653 635
680 653 787
634 653 350
581 653 131
607 653 184
637 653 300
655 653 165
337 696 264
826 696 542
680 696 121
634 696 525
581 696 224
607 696 187
637 696 260
655 696 266
337 782 231
826 782 231
634 782 255
581 782 220
607 782 528
637 782 176
655 782 284
337 811 118
680 811 733
634 811 255
581 811 170
607 811 302
655 811 424
337 853 186
826 853 449
680 853 345
634 853 414
607 853 331
637 853 348
655 853 451
826 82 3
607 82 2
637 82 67
655 82 118
826 792 449
680 792 569
634 792 661
581 792 83
607 792 425
637 792 400
655 792 436
826 800 440
680 800 440
634 800 331
581 800 253
607 800 433
637 800 402
655 800 253
826 830 104
634 830 299
581 830 305
607 830 433
637 830 402
655 830 454
826 836 107
634 836 669
581 836 305
607 836 433
637 836 402
655 836 435
826 872 449
634 872 299
581 872 348
607 872 636
637 872 402
655 872 280
826 873 335
680 873 335
634 873 299
581 873 345
607 873 433
637 873 402
655 873 227
826 879 104
634 879 255
581 879 314
607 879 636
637 879 161
826 887 104
634 887 255
581 887 345
607 887 636
637 887 161
655 887 451
730 337 820
764 337 663
801 337 536
682 337 386
668 337 279
776 337 266
692 337 266
584 337 202
668 826 37
764 826 892
730 826 889
584 826 2
584 680 664
682 680 497
776 680 448
730 680 448
643 680 448
668 680 303
764 680 196
692 680 154
801 680 136
730 634 717
776 634 578
682 634 572
801 634 371
764 634 371
668 634 299
692 634 225
643 634 214
584 634 98
643 581 553
730 581 536
776 581 473
764 581 276
692 581 207
682 581 207
584 581 207
730 607 723
682 607 634
776 607 578
643 607 553
801 607 480
764 607 480
668 607 299
692 607 183
730 637 723
682 637 621
776 637 578
584 637 505
764 637 307
668 637 299
643 637 289
801 637 283
692 637 225
801 655 650
682 655 634
764 655 617
776 655 459
730 655 459
668 655 299
643 655 289
692 655 225
584 655 139
41 668 916
244 668 916
91 668 557
469 668 317
469 692 760
1 692 202
69 692 130
91 692 121
41 643 586
244 643 374
1 643 271
244 764 50
91 764 31
41 584 798
469 584 760
244 584 723
244 730 297
469 730 664
69 730 20
41 730 49
41 682 773
469 682 761
91 682 288
244 801 824
94 1 572
129 1 472
94 91 63
94 244 540
375 244 423
412 244 353
402 244 259
412 469 519
422 469 798
402 469 2
412 41 291
375 41 38
415 41 9
402 41 4
129 69 100
433 422 958
407 422 791
442 422 698
208 422 477
307 94 26
175 94 2
208 94 1
307 129 597
175 129 477
311 129 453
408 129 290
442 129 209
407 375 971
442 375 942
311 375 541
433 402 958
442 402 698
208 402 477
408 402 410
407 402 259
408 412 734
433 412 501
208 412 450
442 412 316
407 412 259
408 415 807
407 415 554
208 415 528
433 415 350
208 442 967
416 442 835
298 442 695
289 208 867
298 208 530
416 208 391
208 407 975
298 407 482
416 407 375
416 307 854
208 307 613
289 307 312
416 408 835
208 408 813
298 408 619
208 311 873
416 311 235
208 433 976
416 433 835
289 433 204
289 175 742
416 175 600
298 175 549
208 175 420
408 208 899
214 208 845
326 208 323
374 208 298
214 416 823
374 416 748
379 416 663
326 416 238
374 298 703
344 298 670
379 298 449
408 298 197
326 298 197
408 289 860
344 289 827
326 289 711
214 289 472
379 289 347
101 344 975
101 374 879
101 214 570
101 326 976
101 408 975
96 408 646
101 379 775
