506
601 287 353
665 287 219
190 287 38
22 287 180
710 287 21
790 287 5
601 406 328
665 406 265
232 406 269
657 406 189
787 406 413
190 406 161
754 406 310
22 406 609
710 406 609
781 406 529
790 406 267
104 406 417
601 449 328
665 449 236
232 449 269
657 449 456
787 449 590
190 449 321
754 449 292
22 449 308
710 449 519
781 449 529
790 449 428
104 449 664
601 481 328
665 481 386
657 481 345
787 481 375
190 481 412
754 481 412
22 481 174
710 481 406
781 481 386
790 481 375
104 481 412
601 483 337
665 483 351
232 483 220
657 483 170
787 483 362
190 483 281
754 483 167
22 483 213
790 483 765
104 483 424
601 527 328
665 527 183
657 527 149
787 527 365
754 527 400
22 527 192
710 527 519
781 527 585
790 527 1020
104 527 535
601 531 308
665 531 203
232 531 177
657 531 171
787 531 337
22 531 185
710 531 369
781 531 330
790 531 914
104 531 424
601 567 308
665 567 276
232 567 216
657 567 345
787 567 337
190 567 357
754 567 357
22 567 308
710 567 480
781 567 529
790 567 696
104 567 424
601 583 339
665 583 419
232 583 272
657 583 312
787 583 419
190 583 278
754 583 350
22 583 308
710 583 236
781 583 529
790 583 206
104 583 157
601 628 328
665 628 227
232 628 521
657 628 295
787 628 553
190 628 339
754 628 134
22 628 165
710 628 519
781 628 154
790 628 527
104 628 553
601 747 339
665 747 356
232 747 218
657 747 165
787 747 590
190 747 513
754 747 186
22 747 193
710 747 356
781 747 302
790 747 828
104 747 906
601 765 328
665 765 336
232 765 269
657 765 227
787 765 590
190 765 189
754 765 336
22 765 296
710 765 519
781 765 346
790 765 428
104 765 906
601 767 328
665 767 394
232 767 241
657 767 149
787 767 590
190 767 189
754 767 292
22 767 308
710 767 519
781 767 450
790 767 1104
104 767 597
601 776 216
665 776 259
232 776 160
787 776 261
190 776 778
754 776 176
22 776 572
781 776 420
790 776 285
104 776 389
601 788 348
665 788 234
657 788 231
190 788 778
754 788 176
22 788 572
710 788 308
781 788 287
790 788 183
104 788 438
601 789 348
232 789 160
657 789 267
787 789 367
190 789 778
754 789 176
22 789 572
781 789 469
104 789 438
601 794 237
665 794 213
232 794 261
657 794 267
787 794 261
190 794 778
754 794 176
22 794 572
710 794 308
781 794 265
790 794 183
104 794 146
601 848 216
665 848 259
232 848 846
787 848 261
190 848 778
754 848 176
22 848 572
710 848 95
781 848 399
790 848 142
104 848 99
601 867 225
665 867 267
232 867 544
657 867 225
787 867 210
190 867 778
754 867 276
22 867 572
781 867 362
104 867 221
601 873 216
665 873 449
232 873 254
657 873 150
787 873 210
190 873 778
754 873 276
22 873 572
710 873 402
781 873 254
790 873 278
104 873 389
601 877 317
665 877 234
232 877 261
657 877 262
190 877 370
754 877 105
22 877 304
710 877 526
781 877 570
790 877 183
104 877 99
601 972 267
657 972 60
190 972 588
754 972 116
22 972 146
781 972 440
104 972 99
601 973 114
787 973 142
190 973 289
22 973 1
710 973 3
781 973 646
790 973 403
601 977 298
665 977 263
657 977 128
787 977 4
754 977 3
790 977 181
104 977 103
801 601 937
718 601 613
715 601 592
827 601 445
581 601 427
742 601 259
825 601 203
686 601 163
827 665 712
686 665 681
581 665 573
718 665 543
742 665 277
801 665 224
715 665 209
825 665 203
677 665 176
827 232 713
677 232 826
742 232 241
718 232 116
581 232 13
742 657 489
581 657 489
686 657 457
801 657 445
718 657 410
825 657 203
827 657 183
677 657 176
827 787 411
718 787 28
801 787 69
122 190 372
686 190 434
715 190 194
677 190 151
825 190 47
801 190 3
742 754 530
581 754 395
122 754 278
677 754 5
825 22 278
122 22 197
718 22 136
677 22 4
827 22 1
715 710 351
122 710 193
686 710 253
742 710 114
825 710 5
827 781 343
122 781 84
686 781 103
825 781 4
677 781 4
677 790 271
827 790 712
122 790 165
825 790 45
686 104 497
715 104 108
286 825 1166
54 825 1
458 718 260
212 718 83
463 718 36
1 715 808
458 715 335
286 715 82
35 715 7
322 742 593
286 742 52
35 581 992
54 581 860
41 581 765
1 581 693
212 581 642
463 581 631
458 581 281
322 581 269
54 801 985
212 827 905
463 686 1290
212 686 642
54 686 451
458 686 410
35 686 194
54 677 885
41 677 765
322 677 405
35 677 372
458 677 274
463 677 274
1 122 762
306 122 143
286 122 293
41 122 88
94 54 1021
412 54 23
307 54 2
39 458 503
375 458 503
412 458 477
333 458 469
264 458 353
307 458 181
94 1 583
77 1 119
415 286 759
375 286 759
412 286 523
77 286 523
264 286 344
333 286 297
307 41 42
375 41 192
412 41 203
415 41 3
307 35 256
375 35 1
77 35 1
39 322 1072
77 322 959
412 322 522
94 322 417
333 322 297
39 212 896
375 212 593
94 212 591
77 212 590
375 306 479
77 306 479
412 306 448
333 306 448
415 306 300
264 306 271
39 306 266
375 463 1298
77 463 944
333 463 458
412 463 458
415 463 441
264 463 353
94 463 192
39 463 165
408 333 885
405 333 860
411 333 305
364 333 292
279 333 262
175 333 253
407 375 1278
436 375 596
411 94 177
377 94 9
279 94 9
175 94 16
407 77 85
411 77 1
279 77 1
408 307 1069
175 307 1069
377 307 925
407 307 405
436 307 248
364 307 240
411 307 222
411 264 404
175 264 389
364 264 292
405 264 287
175 39 388
436 412 904
408 412 840
279 412 528
411 412 444
407 412 430
405 412 260
407 415 851
408 415 839
436 415 765
405 415 260
411 415 171
364 415 170
298 364 508
437 364 411
362 364 399
168 364 395
208 364 331
208 411 784
298 411 581
437 411 374
362 411 350
267 411 335
298 175 740
267 175 508
208 175 407
168 175 381
362 175 204
208 407 1272
298 407 779
362 407 673
267 407 335
298 405 975
208 405 638
362 405 465
267 405 335
362 408 975
208 408 940
298 408 924
267 408 335
298 436 975
208 436 787
267 436 335
298 279 659
362 279 399
168 279 328
168 377 1269
362 377 345
437 377 263
214 208 1170
388 208 949
340 208 402
330 208 402
214 437 1124
388 437 1111
330 437 1025
340 437 987
343 437 483
349 437 481
379 298 673
343 298 267
330 298 245
340 298 245
330 168 532
388 168 1157
340 168 1107
379 267 484
214 362 616
330 362 441
340 362 441
69 330 1095
134 330 749
69 343 1031
133 349 1187
69 349 892
134 349 749
134 214 1197
133 340 1299
134 340 803
134 388 1103
69 388 655
134 379 1212
133 379 745
