266
87 116 1
10 116 884
87 334 4
48 334 137
629 334 325
10 334 3
87 438 234
48 438 1025
388 438 279
629 438 839
10 438 575
686 438 380
87 459 763
654 459 333
48 459 1119
388 459 330
629 459 839
10 459 881
686 459 365
87 595 301
48 595 647
388 595 630
629 595 249
10 595 441
686 595 473
87 616 763
654 616 211
48 616 224
388 616 630
629 616 657
10 616 859
87 776 472
654 776 358
48 776 455
388 776 449
629 776 526
10 776 515
686 776 397
87 799 472
654 799 108
48 799 782
388 799 449
629 799 516
686 799 182
87 830 232
654 830 327
48 830 649
388 830 580
629 830 452
10 830 515
686 830 385
87 882 219
654 882 733
48 882 782
388 882 263
629 882 452
10 882 333
686 882 295
87 886 751
654 886 847
48 886 782
388 886 580
629 886 452
10 886 387
686 886 385
654 40 600
629 40 447
48 122 147
10 122 713
48 163 1170
686 163 1
48 177 6
10 177 348
686 177 132
48 207 49
388 207 179
629 207 448
48 313 790
629 313 851
48 951 74
10 951 2
388 9 649
686 9 194
778 87 1158
778 654 1062
747 654 1018
736 654 833
831 654 531
193 654 525
202 654 386
202 48 161
778 48 995
831 48 1
736 388 1166
831 388 1049
778 388 624
747 388 624
193 388 546
202 388 175
778 629 1062
831 629 541
736 629 541
193 629 469
202 629 467
747 629 220
778 10 724
747 10 1130
202 10 1017
193 10 1241
831 10 1036
736 10 19
831 686 1146
778 686 1062
747 686 1024
736 686 833
193 686 525
202 686 386
185 778 980
486 778 1060
264 778 568
344 778 283
486 747 396
69 747 36
486 193 1198
139 193 254
344 193 27
69 193 43
69 831 121
185 831 627
344 831 299
486 202 1225
344 202 448
264 202 71
264 736 663
344 736 192
139 736 122
69 736 2
105 46 1027
13 46 191
412 46 43
18 46 25
18 344 679
13 344 492
105 344 485
412 344 314
37 344 252
18 486 813
37 486 1273
412 486 50
13 185 747
375 185 615
18 185 560
412 185 314
105 185 308
13 69 33
105 69 24
18 264 1116
13 264 876
105 264 765
37 264 674
412 264 531
13 139 914
375 139 674
37 139 613
412 139 531
18 139 493
105 139 425
375 463 1297
414 463 1289
415 463 467
412 463 446
37 463 201
18 463 178
24 37 943
408 37 1
68 13 88
416 375 726
436 375 726
398 375 553
24 375 532
385 375 341
88 375 261
24 18 1283
68 18 36
385 18 4
68 105 50
24 105 4
408 412 1066
385 412 963
436 412 736
398 412 736
416 412 347
408 415 1001
385 415 781
398 415 603
436 415 603
416 415 565
436 414 1176
398 414 1143
416 414 629
385 414 570
408 414 364
68 414 320
402 68 80
324 68 270
267 68 5
168 88 10
324 24 102
267 24 15
362 408 977
208 408 867
298 408 810
402 408 733
267 408 659
324 408 564
208 385 871
324 385 524
298 385 248
362 385 244
267 385 234
362 398 1014
324 398 524
208 398 405
402 398 405
267 398 272
298 436 810
267 436 659
208 436 552
324 436 524
402 436 193
362 416 1014
324 416 524
208 416 416
402 416 416
267 416 272
342 208 969
363 208 443
330 208 336
340 208 336
343 402 525
342 402 525
340 402 525
330 402 472
349 402 413
389 267 1044
363 267 642
389 298 607
343 298 259
340 362 359
330 362 359
389 324 700
342 324 638
349 324 476
330 168 529
340 168 1093
342 168 512
69 343 1125
134 342 1300
69 342 845
69 349 1013
134 349 853
69 363 1116
69 389 1125
69 330 1065
134 330 853
134 340 756
