176
601 164 686
511 164 155
633 164 15
276 164 218
601 398 126
511 398 498
457 398 766
633 398 344
684 398 183
601 439 178
511 439 428
457 439 984
633 439 344
684 439 242
276 439 210
601 492 154
511 492 379
457 492 154
633 492 250
684 492 446
276 492 520
601 588 290
511 588 425
457 588 449
633 588 544
684 588 144
276 588 303
601 609 314
511 609 118
457 609 591
633 609 210
684 609 617
276 609 568
601 670 184
511 670 184
457 670 687
633 670 344
684 670 503
276 670 284
601 789 377
511 789 648
457 789 979
633 789 866
684 789 377
276 789 377
601 800 283
511 800 648
457 800 100
633 800 284
684 800 381
276 800 544
601 825 283
511 825 648
457 825 126
633 825 112
684 825 243
276 825 206
601 860 223
511 860 483
633 860 745
684 860 466
276 860 683
601 866 161
511 866 483
633 866 367
684 866 587
276 866 192
457 69 24
633 69 215
684 69 399
457 117 6
276 117 3
626 601 1030
715 601 960
646 601 735
611 601 658
646 511 745
611 511 614
626 511 613
715 511 567
626 457 452
611 457 448
715 457 411
646 457 243
626 633 661
646 633 661
715 633 661
611 633 658
626 684 1008
715 684 960
646 684 826
611 684 658
715 276 835
626 276 452
611 276 448
646 276 210
227 715 404
432 715 913
458 715 626
227 646 1025
432 646 989
483 646 977
458 646 925
227 626 1025
432 626 989
483 626 977
458 626 925
432 611 989
483 611 977
458 611 925
227 611 807
139 458 951
368 458 773
333 458 719
264 458 607
139 432 970
333 432 719
264 432 607
139 483 1041
333 483 694
264 483 31
139 227 868
368 227 804
264 227 430
411 368 883
405 368 502
405 333 1039
408 333 776
411 333 546
364 333 370
411 139 883
364 139 805
405 139 433
408 139 277
411 264 712
405 264 595
364 264 370
298 364 363
267 364 300
208 364 243
374 411 849
298 411 331
267 411 331
208 411 329
298 405 709
374 405 600
267 405 460
208 405 329
374 408 902
208 408 738
298 408 709
267 408 460
374 436 859
298 436 709
208 436 490
267 436 460
214 208 955
368 374 651
214 374 379
368 267 465
323 267 444
368 298 750
355 298 302
343 298 157
101 323 1026
101 343 853
69 343 825
69 355 1053
101 355 964
134 336 1052
101 336 1051
69 336 1048
134 368 1053
101 368 882
134 214 1010
101 214 525
