134
333 417 428
788 417 1105
273 417 503
376 417 395
49 417 1003
333 486 428
788 486 739
273 486 538
376 486 579
49 486 775
333 494 428
788 494 1132
273 494 500
376 494 395
49 494 1003
333 597 393
788 597 1074
273 597 380
376 597 253
49 597 1057
333 605 428
788 605 1105
273 605 819
376 605 395
49 605 1003
333 649 513
788 649 587
273 649 500
376 649 543
49 649 963
333 765 428
788 765 1077
273 765 380
376 765 395
49 765 1003
333 862 500
788 862 809
273 862 166
376 862 829
49 862 599
333 915 1117
788 915 58
273 915 1
333 927 1000
788 927 1137
376 927 125
49 927 1
788 574 1105
273 574 672
376 574 231
49 574 1003
376 114 694
49 114 123
709 333 927
158 333 717
730 333 588
769 333 390
158 788 907
730 273 1170
709 273 973
769 273 453
158 273 266
709 376 1058
158 376 867
730 376 867
769 376 607
709 49 1210
158 49 1170
469 709 432
88 730 1233
469 730 1274
469 769 467
88 769 6
403 158 407
469 158 1297
337 88 184
216 403 1208
413 403 997
337 403 541
199 403 301
216 455 1131
413 455 1064
337 455 446
216 469 963
337 469 903
413 469 108
408 199 1247
175 199 1145
433 199 984
180 199 948
433 337 901
408 337 876
175 337 776
180 337 776
408 413 1191
433 413 729
175 413 579
180 413 211
408 216 1151
175 216 1007
180 216 823
433 216 814
229 175 1190
310 175 1127
264 175 943
374 175 660
374 408 1140
229 408 735
310 408 728
374 433 927
229 433 735
310 433 728
374 180 555
229 180 543
264 180 543
310 180 497
336 229 872
355 229 827
414 229 827
348 229 793
406 229 511
414 374 709
336 310 872
414 310 629
348 264 977
406 264 511
336 264 288
69 336 1211
123 336 741
69 355 1298
123 414 1238
69 406 800
69 348 1106
70 348 808
