126
150 34 1230
282 34 2
150 204 1152
464 204 824
150 264 1
464 264 10
282 264 30
150 400 1059
464 400 337
528 400 606
150 513 1059
464 513 608
528 513 520
282 513 427
150 614 1059
464 614 976
528 614 392
282 614 134
150 806 1123
464 806 1130
528 806 775
282 806 520
150 832 1123
464 832 156
282 832 271
150 876 1123
464 876 1179
528 876 775
282 876 520
464 112 1191
528 112 108
804 150 1292
741 150 2
804 464 1012
741 464 844
785 464 624
731 464 452
741 528 818
804 528 818
785 528 624
731 528 467
804 282 1171
741 282 835
785 282 790
731 282 263
169 741 1188
352 741 1060
352 731 1152
169 731 25
352 785 677
169 804 636
352 804 1271
447 169 1001
434 169 935
78 169 909
143 169 520
447 455 1293
143 455 1037
78 455 906
434 455 456
447 352 1298
434 352 1026
143 352 918
78 352 629
447 409 1259
434 409 762
78 409 293
143 409 289
237 447 1285
491 447 1277
373 447 1170
179 447 1023
217 78 179
491 78 470
491 434 1277
373 434 1170
179 434 1023
237 434 738
491 143 1122
237 143 1078
373 143 627
331 217 1105
264 217 879
276 217 770
298 217 582
331 237 1234
168 237 956
276 237 596
264 237 467
298 237 183
331 491 665
276 491 1102
264 491 227
168 491 670
168 373 956
276 373 770
264 373 467
298 373 345
264 179 1017
168 179 956
298 179 582
276 179 385
415 179 319
379 331 792
340 331 789
388 415 1219
340 415 1206
349 415 496
389 276 809
379 276 792
348 276 433
389 264 1238
348 264 1211
379 264 494
379 298 810
389 298 809
388 168 1166
340 168 1156
133 389 866
133 340 1300
101 388 932
101 349 1295
133 349 1208
101 348 1166
133 348 1079
133 379 866
