209
174 324 10
174 452 846
634 452 141
655 452 890
623 452 482
649 452 326
658 452 1031
174 626 398
634 626 889
655 626 398
623 626 482
649 626 231
658 626 891
174 655 569
634 655 389
655 655 945
623 655 482
649 655 326
658 655 777
174 680 456
634 680 795
655 680 657
623 680 764
649 680 326
658 680 735
174 758 340
634 758 628
655 758 990
623 758 482
649 758 237
658 758 836
174 782 726
634 782 583
655 782 891
623 782 357
649 782 410
658 782 170
174 802 369
634 802 925
655 802 916
623 802 916
649 802 618
174 808 849
634 808 729
655 808 1080
623 808 1080
649 808 182
658 808 139
174 811 267
634 811 929
655 811 782
623 811 424
649 811 641
658 811 746
174 830 295
634 830 929
655 830 902
623 830 902
649 830 360
658 830 360
174 883 516
634 883 1177
655 883 1177
649 883 183
658 883 472
634 653 850
655 653 741
623 653 339
649 653 326
658 653 627
663 174 739
730 174 1093
801 174 11
631 634 1255
801 634 574
663 634 574
730 634 523
631 655 1159
663 655 961
801 655 961
730 655 284
613 655 251
631 623 1236
663 623 906
801 623 906
730 623 320
631 649 1033
663 649 531
730 649 523
613 649 474
801 649 345
631 658 1281
801 658 1252
613 658 714
730 658 523
663 658 504
244 730 967
181 730 500
41 730 163
244 801 1228
41 631 1214
456 631 468
284 631 318
181 631 318
244 631 170
244 663 1267
181 663 1207
223 663 906
284 663 636
41 663 303
244 613 1267
41 613 1262
181 613 1140
223 613 659
284 613 581
415 181 1028
375 181 944
453 181 853
192 181 750
94 181 381
375 456 769
192 456 511
129 456 270
94 456 247
453 456 219
94 244 939
453 244 637
375 244 423
192 244 217
192 41 202
375 41 53
453 41 31
415 41 3
192 223 964
375 223 632
415 223 356
375 284 1183
94 284 1148
415 284 1052
129 284 1032
453 284 637
208 453 61
287 453 622
250 453 915
192 453 880
292 453 1060
170 453 704
208 192 1204
192 192 693
170 192 341
250 192 341
292 192 267
250 94 783
170 94 1095
292 94 3
292 129 886
192 129 820
287 129 744
250 129 376
170 129 376
287 375 342
192 375 342
292 375 329
250 375 248
192 415 850
208 415 744
292 415 733
289 208 1228
298 208 857
266 208 314
406 208 236
266 192 996
298 192 618
208 292 715
266 292 483
298 170 1249
208 170 907
406 170 907
266 170 541
289 170 90
208 250 674
406 250 674
289 250 519
266 250 314
208 287 715
406 287 505
266 287 483
298 287 281
289 287 281
408 208 1230
326 208 569
374 208 456
374 406 971
326 406 331
344 298 1144
374 298 866
408 298 489
326 298 489
374 266 1272
408 266 1230
326 266 1122
344 289 1190
408 289 1135
326 289 982
101 408 1299
96 408 933
101 344 1299
101 374 1255
101 326 1299
