294
609 423 335
436 423 926
583 423 106
703 423 543
581 423 632
364 423 158
586 423 218
609 432 335
436 432 245
583 432 723
703 432 391
581 432 391
364 432 313
609 452 361
436 452 926
583 452 622
703 452 800
581 452 632
586 452 800
609 473 335
436 473 926
583 473 586
703 473 825
581 473 632
364 473 235
586 473 170
609 476 335
436 476 303
583 476 280
703 476 546
581 476 700
364 476 273
586 476 170
609 504 335
436 504 313
583 504 622
703 504 857
581 504 330
586 504 800
609 547 335
436 547 145
583 547 723
703 547 533
581 547 533
364 547 505
586 547 505
609 554 335
436 554 440
583 554 295
703 554 546
581 554 622
586 554 174
609 576 400
436 576 791
583 576 181
703 576 952
581 576 632
364 576 374
586 576 230
609 661 527
436 661 381
583 661 657
703 661 543
581 661 527
586 661 176
609 733 643
436 733 484
583 733 241
703 733 458
581 733 330
364 733 244
586 733 687
609 813 437
436 813 147
583 813 342
703 813 795
581 813 769
364 813 385
586 813 848
609 825 474
436 825 200
583 825 868
703 825 608
581 825 556
586 825 386
609 866 197
436 866 388
583 866 156
703 866 692
581 866 769
364 866 269
586 866 1032
609 878 317
436 878 487
583 878 156
703 878 311
581 878 556
609 880 240
436 880 267
583 880 390
703 880 692
581 880 182
364 880 240
609 885 399
436 885 219
583 885 371
703 885 192
581 885 680
364 885 439
586 885 680
609 890 437
436 890 746
583 890 868
703 890 852
364 890 385
436 451 318
583 451 290
703 451 172
581 451 330
364 451 249
586 451 494
436 807 219
583 807 390
703 807 833
581 807 387
586 807 156
436 889 597
583 889 390
703 889 155
581 889 205
583 427 295
703 427 971
581 427 330
364 427 374
586 427 494
738 609 922
804 609 791
591 609 542
741 609 475
781 609 350
781 436 723
632 436 593
738 436 425
741 436 416
591 436 384
804 436 212
741 583 1159
632 583 907
781 583 606
738 583 528
804 583 528
591 583 357
741 703 1159
781 703 606
632 703 428
804 703 408
738 703 408
591 703 276
738 581 922
804 581 791
591 581 655
741 581 475
632 581 226
781 581 199
738 364 894
781 364 744
804 364 744
741 364 744
632 364 548
591 364 121
804 586 1002
738 586 607
741 586 475
591 586 290
632 586 226
484 741 705
169 741 1102
375 741 75
414 741 6
122 738 1135
169 738 154
484 591 1112
122 591 1039
414 591 925
243 591 641
169 591 641
456 591 563
375 591 451
375 781 157
169 781 33
243 632 1221
484 632 1112
456 632 811
414 632 811
169 632 810
375 632 451
122 632 184
484 804 1210
122 804 319
169 804 762
447 456 577
412 456 571
129 456 496
434 456 206
129 122 1186
447 122 590
415 122 546
449 122 240
129 169 860
434 169 679
447 169 460
449 169 289
449 375 958
447 375 590
434 375 573
181 484 943
449 484 1187
129 484 170
434 484 563
447 243 934
449 243 664
181 243 400
434 243 251
415 414 1164
447 414 794
412 414 571
434 414 206
373 447 1213
385 447 513
373 181 937
297 181 648
408 434 1288
373 434 1213
385 434 513
297 434 425
297 129 954
263 129 940
373 129 699
408 129 567
175 129 567
385 449 89
373 449 3
263 449 14
408 415 1072
373 415 1004
297 415 860
385 415 622
263 415 315
385 412 1082
373 412 971
408 412 910
263 412 315
175 412 224
264 175 1119
303 175 653
298 175 605
202 175 322
208 175 178
339 175 148
298 408 835
208 408 696
339 408 422
208 385 1137
303 385 681
298 385 264
264 385 236
339 385 184
264 263 796
339 263 537
298 263 483
303 263 478
202 263 322
303 373 1128
264 373 666
339 373 398
298 373 380
339 297 750
264 297 736
303 297 529
374 208 367
374 303 909
346 264 1151
348 264 995
374 298 1124
346 298 228
382 298 228
101 343 1042
101 346 1293
101 382 1139
96 382 669
101 349 1293
101 374 1018
101 348 1021
96 348 929
