107
774 105 1280
774 454 1234
804 454 866
795 454 911
774 588 883
804 588 258
795 588 547
774 595 1164
804 595 198
795 595 809
774 610 1176
804 610 455
795 610 729
774 787 1168
804 787 815
795 787 237
774 823 1168
804 823 260
774 851 978
804 851 708
795 851 140
774 878 1168
804 878 520
795 878 819
779 774 1226
779 804 1116
604 804 1
779 795 665
821 795 81
466 698 1245
431 698 1169
496 698 868
499 698 196
496 604 868
466 604 845
431 604 775
499 604 436
496 821 659
466 821 976
431 821 162
499 779 1056
466 779 1019
466 703 1245
496 703 868
431 703 775
409 496 252
413 496 53
407 496 16
409 499 944
391 499 528
409 466 1032
391 466 731
407 466 89
407 431 1204
409 431 1041
413 431 937
414 431 229
391 431 221
416 409 1133
408 409 1106
436 409 569
398 409 237
436 413 1200
398 413 1198
408 413 1103
416 413 898
408 407 1083
416 407 894
436 407 569
398 407 395
416 391 894
436 391 569
408 391 565
398 391 202
436 414 1200
398 414 1198
416 414 806
408 414 445
255 398 1138
140 398 745
199 398 311
267 398 246
140 408 1176
199 408 755
255 408 743
267 408 444
255 436 1010
140 436 670
267 436 444
199 436 335
140 416 745
267 416 268
255 416 216
238 140 1138
370 199 1022
152 199 673
389 199 563
389 264 1163
152 264 385
152 255 777
389 267 832
370 267 664
76 370 961
152 342 1080
152 389 654
76 152 1228
152 238 1300
