278
673 776 872
575 776 538
149 776 463
646 776 659
810 776 781
485 776 889
671 776 617
673 781 607
575 781 447
149 781 824
646 781 472
810 781 1006
485 781 607
671 781 441
673 786 867
575 786 235
149 786 431
646 786 308
810 786 1006
485 786 889
671 786 437
673 787 775
575 787 694
149 787 824
646 787 128
810 787 536
485 787 411
671 787 229
673 788 775
575 788 694
149 788 233
646 788 593
810 788 530
485 788 460
671 788 524
673 792 867
575 792 235
149 792 636
646 792 213
810 792 427
485 792 889
671 792 470
673 806 166
575 806 447
149 806 737
646 806 682
810 806 393
485 806 355
671 806 441
673 832 747
575 832 538
149 832 716
646 832 682
810 832 672
485 832 747
671 832 524
673 833 867
575 833 694
149 833 431
646 833 534
810 833 781
485 833 889
671 833 240
673 839 421
575 839 447
149 839 636
646 839 590
810 839 628
485 839 185
671 839 557
673 842 596
575 842 596
149 842 824
646 842 417
810 842 481
485 842 411
671 842 461
673 865 775
575 865 694
149 865 664
810 865 672
485 865 411
671 865 617
673 879 478
575 879 447
149 879 743
646 879 472
810 879 985
485 879 478
671 879 617
149 924 2
671 924 518
742 673 869
579 673 642
158 673 509
703 673 509
605 673 376
79 673 290
742 575 914
79 575 914
158 575 760
605 575 693
579 575 611
703 575 609
742 149 1053
158 149 949
79 149 952
742 646 1133
79 646 1105
579 646 1021
605 646 763
703 646 542
158 646 278
79 810 644
158 810 421
579 810 176
742 810 45
79 485 875
605 485 706
703 485 587
742 485 587
158 485 463
579 485 324
742 671 1133
79 671 1105
579 671 1021
158 671 688
605 671 688
703 671 209
469 579 856
322 579 668
234 579 464
518 579 376
364 579 342
322 742 1074
364 742 865
469 742 218
322 79 951
364 79 1233
234 79 556
469 79 474
518 79 46
469 605 1093
234 605 801
455 605 555
364 605 381
322 605 231
322 158 900
469 158 1279
469 703 819
322 703 761
455 703 498
234 703 357
364 703 225
39 518 189
413 518 134
402 518 39
387 234 1099
412 234 928
39 234 609
422 455 1108
39 455 1077
402 455 1056
415 455 981
413 455 915
387 455 818
412 455 733
422 469 1129
412 469 474
402 469 30
413 469 94
39 364 1149
387 364 1099
412 364 928
422 364 588
402 364 399
415 364 236
39 322 1110
387 322 1099
412 322 928
402 322 222
433 422 1249
385 422 1011
416 422 926
309 422 145
408 413 1128
436 413 973
416 413 739
433 413 435
309 413 422
385 413 298
17 39 1297
385 39 46
433 402 1249
416 402 875
385 402 608
408 402 351
309 402 351
17 402 132
385 412 1042
408 412 898
436 412 590
17 412 482
433 412 438
416 412 430
385 415 1011
408 415 908
416 415 663
433 415 435
309 415 422
436 415 328
436 387 1123
416 387 965
385 387 608
408 387 567
433 387 526
362 408 1111
298 408 988
415 408 539
415 385 419
298 385 398
417 385 301
362 385 293
415 433 539
417 433 301
362 433 172
415 17 823
437 17 243
436 17 504
298 17 5
362 309 1091
415 309 574
298 309 460
437 309 322
436 309 322
298 436 1009
415 436 231
362 436 219
437 436 219
436 436 219
362 416 1122
415 416 370
298 416 310
437 416 273
417 416 241
388 437 1205
340 437 1116
330 437 1061
349 437 662
343 437 659
388 436 1193
330 436 1143
349 436 662
340 436 576
343 436 547
330 417 1143
340 417 576
349 417 408
388 417 293
343 417 268
388 415 1220
340 415 1206
330 415 1061
349 415 662
343 415 659
343 298 502
340 362 401
330 362 401
343 362 398
133 349 1185
69 349 939
134 349 805
69 330 1154
134 330 805
69 343 1015
134 388 1064
133 340 1299
134 340 630
