144
20 181 396
702 181 542
20 476 545
64 476 824
702 476 305
101 476 1052
20 518 545
64 518 344
702 518 513
101 518 976
20 553 545
64 553 622
702 553 421
101 553 1052
20 626 545
64 626 1045
702 626 274
101 626 1052
20 676 492
64 676 1111
702 676 320
101 676 1156
20 740 628
64 740 628
702 740 136
101 740 1052
20 844 708
64 844 754
702 844 378
101 844 931
20 888 148
64 888 1142
702 888 440
101 888 920
64 36 648
101 36 1043
589 20 1009
777 20 549
589 64 256
777 64 1163
589 702 1087
777 702 947
636 702 660
692 702 459
777 101 1249
589 101 1242
636 101 7
297 692 707
49 692 625
179 692 501
394 692 411
305 692 242
49 777 737
297 777 645
305 777 627
179 777 847
394 777 929
297 636 1161
49 636 945
179 636 608
305 636 312
297 589 1161
49 589 971
305 589 534
179 589 356
295 305 699
78 305 699
87 305 493
275 305 468
141 305 345
87 49 64
78 49 1295
141 49 109
78 179 663
295 179 531
275 179 468
141 179 316
87 394 741
78 394 663
295 394 635
275 394 473
295 297 1099
141 297 863
78 297 663
275 297 468
100 78 793
351 78 579
100 275 766
351 275 510
340 275 368
170 275 317
250 275 317
100 295 608
340 295 524
351 295 375
340 87 147
170 141 757
250 141 666
340 141 454
100 141 357
346 141 347
198 100 121
168 100 264
298 100 1
198 351 986
298 351 478
208 351 264
298 170 1190
168 170 856
208 170 803
198 170 294
168 250 971
198 250 895
208 250 439
298 250 196
168 346 1151
198 346 789
219 346 611
298 346 607
198 340 775
298 340 556
168 340 490
208 340 476
367 208 686
374 208 503
340 208 503
363 208 466
389 208 367
389 219 472
367 219 417
367 198 721
316 198 420
374 298 690
389 298 662
340 298 399
340 168 1099
367 168 723
133 363 1293
175 316 795
68 316 793
133 389 910
133 374 827
133 340 1300
133 367 1300
