304
473 404 164
342 404 358
128 404 295
777 404 570
655 404 262
93 404 333
327 404 164
781 404 416
473 415 345
342 415 407
128 415 388
777 415 235
655 415 339
93 415 252
327 415 627
781 415 435
473 518 339
342 518 407
128 518 388
777 518 206
655 518 299
93 518 99
327 518 296
781 518 447
473 594 496
342 594 407
128 594 388
777 594 448
655 594 262
93 594 161
327 594 612
781 594 418
473 598 263
342 598 407
128 598 388
777 598 196
655 598 221
93 598 244
327 598 627
781 598 447
473 752 496
342 752 407
128 752 388
655 752 262
93 752 149
327 752 298
781 752 447
473 777 406
342 777 256
128 777 419
777 777 283
655 777 487
93 777 454
327 777 306
781 777 454
473 798 125
342 798 212
128 798 113
777 798 211
655 798 487
93 798 339
327 798 306
781 798 305
473 802 443
128 802 222
655 802 487
93 802 150
327 802 343
781 802 298
473 819 399
128 819 222
777 819 517
655 819 202
93 819 164
327 819 343
781 819 700
473 823 502
342 823 101
128 823 113
777 823 261
655 823 487
93 823 339
327 823 306
781 823 696
473 826 331
342 826 197
128 826 279
777 826 503
655 826 571
93 826 284
327 826 450
781 826 335
473 846 95
128 846 222
777 846 513
655 846 322
93 846 185
327 846 343
781 846 439
473 853 125
128 853 222
777 853 319
655 853 449
93 853 415
327 853 450
781 853 298
473 857 331
342 857 87
128 857 222
655 857 487
93 857 150
327 857 343
781 857 700
473 887 95
342 887 271
128 887 222
777 887 146
655 887 449
93 887 185
327 887 304
781 887 298
342 987 143
655 987 6
93 987 63
668 473 577
339 473 568
516 473 524
631 473 478
801 473 471
675 473 380
556 473 324
631 342 652
516 342 516
675 342 512
339 342 467
668 342 390
801 342 136
668 128 327
556 128 738
339 128 20
556 777 554
516 777 730
339 777 131
668 777 2
801 655 621
631 655 567
668 655 333
556 655 246
675 655 235
516 655 199
339 655 139
556 93 49
339 93 175
675 93 58
631 93 11
801 93 6
668 93 6
516 327 639
556 327 583
668 327 577
675 327 486
339 327 467
801 327 406
631 327 213
631 781 106
339 781 312
556 781 26
675 781 11
244 668 874
54 668 773
457 668 578
456 668 176
54 675 773
457 675 722
456 675 535
491 675 398
481 675 160
244 675 140
457 801 185
481 801 713
244 801 758
54 801 753
491 801 1
32 339 928
491 339 826
456 339 223
244 339 220
54 339 219
457 339 175
456 631 411
457 631 406
481 631 292
32 556 719
491 556 719
457 556 395
456 556 242
244 556 220
54 556 219
32 516 929
491 516 826
456 516 225
457 516 122
241 32 686
375 456 631
307 456 370
412 456 326
94 456 174
94 54 863
412 54 26
78 54 4
375 481 1004
78 481 70
307 481 53
307 244 774
241 244 584
94 244 549
375 244 490
412 244 418
78 244 282
375 457 938
307 457 402
412 457 326
415 457 230
241 457 131
78 457 112
241 491 830
412 491 168
307 491 297
170 241 201
250 241 182
351 78 487
223 78 27
385 78 2
250 94 701
170 94 856
208 94 1
170 307 751
250 307 729
223 307 229
385 375 336
170 375 210
250 375 210
385 412 814
192 412 422
208 412 358
250 412 344
223 412 252
385 415 693
208 415 498
192 415 422
223 415 144
298 208 623
208 208 281
358 208 257
362 208 243
266 208 171
362 250 894
358 250 517
208 250 290
266 250 242
298 250 211
362 351 755
298 351 430
298 170 968
208 170 506
266 170 334
358 170 151
208 385 925
298 385 369
358 385 275
362 385 226
266 385 218
266 192 918
298 192 508
208 223 494
362 223 404
266 223 396
358 223 385
298 223 333
214 208 880
374 208 360
340 208 360
379 358 484
340 358 417
349 358 276
374 298 712
379 298 527
343 298 202
340 298 183
374 266 971
214 266 369
214 362 407
374 362 383
340 362 383
101 343 770
101 349 997
133 349 893
133 379 745
101 379 633
101 374 772
101 214 546
133 340 1002
96 341 821
101 341 770
