254
48 417 879
685 417 682
381 417 879
128 417 501
202 417 879
22 417 193
48 507 943
685 507 684
381 507 914
128 507 830
202 507 909
22 507 533
48 514 706
685 514 755
381 514 322
128 514 875
202 514 497
22 514 244
48 609 1048
685 609 873
381 609 977
128 609 472
202 609 909
22 609 600
48 663 965
685 663 580
381 663 914
128 663 398
202 663 909
22 663 464
48 707 805
685 707 873
381 707 977
128 707 462
202 707 805
22 707 600
48 729 1148
685 729 873
381 729 977
128 729 719
202 729 909
22 729 600
48 771 700
685 771 556
381 771 667
128 771 469
202 771 571
22 771 427
48 773 651
685 773 615
381 773 916
128 773 697
202 773 321
22 773 1123
48 776 389
685 776 615
381 776 800
202 776 670
22 776 1123
48 782 459
685 782 615
381 782 520
128 782 328
202 782 634
22 782 1123
48 796 651
685 796 615
381 796 584
128 796 646
202 796 321
22 796 1123
48 811 309
685 811 1069
381 811 667
128 811 314
202 811 851
22 811 705
48 821 677
685 821 556
381 821 667
128 821 328
202 821 850
22 821 427
48 830 700
685 830 954
381 830 632
128 830 328
202 830 634
22 830 309
48 833 700
685 833 615
381 833 926
128 833 90
202 833 321
22 833 1123
48 881 700
685 881 615
381 881 667
202 881 321
22 881 1123
48 884 259
381 884 1017
128 884 697
202 884 187
22 884 892
685 869 615
381 869 584
128 869 328
202 869 321
22 869 1123
656 48 14
621 685 1053
656 685 732
719 685 575
790 685 442
184 685 331
723 685 271
698 685 221
656 381 677
184 381 546
698 381 381
719 381 370
790 381 278
621 381 165
723 381 132
184 128 272
184 202 346
723 202 102
656 202 116
698 22 842
656 22 779
278 719 736
407 719 662
109 698 674
278 698 520
32 698 273
47 698 150
407 656 640
278 656 520
463 656 407
32 656 273
109 621 1040
278 621 882
407 621 668
278 184 1278
32 184 166
47 790 1029
407 790 1
278 723 79
407 723 166
109 723 15
402 32 43
413 278 1069
402 278 802
239 278 689
236 278 454
239 109 952
413 109 8
236 109 2
413 407 923
402 407 902
239 407 673
236 407 281
375 407 275
77 47 1298
375 463 1300
77 463 1009
390 463 855
415 463 652
413 463 398
236 463 281
407 77 53
436 413 1095
408 413 1066
416 413 803
374 413 704
385 413 215
407 413 183
447 413 183
385 236 454
407 236 454
408 236 419
416 236 332
407 375 1256
374 375 1025
447 375 1022
416 375 731
436 375 625
385 375 266
447 402 1065
416 402 626
408 402 474
385 402 379
407 402 376
374 402 221
407 390 1277
416 390 1161
385 390 741
374 390 665
408 390 370
408 415 861
407 415 770
385 415 741
416 415 609
436 415 552
447 415 183
374 415 180
408 239 607
208 447 1299
206 447 1081
279 447 848
229 447 480
208 407 1299
206 407 927
279 407 894
206 408 1109
208 408 1094
279 408 914
229 408 480
208 385 1215
279 385 1038
206 385 847
279 436 1274
206 436 1162
208 436 884
229 436 212
206 416 1276
208 416 407
229 416 317
206 374 1054
279 374 256
342 208 976
340 208 335
330 208 335
330 279 1250
340 279 722
355 279 656
355 229 842
348 229 778
342 229 639
349 229 486
340 229 406
330 229 406
342 206 1193
348 206 232
134 342 1298
69 342 1049
69 330 1210
134 330 923
69 349 1049
134 349 923
69 355 1299
134 340 913
69 348 1138
