282
609 392 526
601 392 373
799 392 276
4 392 396
338 392 142
630 392 373
104 392 594
609 419 382
601 419 636
250 419 739
799 419 448
4 419 636
338 419 534
630 419 438
104 419 510
609 435 477
601 435 353
250 435 739
799 435 503
4 435 451
338 435 742
630 435 212
104 435 149
609 487 319
601 487 562
250 487 739
799 487 448
4 487 562
338 487 311
630 487 183
609 561 477
601 561 644
250 561 739
799 561 606
4 561 644
630 561 268
104 561 510
609 624 505
601 624 618
250 624 739
799 624 448
4 624 505
338 624 120
630 624 438
104 624 449
609 630 226
601 630 326
250 630 739
799 630 448
4 630 346
338 630 479
630 630 171
104 630 248
609 660 382
601 660 379
250 660 739
799 660 566
4 660 379
338 660 575
630 660 438
104 660 219
609 685 578
601 685 411
250 685 411
799 685 275
4 685 578
338 685 267
630 685 155
104 685 470
609 709 332
601 709 555
250 709 739
799 709 448
4 709 555
630 709 488
104 709 166
609 789 479
601 789 435
250 789 137
799 789 431
4 789 207
630 789 622
104 789 435
609 811 413
601 811 313
250 811 194
799 811 338
4 811 177
338 811 554
630 811 265
104 811 252
609 826 479
601 826 217
799 826 338
338 826 536
630 826 389
104 826 455
609 903 33
250 903 1001
4 903 82
601 375 26
250 375 661
4 375 427
104 375 13
601 934 9
799 934 1
4 934 323
630 934 48
601 1014 9
4 1014 116
104 1014 710
250 985 331
799 985 478
338 985 1
630 985 469
104 985 2
611 609 996
626 609 982
646 609 630
718 609 110
626 601 1106
611 601 998
718 601 997
646 601 664
626 250 640
611 250 930
718 250 231
718 799 163
626 799 9
611 799 80
626 4 925
718 4 12
611 338 995
718 338 914
626 338 885
646 338 666
626 630 1067
611 630 910
718 630 794
646 630 664
626 104 1
227 718 998
186 718 991
432 718 113
411 718 351
463 718 35
483 646 1230
186 646 1010
463 646 997
411 646 906
432 646 832
227 646 822
402 646 534
483 626 1230
463 626 997
402 626 919
432 626 832
227 626 822
411 626 562
186 626 212
483 611 1230
463 611 997
432 611 832
227 611 417
186 611 273
402 611 205
411 611 188
139 483 1041
333 483 941
112 483 324
413 483 120
300 483 236
264 483 5
413 411 1040
333 411 1025
139 411 844
368 411 825
264 411 528
300 411 394
112 411 260
333 432 1025
139 432 910
300 432 669
264 432 528
413 432 488
112 432 245
413 402 1038
368 402 558
300 402 465
264 402 333
112 402 319
139 402 319
333 186 1102
139 186 1043
368 186 565
139 227 825
368 227 565
264 227 549
300 227 518
333 227 428
112 227 241
333 463 1006
139 463 844
264 463 528
413 463 488
300 463 394
475 333 965
214 333 943
364 333 451
411 333 443
307 333 279
441 333 239
475 300 965
307 300 661
364 300 651
441 300 507
411 300 493
214 300 493
475 368 938
411 368 902
307 368 881
214 368 420
441 368 239
364 112 496
214 112 784
475 413 501
214 413 396
441 413 253
364 413 184
307 413 145
364 139 984
475 139 956
441 139 943
411 139 902
214 139 466
307 139 314
214 264 880
475 264 754
411 264 746
364 264 451
264 364 957
391 364 873
381 364 369
264 214 1026
267 214 1026
391 214 828
208 214 775
360 214 268
391 411 854
208 411 403
381 411 313
267 411 306
391 441 854
360 441 448
208 441 403
264 307 957
391 307 887
381 307 450
360 307 440
267 307 390
208 307 352
264 475 388
391 475 962
214 208 1159
374 208 301
336 360 374
346 360 362
346 264 1169
336 264 310
346 267 1008
336 381 835
214 381 803
349 381 261
101 346 1289
101 349 1289
101 336 1289
101 355 1127
101 374 991
152 374 991
152 214 1299
200 214 1138
101 214 577
