300
437 222 25
583 222 761
824 222 1080
568 222 27
809 222 2
437 405 559
601 405 224
583 405 529
633 405 478
824 405 627
638 405 529
568 405 232
809 405 695
684 405 185
437 467 453
601 467 494
583 467 682
633 467 276
824 467 711
638 467 224
568 467 378
809 467 276
684 467 378
437 473 453
601 473 148
583 473 682
633 473 401
824 473 177
809 473 695
684 473 642
437 557 302
601 557 302
583 557 482
633 557 401
824 557 146
638 557 549
568 557 329
809 557 482
684 557 571
437 664 453
601 664 267
583 664 607
633 664 244
824 664 669
568 664 496
809 664 195
684 664 669
437 702 316
601 702 289
583 702 803
633 702 312
824 702 214
638 702 316
809 702 188
684 702 241
437 766 311
601 766 359
583 766 450
633 766 443
824 766 443
638 766 311
568 766 352
809 766 188
684 766 352
437 826 376
601 826 159
583 826 764
633 826 590
824 826 318
638 826 415
568 826 276
809 826 708
684 826 258
437 846 200
583 846 756
633 846 253
824 846 242
638 846 457
568 846 279
809 846 181
684 846 258
437 853 376
601 853 140
583 853 207
633 853 676
824 853 127
638 853 415
568 853 204
809 853 708
684 853 169
437 860 162
601 860 144
583 860 440
633 860 676
638 860 451
568 860 207
809 860 383
684 860 609
437 862 556
633 862 676
824 862 703
638 862 396
568 862 204
809 862 210
684 862 153
437 865 556
583 865 412
633 865 253
638 865 412
568 865 184
809 865 383
684 865 494
437 866 360
601 866 459
583 866 187
633 866 246
824 866 187
638 866 360
568 866 184
809 866 360
684 866 609
601 158 3
824 158 16
638 158 110
583 140 37
638 140 6
568 140 661
684 140 538
638 924 907
656 437 565
715 437 560
611 437 499
626 437 374
646 437 305
602 437 224
626 601 1037
715 601 1037
646 601 768
611 601 747
656 601 502
602 601 334
602 583 955
656 583 734
646 583 520
626 583 397
715 583 267
611 583 138
602 633 955
656 633 842
646 633 510
626 633 510
611 633 414
715 633 414
626 824 657
646 824 74
611 638 716
602 638 649
656 638 649
646 638 371
626 638 371
715 638 371
611 568 539
646 568 483
626 568 375
656 568 329
602 809 397
656 809 661
646 809 458
602 684 955
626 684 781
715 684 781
646 684 768
611 684 747
656 684 734
41 656 1169
456 656 1089
227 656 1047
469 656 894
483 656 595
432 715 946
227 715 308
41 646 1169
432 646 1112
456 646 1089
227 646 1047
483 646 1025
469 646 453
41 626 1169
432 626 1112
227 626 1047
483 626 1025
469 626 453
456 626 219
432 611 1112
483 611 1025
41 611 920
469 611 894
227 611 603
456 602 1089
41 602 1089
432 602 876
483 602 876
469 602 844
227 602 603
139 456 799
375 456 641
333 456 331
300 432 882
139 432 799
333 432 675
375 432 641
264 432 484
415 432 164
333 483 621
139 483 1112
300 483 305
264 483 15
402 483 1
300 469 24
402 469 4
375 41 96
402 41 7
264 41 1
415 41 7
402 227 802
139 227 605
300 227 494
264 227 364
408 300 1238
433 300 1054
475 300 688
337 300 420
408 333 918
475 333 688
433 333 351
475 139 596
408 139 596
433 139 406
475 264 483
208 264 375
433 264 351
436 375 719
398 375 455
475 375 444
408 375 263
433 402 1274
408 402 714
208 402 520
475 402 252
408 415 1135
436 415 580
398 415 580
208 415 520
433 415 458
475 415 252
337 415 210
267 208 812
264 208 812
391 208 331
208 208 331
208 408 979
267 408 382
266 408 334
391 408 183
264 475 308
391 475 859
208 433 1300
267 433 539
391 433 379
208 337 921
391 337 757
266 337 612
264 337 427
267 337 123
208 398 703
266 398 334
208 436 761
267 436 382
266 436 334
214 208 1167
326 208 382
374 208 337
389 391 905
389 264 1185
336 264 383
389 267 952
326 267 715
368 267 581
374 266 1266
326 266 1032
214 266 640
355 266 454
101 389 798
101 368 1094
96 368 665
101 336 1297
101 355 1222
101 374 1091
101 214 722
101 326 1299
