180
696 475 745
678 475 578
634 475 489
769 475 570
581 475 570
696 508 457
678 508 557
634 508 557
769 508 358
581 508 223
696 537 457
678 537 555
634 537 555
769 537 241
581 537 483
696 539 765
678 539 578
634 539 420
769 539 893
581 539 843
696 642 155
678 642 201
634 642 173
769 642 600
581 642 600
696 776 352
678 776 254
634 776 376
769 776 914
581 776 246
696 821 398
678 821 254
634 821 356
769 821 946
581 821 723
696 848 737
678 848 310
634 848 237
769 848 1111
581 848 590
696 851 398
678 851 580
634 851 653
769 851 937
581 851 800
696 853 598
678 853 254
634 853 1018
769 853 177
581 853 140
696 867 737
678 867 310
634 867 876
769 867 1111
581 867 590
696 882 393
678 882 179
634 882 1018
769 882 571
581 882 246
696 893 398
678 893 254
634 893 1018
769 893 983
581 893 251
739 696 1276
640 696 1081
643 696 1024
730 696 784
680 696 647
643 678 1128
730 678 784
680 678 648
739 678 623
640 678 307
739 634 1276
640 634 1081
730 634 784
680 634 756
643 634 589
680 769 68
640 769 4
643 581 1157
640 581 910
739 581 910
680 581 756
730 581 479
93 640 1069
424 640 1032
480 640 828
52 640 782
270 640 415
93 643 1069
424 643 1032
480 643 828
52 643 782
443 643 323
270 730 521
480 730 124
424 730 2
270 739 948
270 680 970
52 680 778
424 680 616
480 680 566
443 680 411
477 424 1235
375 424 695
422 424 532
176 424 303
29 424 173
375 443 1285
477 443 1135
422 443 798
29 443 598
176 443 560
477 480 833
29 480 578
176 480 1075
477 93 883
181 93 958
176 93 182
477 52 76
375 52 1
477 270 1218
29 270 1049
375 270 552
181 270 428
422 270 361
433 422 1265
208 422 597
193 422 137
253 181 1013
433 181 784
217 181 625
208 181 591
193 181 549
402 375 999
253 375 341
253 29 1219
217 477 278
208 477 543
193 477 467
433 477 2
193 176 676
217 176 587
433 176 355
50 208 943
208 208 378
440 208 378
50 217 1164
208 217 1010
208 402 1300
440 402 924
424 402 143
208 433 1300
440 433 851
424 433 690
50 433 210
50 193 1164
424 193 1028
440 193 1028
440 253 1274
424 253 1138
50 253 1024
208 253 809
348 208 437
379 424 1197
385 424 1170
348 424 283
348 50 1204
379 50 1285
385 50 1287
379 440 1197
385 440 1170
101 359 1280
152 348 1280
101 348 1034
101 379 801
101 385 982
