166
751 148 1079
795 148 1289
751 513 457
774 513 504
58 513 618
795 513 826
751 594 223
774 594 728
58 594 544
795 594 1210
263 594 188
751 610 554
774 610 784
58 610 359
795 610 1250
263 610 154
751 658 588
774 658 497
58 658 764
795 658 1251
263 658 220
751 737 815
774 737 635
58 737 670
795 737 1268
751 761 422
774 761 560
58 761 584
795 761 1277
263 761 196
751 776 711
774 776 196
58 776 963
795 776 1163
263 776 363
751 860 579
774 860 579
58 860 249
795 860 1164
263 860 713
58 81 206
795 81 1282
263 81 376
748 751 1100
779 774 1238
754 774 92
797 774 261
748 58 1123
761 58 622
761 795 750
797 795 524
754 795 213
779 795 138
758 795 118
754 263 996
761 263 859
758 263 810
797 263 694
779 263 612
748 263 412
504 754 1213
162 754 24
229 754 5
25 748 1050
504 748 1
69 797 1005
504 797 778
69 761 689
504 761 295
25 758 581
162 758 45
229 758 21
486 779 17
504 779 3
391 229 528
409 229 392
375 229 223
391 25 294
375 25 260
391 486 638
409 486 338
409 504 271
391 504 266
409 69 32
409 162 392
375 463 1296
414 463 1291
415 463 634
409 463 575
391 463 517
439 409 1231
408 409 1110
416 409 1059
412 409 1059
436 409 611
398 409 169
398 375 769
436 375 712
416 375 712
408 375 276
439 391 1231
416 391 758
408 391 646
436 391 611
398 391 169
436 415 887
398 415 887
408 415 810
412 415 686
416 415 686
439 415 184
436 414 1199
398 414 1173
439 414 980
416 414 736
412 414 599
408 414 446
374 398 1201
140 398 501
324 398 499
424 398 499
208 398 376
267 398 216
374 408 1051
208 408 927
140 408 755
324 408 581
267 408 406
424 408 372
374 436 928
140 436 731
208 436 731
324 436 499
267 436 406
424 436 317
374 416 1140
140 416 522
424 416 499
324 416 499
208 416 304
374 439 1201
140 439 612
208 439 550
324 439 499
267 439 406
374 412 1201
140 412 1062
267 412 406
324 412 215
424 412 198
238 140 1092
214 208 1177
368 374 885
152 374 584
214 374 309
368 264 391
368 267 627
368 424 404
152 368 746
152 214 1299
200 214 1105
76 214 806
76 152 1271
152 238 1299
200 238 1105
76 238 640
