189
316 424 264
117 424 576
93 424 745
711 424 381
655 424 542
75 424 1052
316 454 264
117 454 988
93 454 1033
711 454 689
655 454 369
75 454 1110
316 542 1087
117 542 657
93 542 819
711 542 1053
655 542 215
75 542 1134
316 556 1087
117 556 569
93 556 819
711 556 1053
655 556 441
75 556 1121
316 641 264
117 641 725
93 641 921
711 641 305
655 641 542
75 641 1134
316 650 853
117 650 725
93 650 921
711 650 853
655 650 542
75 650 1134
316 656 641
117 656 988
93 656 998
711 656 641
655 656 308
75 656 981
316 686 1087
117 686 988
93 686 1033
711 686 1053
655 686 261
75 686 978
316 692 882
117 692 604
93 692 819
711 692 882
655 692 167
75 692 882
316 702 332
117 702 930
93 702 930
711 702 637
655 702 542
75 702 488
316 735 307
117 735 222
93 735 767
711 735 429
655 735 369
75 735 1134
316 772 506
117 772 366
93 772 521
711 772 159
655 772 783
75 772 947
316 853 506
93 853 877
711 853 1207
655 853 542
75 853 675
316 883 540
117 883 169
93 883 521
711 883 1106
655 883 783
75 883 682
117 339 269
711 339 892
75 339 980
732 316 963
663 316 657
743 316 494
788 316 455
796 316 177
788 117 1294
732 93 1245
743 93 1278
663 93 106
788 93 16
732 711 956
788 711 1078
796 711 655
663 711 5
663 655 1189
788 655 962
732 655 745
743 655 444
796 655 414
796 75 1097
788 75 1157
420 732 870
260 732 371
305 743 1263
260 743 1212
420 743 38
56 796 1054
370 796 993
305 796 126
1 796 112
305 788 1086
56 788 1263
1 788 67
1 663 1083
420 663 872
56 663 849
370 663 583
260 663 512
305 663 274
94 1 734
57 1 1143
87 1 543
87 420 1145
78 420 972
412 420 446
78 305 841
87 305 771
94 305 393
57 305 327
375 305 316
87 370 1267
94 370 1205
57 370 1100
78 370 436
412 370 359
57 260 1225
87 260 1032
94 260 1010
78 260 449
375 260 316
412 260 249
87 56 1223
78 56 673
100 78 594
217 78 85
335 78 13
335 94 203
170 94 1111
250 94 868
217 57 5
112 87 1282
170 375 410
250 375 410
217 375 341
250 412 327
289 335 1167
208 335 987
416 335 421
416 100 122
362 100 10
289 100 5
298 170 1242
208 170 961
416 170 942
208 217 961
416 217 942
289 217 811
298 217 692
362 250 1204
289 250 714
416 250 667
208 250 493
416 112 527
326 208 408
397 416 489
326 416 406
382 298 472
326 362 435
326 289 891
397 289 737
133 397 1184
96 382 792
133 326 784
