356
731 177 475
365 177 214
631 177 88
398 177 651
636 177 258
731 271 437
373 271 181
631 271 217
398 271 151
289 271 265
731 407 544
665 407 198
373 407 283
631 407 138
398 407 301
636 407 500
507 407 142
289 407 888
658 407 562
731 434 544
365 434 194
373 434 151
631 434 273
398 434 202
636 434 303
507 434 265
289 434 888
658 434 635
731 441 544
365 441 580
665 441 206
373 441 283
398 441 323
636 441 475
507 441 123
289 441 888
658 441 440
731 483 544
365 483 169
665 483 418
373 483 186
398 483 221
636 483 330
507 483 437
289 483 888
658 483 258
731 532 1016
365 532 407
665 532 443
373 532 312
631 532 342
398 532 312
636 532 404
289 532 331
658 532 549
731 539 544
365 539 268
665 539 224
631 539 211
398 539 422
636 539 268
507 539 268
289 539 888
658 539 295
731 597 544
365 597 407
665 597 435
373 597 375
631 597 246
398 597 479
636 597 249
289 597 888
658 597 308
731 616 544
365 616 117
665 616 555
373 616 377
631 616 213
398 616 429
636 616 330
507 616 138
289 616 888
658 616 368
731 691 544
365 691 294
665 691 274
373 691 283
631 691 175
398 691 361
636 691 500
507 691 336
289 691 888
658 691 208
731 705 689
365 705 294
665 705 237
373 705 349
631 705 444
398 705 479
636 705 421
507 705 336
289 705 888
658 705 308
731 719 544
365 719 294
665 719 246
373 719 322
631 719 176
398 719 421
636 719 450
507 719 336
289 719 888
731 730 243
365 730 591
665 730 307
373 730 609
398 730 490
636 730 383
507 730 336
289 730 180
658 730 440
731 816 304
365 816 300
665 816 427
373 816 274
631 816 289
398 816 399
636 816 773
289 816 265
658 816 470
731 823 304
365 823 314
665 823 511
373 823 483
631 823 361
398 823 399
636 823 617
658 823 162
731 877 304
365 877 314
665 877 321
631 877 361
398 877 380
507 877 490
731 884 446
398 884 125
636 884 563
289 884 447
631 12 7
636 12 74
765 731 438
789 731 659
790 731 481
789 365 1023
79 365 720
790 365 714
765 365 404
801 365 386
742 365 329
789 665 712
742 665 472
790 665 410
801 665 186
765 665 150
789 373 863
742 373 454
765 373 404
801 373 347
790 373 296
79 373 265
801 631 948
789 631 450
742 631 450
790 631 410
765 631 248
789 398 1023
801 398 658
790 398 574
742 398 437
79 398 314
765 398 160
742 636 978
79 636 957
789 636 679
801 636 565
765 636 463
790 636 427
789 507 1044
790 507 539
742 507 431
79 507 417
801 507 413
765 507 160
789 289 1023
801 289 515
79 289 515
765 289 433
742 289 405
790 289 290
742 658 1093
801 658 1005
79 658 957
790 658 427
789 658 357
765 658 130
47 765 18
52 765 13
483 765 7
364 742 685
322 742 758
47 790 869
364 79 1143
322 79 778
41 79 6
244 79 29
244 801 829
363 801 41
47 789 247
363 789 932
296 483 106
16 483 324
412 483 217
333 483 608
264 483 13
16 363 923
39 363 582
296 363 405
375 363 366
264 363 312
333 363 266
77 244 636
412 244 524
375 244 523
296 244 454
412 41 125
375 41 87
415 41 6
39 364 949
412 364 856
333 364 322
375 364 251
264 364 251
39 322 1139
77 322 937
296 322 762
412 322 740
333 322 396
375 322 347
264 322 340
39 52 21
375 52 1
16 47 683
77 47 1297
412 47 9
333 47 149
264 47 113
375 463 1297
77 463 996
333 463 529
264 463 485
415 463 452
412 463 352
39 463 142
407 16 19
320 16 290
405 16 413
364 16 444
411 16 77
405 333 1017
408 333 893
364 333 331
411 333 306
365 333 242
175 333 215
407 77 61
320 77 1
411 264 459
175 264 370
405 264 340
364 264 331
407 375 1291
364 375 320
320 375 239
175 39 364
407 296 759
320 296 408
408 412 785
411 412 513
407 412 378
320 412 378
405 412 316
408 415 945
407 415 864
365 415 317
405 415 316
411 415 171
364 415 166
208 411 699
298 411 648
391 411 472
424 411 417
267 411 358
264 364 699
424 364 662
391 364 485
298 364 457
208 364 366
264 175 884
298 175 695
267 175 490
208 175 452
208 407 1296
298 407 737
424 407 417
267 407 358
391 407 257
208 365 604
298 365 563
264 365 356
298 405 916
208 405 699
424 405 484
391 405 472
267 405 358
208 408 1044
298 408 846
424 408 503
267 408 358
208 320 504
391 320 471
298 320 457
214 208 1188
388 208 835
340 208 455
324 208 400
379 424 976
388 424 526
340 424 277
389 391 814
388 391 374
389 264 1130
379 264 488
389 267 828
379 267 488
379 298 673
389 298 529
133 389 774
133 324 875
96 324 653
134 214 1131
134 388 1124
96 388 653
133 340 1299
134 340 694
134 379 1156
133 379 774
