287
788 402 424
532 402 443
520 402 576
161 402 674
80 402 728
726 402 992
705 402 879
581 402 397
788 451 162
532 451 443
520 451 535
161 451 380
80 451 347
726 451 901
705 451 501
581 451 501
788 475 424
532 475 443
520 475 576
161 475 674
80 475 185
726 475 1012
705 475 879
581 475 462
788 560 351
532 560 296
520 560 576
161 560 674
80 560 558
726 560 986
705 560 879
581 560 253
788 566 191
532 566 443
520 566 535
161 566 447
80 566 347
726 566 886
705 566 435
581 566 427
788 583 341
532 583 443
520 583 478
161 583 468
80 583 284
726 583 863
705 583 468
581 583 341
788 585 142
532 585 296
520 585 535
161 585 311
80 585 676
726 585 676
705 585 435
581 585 420
788 621 485
532 621 311
520 621 576
161 621 674
80 621 267
726 621 951
705 621 879
581 621 253
788 660 424
532 660 498
520 660 630
161 660 376
80 660 347
726 660 630
705 660 435
581 660 397
788 670 183
532 670 220
520 670 576
161 670 674
80 670 347
726 670 965
705 670 879
581 670 253
788 709 424
532 709 443
520 709 535
161 709 311
80 709 347
726 709 771
705 709 435
581 709 405
788 771 387
532 771 207
161 771 370
80 771 947
726 771 628
705 771 134
581 771 432
788 972 120
532 972 284
80 972 573
532 778 207
520 778 241
161 778 276
80 778 606
726 778 706
581 778 318
683 788 62
610 788 883
585 788 4
610 532 943
651 532 573
709 532 360
624 532 325
769 532 297
585 532 207
709 520 706
769 520 456
624 520 373
585 520 325
651 520 300
610 520 291
709 161 94
585 161 67
610 80 650
683 80 167
769 80 17
709 726 698
769 726 451
683 726 1
709 705 277
610 705 252
651 705 55
709 581 942
624 581 852
585 581 592
651 581 547
769 581 363
610 581 152
153 709 440
385 709 245
469 709 18
259 709 62
208 709 4
414 610 1104
153 610 569
208 610 503
385 610 350
414 624 1104
153 624 684
463 624 292
469 624 205
469 769 42
153 683 718
469 683 593
414 683 556
208 683 503
414 651 1104
153 651 569
385 651 285
208 651 235
469 585 810
414 585 717
208 585 503
259 585 478
153 585 364
292 153 848
50 153 652
143 153 612
413 153 539
292 208 875
50 208 652
143 208 612
413 208 539
143 259 843
271 259 674
292 259 539
413 259 491
50 259 491
412 469 462
413 469 110
292 469 147
413 385 871
271 385 674
50 385 652
143 385 612
292 385 365
412 385 205
415 414 976
412 414 533
413 414 501
50 414 265
292 414 246
415 463 527
143 463 527
413 463 501
292 463 346
50 463 265
412 463 137
175 50 573
408 50 123
208 50 176
408 413 1099
436 413 1073
208 413 488
175 413 475
433 413 343
175 271 980
408 271 616
436 271 519
337 271 438
276 271 438
433 271 428
175 292 1162
408 292 1162
276 292 777
433 292 673
337 292 487
337 143 843
436 143 519
175 143 471
408 143 432
433 143 428
276 143 353
436 412 944
408 412 817
276 412 810
433 412 443
175 412 428
208 412 393
337 412 312
408 415 944
436 415 734
208 415 488
433 415 343
337 415 312
276 415 297
175 415 267
229 175 922
310 175 921
264 175 915
381 175 647
298 175 526
264 208 805
310 208 805
229 208 805
381 208 647
298 208 520
310 276 686
229 276 686
264 276 686
381 276 647
298 276 520
298 408 728
310 408 519
381 408 514
229 408 391
310 433 519
381 433 514
229 433 391
229 337 643
264 337 500
310 337 200
298 436 728
381 436 390
229 436 390
310 436 390
348 264 845
379 264 299
336 264 293
348 229 845
355 229 709
336 229 650
379 229 299
336 310 650
379 310 471
348 310 222
379 298 471
355 298 217
336 381 650
355 381 273
101 359 1215
101 377 758
101 336 1212
101 355 951
101 348 905
96 348 802
101 379 723
96 341 1145
101 341 862
