251
149 154 640
155 154 34
265 154 131
149 512 222
93 512 884
327 512 720
155 512 674
139 512 214
265 512 184
714 512 575
655 512 214
149 594 535
93 594 651
327 594 651
155 594 310
139 594 397
265 594 365
714 594 295
655 594 437
149 598 265
93 598 884
327 598 669
155 598 613
139 598 373
265 598 365
714 598 575
655 598 399
149 632 265
93 632 575
327 632 364
155 632 575
139 632 273
265 632 184
714 632 575
655 632 219
149 640 257
93 640 884
327 640 531
155 640 613
139 640 373
265 640 184
714 640 575
655 640 556
149 669 265
93 669 884
327 669 783
155 669 613
139 669 373
265 669 184
714 669 575
655 669 219
149 671 222
93 671 505
327 671 633
155 671 505
139 671 373
265 671 365
714 671 505
655 671 437
149 695 240
93 695 884
327 695 815
155 695 613
139 695 453
265 695 365
714 695 575
655 695 437
149 787 569
93 787 334
327 787 393
155 787 297
139 787 297
265 787 197
714 787 622
655 787 582
149 798 569
93 798 707
327 798 522
155 798 749
139 798 641
265 798 488
714 798 622
655 798 652
149 843 569
93 843 874
327 843 588
155 843 749
139 843 641
265 843 212
714 843 622
655 843 582
93 752 798
327 752 503
155 752 613
139 752 303
265 752 190
714 752 575
655 752 219
663 149 65
600 149 227
776 93 1200
675 93 186
663 93 66
668 93 5
801 93 2
801 327 842
668 327 764
776 327 748
675 327 354
663 327 307
776 155 596
801 155 883
600 155 185
668 155 8
675 139 510
663 139 759
776 139 6
801 265 1189
675 265 723
776 265 680
600 265 448
663 265 304
668 265 232
776 714 718
801 714 318
600 714 696
801 655 1110
663 655 1017
600 655 750
776 655 708
668 655 573
675 655 382
508 776 479
255 776 694
223 776 29
456 776 3
244 668 1165
223 668 858
364 668 666
508 668 620
469 668 284
469 675 862
456 675 520
244 675 400
223 675 393
508 675 278
255 675 259
364 675 159
244 600 1165
469 600 862
223 600 858
456 600 520
364 600 269
508 600 230
244 801 1120
255 801 8
244 663 1165
223 663 956
469 663 231
364 663 229
412 508 293
78 508 5
375 456 713
412 456 595
192 456 460
57 456 310
94 456 238
412 255 806
78 255 618
94 255 410
192 255 259
94 244 817
412 244 645
375 244 446
78 244 423
192 469 216
412 469 557
57 469 104
412 364 983
94 364 817
78 364 277
412 223 806
192 223 618
57 223 497
94 223 497
415 223 406
375 223 337
78 223 280
100 78 611
175 192 963
170 192 466
192 192 453
250 192 440
365 192 421
100 192 280
309 57 230
250 94 943
170 94 1159
175 94 5
250 375 601
170 375 601
192 412 594
250 412 438
175 412 254
365 412 229
192 415 594
365 415 450
309 415 343
362 100 35
298 100 2
298 175 914
358 175 872
208 175 328
362 175 283
266 175 270
362 365 847
298 365 834
208 365 403
298 170 1279
208 170 801
266 170 322
358 170 241
362 250 1182
358 250 770
208 250 480
266 250 269
362 309 1091
298 309 497
266 309 349
266 192 1137
298 192 699
408 208 1202
374 208 501
340 208 501
344 358 974
340 358 451
374 298 922
344 298 911
382 298 431
408 298 431
374 266 1255
408 266 1120
344 362 922
374 362 524
340 362 524
96 382 833
133 344 1057
133 374 662
133 340 1298
133 408 976
96 408 833
