355
39 459 922
665 459 514
601 459 330
48 459 1072
633 459 369
684 459 554
712 459 1156
508 459 302
39 526 922
665 526 195
601 526 324
48 526 1030
633 526 538
684 526 554
712 526 1030
508 526 307
39 557 1061
665 557 339
601 557 363
48 557 339
633 557 507
684 557 419
712 557 425
508 557 498
39 673 893
665 673 167
601 673 203
48 673 928
633 673 287
684 673 489
712 673 648
508 673 266
39 705 922
665 705 281
601 705 166
48 705 1072
633 705 281
684 705 554
712 705 1156
508 705 523
39 759 922
601 759 363
48 759 1072
633 759 538
684 759 554
712 759 1156
508 759 303
39 766 434
665 766 339
601 766 337
48 766 604
633 766 538
684 766 434
712 766 465
508 766 302
39 782 634
665 782 289
601 782 488
48 782 248
633 782 353
684 782 325
39 810 341
665 810 684
601 810 513
48 810 684
633 810 684
684 810 459
712 810 512
508 810 552
39 817 442
665 817 289
601 817 513
48 817 490
633 817 252
684 817 280
39 820 312
665 820 330
601 820 488
48 820 248
633 820 353
684 820 191
712 820 125
39 821 341
665 821 340
601 821 282
48 821 479
633 821 182
684 821 459
712 821 512
508 821 592
39 823 341
665 823 289
601 823 488
48 823 479
633 823 354
508 823 137
39 826 341
665 826 340
601 826 198
633 826 721
684 826 191
712 826 538
39 827 191
665 827 753
601 827 477
48 827 737
633 827 753
684 827 459
712 827 512
508 827 592
39 828 303
665 828 335
601 828 513
48 828 490
633 828 425
684 828 459
712 828 135
508 828 592
39 842 341
665 842 835
48 842 737
633 842 831
684 842 459
712 842 475
508 842 592
39 846 341
665 846 289
48 846 465
633 846 353
684 846 191
712 846 135
508 846 250
39 860 442
665 860 835
48 860 737
633 860 831
684 860 459
712 860 558
508 860 592
39 862 315
665 862 835
601 862 153
48 862 737
633 862 831
684 862 280
712 862 184
39 865 442
665 865 289
48 865 215
633 865 353
684 865 296
39 866 341
665 866 289
601 866 488
48 866 234
633 866 338
684 866 459
712 866 185
508 866 592
712 13 1060
715 39 452
611 39 280
646 39 8
794 39 1
794 665 419
611 665 320
646 665 262
626 665 262
715 665 262
656 665 186
715 601 1011
794 601 783
626 601 760
611 601 445
646 601 401
656 601 346
71 601 257
715 48 408
611 48 131
656 48 29
646 48 1
71 633 813
656 633 800
794 633 493
626 633 422
715 633 422
646 633 401
611 633 227
656 684 800
794 684 780
715 684 780
626 684 760
646 684 426
611 684 342
71 684 169
656 712 386
794 712 447
715 712 553
71 712 50
794 508 591
71 508 571
626 508 437
715 508 433
656 508 292
646 508 225
611 508 195
41 656 956
21 656 444
416 656 397
458 656 397
463 656 347
432 656 184
525 656 183
525 71 1271
432 71 14
458 794 774
432 794 1122
21 794 65
463 794 1
416 794 3
525 715 750
432 715 1034
458 715 490
432 646 1165
463 646 1099
41 646 956
458 646 751
21 646 619
432 626 1183
463 626 1099
41 626 956
458 626 751
21 626 619
416 626 279
432 611 1183
463 611 1099
458 611 751
41 611 708
21 611 567
416 611 397
525 611 244
375 416 934
402 416 754
264 416 280
234 416 217
234 458 652
333 458 563
264 458 536
375 458 462
77 458 291
375 432 885
333 432 563
264 432 536
234 432 302
415 432 289
77 432 255
333 525 122
234 525 13
375 41 318
415 41 25
234 41 25
402 41 6
264 41 1
234 21 81
375 463 1299
77 463 914
333 463 563
264 463 536
415 463 393
234 463 302
405 333 911
408 333 797
411 333 391
364 333 267
402 333 194
436 375 854
402 375 851
398 375 630
408 375 338
405 375 285
402 77 245
402 234 1120
405 234 672
408 234 672
436 234 560
398 234 464
364 234 267
411 264 480
405 264 398
408 264 275
402 402 652
408 402 426
405 402 412
408 415 925
402 415 659
398 415 659
436 415 659
405 415 341
411 415 173
206 411 891
208 411 702
273 411 606
267 411 363
362 411 271
273 364 556
208 364 525
362 364 411
273 405 1060
362 405 718
206 405 718
208 405 702
267 405 363
273 402 1300
208 402 1298
206 402 1256
362 402 976
267 402 363
206 408 1131
208 408 1032
362 408 976
273 408 961
267 408 363
273 436 1139
206 436 1103
208 436 909
267 436 363
206 398 1257
362 398 976
208 398 581
273 398 581
214 208 1220
214 273 1220
379 273 356
355 273 352
368 267 686
379 267 306
368 362 872
214 362 691
368 206 864
379 206 446
69 343 1025
101 343 1003
69 355 1295
101 355 1127
134 336 1299
101 336 1282
69 336 1266
134 368 1299
101 368 1008
134 214 1208
101 214 593
101 349 1282
69 349 1019
134 349 858
134 379 1206
