183
54 458 920
59 458 596
150 458 582
726 458 596
581 458 316
264 458 298
54 513 920
59 513 745
150 513 790
726 513 801
581 513 937
264 513 652
54 541 546
59 541 745
150 541 730
726 541 1035
581 541 1039
264 541 416
54 576 673
59 576 286
150 576 509
726 576 449
581 576 741
54 661 1016
59 661 1019
150 661 623
726 661 184
581 661 715
264 661 180
54 673 341
59 673 509
150 673 453
726 673 1052
581 673 892
264 673 960
54 737 1016
59 737 1019
150 737 750
726 737 931
581 737 965
264 737 279
54 778 721
59 778 474
150 778 305
726 778 371
581 778 430
264 778 712
54 798 428
59 798 391
150 798 481
726 798 339
581 798 1057
264 798 391
54 881 848
59 881 387
150 881 284
726 881 122
581 881 1057
264 881 419
54 993 934
150 993 73
804 54 1209
756 54 140
804 59 630
756 59 449
756 150 879
804 150 1235
591 726 161
627 726 114
804 581 1096
627 581 1038
756 581 706
591 581 647
804 264 1111
627 264 1093
591 264 610
756 264 475
419 756 1080
406 756 75
401 591 1047
406 591 1022
414 591 882
169 591 477
419 591 221
406 627 1136
419 627 756
401 627 693
414 627 573
169 627 322
401 804 306
169 804 442
419 804 370
143 419 1105
447 419 909
129 419 610
226 419 476
434 419 471
143 406 1105
447 406 1103
129 406 610
226 406 476
434 406 350
129 169 921
434 169 823
447 169 722
143 169 520
226 169 266
143 401 1105
447 401 812
226 401 702
129 401 610
434 401 524
447 414 1050
434 414 524
143 414 512
129 414 400
226 414 242
373 447 1160
179 447 1109
209 447 915
373 434 1160
179 434 1109
209 434 915
297 434 423
297 226 1261
209 226 1018
373 226 533
217 226 410
179 226 331
297 129 974
373 129 674
209 129 496
217 129 306
297 143 854
209 143 854
373 143 533
331 217 1153
303 217 1016
264 217 916
298 217 534
346 209 1079
303 209 628
298 209 500
303 373 1208
346 373 656
264 373 448
298 373 368
264 179 916
303 179 765
298 179 534
303 297 744
346 297 552
264 297 552
298 297 368
331 297 170
374 331 755
389 264 1193
348 264 895
408 264 397
408 346 1263
389 346 850
348 346 850
382 346 704
341 346 224
374 346 221
408 303 961
374 303 748
374 298 911
408 298 816
382 298 704
389 298 627
133 389 1039
101 382 1078
96 382 809
101 374 1033
133 374 778
101 408 1295
96 408 809
133 408 683
101 348 1059
133 348 1039
96 348 1029
96 341 1252
