227
632 473 765
39 473 514
38 473 765
655 473 203
678 473 232
765 473 765
632 519 802
39 519 619
38 519 869
655 519 303
678 519 619
765 519 1200
632 751 802
39 751 666
38 751 869
655 751 536
678 751 666
765 751 1189
632 756 802
39 756 795
38 756 869
655 756 303
678 756 1077
765 756 1032
632 774 866
39 774 385
38 774 919
655 774 530
678 774 540
632 798 997
39 798 385
38 798 587
655 798 822
678 798 440
765 798 250
632 802 772
38 802 587
655 802 822
678 802 384
765 802 432
632 808 693
39 808 385
38 808 684
655 808 822
765 808 265
632 815 678
39 815 250
38 815 587
655 815 822
678 815 540
765 815 251
632 821 731
39 821 505
38 821 905
655 821 822
678 821 258
765 821 370
632 852 731
39 852 385
38 852 587
655 852 726
678 852 540
765 852 256
632 853 982
39 853 491
38 853 962
655 853 706
678 853 258
765 853 436
632 858 997
39 858 491
38 858 656
655 858 530
678 858 540
632 872 772
39 872 119
38 872 452
655 872 822
765 872 256
680 632 1054
358 632 853
776 632 763
627 632 335
353 632 286
767 632 225
631 632 111
353 39 836
776 39 184
767 39 5
353 38 782
767 38 21
680 38 62
627 38 10
358 655 773
776 655 763
680 655 728
627 655 558
631 655 497
353 655 490
767 655 245
680 678 1016
358 678 968
776 678 763
627 678 444
767 678 245
631 678 214
353 678 133
358 765 793
353 765 1120
776 765 4
680 765 2
424 776 890
443 776 1147
20 776 95
41 358 1221
69 358 505
443 358 492
20 358 492
3 358 345
424 358 285
11 358 226
325 358 116
41 627 1190
3 627 1040
443 627 275
424 627 159
20 627 95
20 353 1173
443 353 1037
41 353 978
325 353 408
11 353 292
424 353 285
3 353 258
69 353 159
11 767 3
325 631 1209
41 631 1160
11 631 690
443 631 275
3 680 1094
11 680 664
443 680 474
424 680 308
325 680 265
69 680 201
375 424 786
43 424 444
422 424 279
375 443 1256
43 443 399
87 443 284
422 443 271
375 325 1198
87 325 799
26 325 792
43 325 705
422 325 172
26 3 812
375 3 252
43 3 1
26 41 1144
375 41 128
43 41 44
43 69 1259
129 69 47
87 69 21
43 20 1256
422 20 16
375 20 14
26 11 398
375 11 861
422 11 346
433 26 309
208 26 9
292 26 3
433 422 1222
407 422 1135
442 422 935
447 422 846
292 422 649
208 422 441
407 43 35
447 43 4
407 375 1247
442 375 1198
402 375 894
447 375 802
292 375 432
292 129 655
442 129 424
407 129 294
447 129 227
433 87 86
407 87 152
442 87 1
208 447 1263
406 447 619
416 447 400
208 208 587
198 208 403
208 442 1261
416 442 1037
198 442 163
208 407 1263
416 407 620
198 407 452
208 402 1263
416 402 339
208 292 1039
416 292 455
208 433 1264
416 433 1037
408 208 1125
367 208 742
377 416 1081
367 416 200
377 406 1164
377 198 730
367 198 438
408 198 356
96 136 1038
152 377 963
133 408 753
96 408 675
133 367 1264
96 367 675
