302
601 313 74
222 313 746
58 313 827
22 313 114
710 313 303
601 362 152
222 362 361
58 362 957
766 362 981
601 420 426
222 420 760
58 420 905
766 420 700
22 420 905
710 420 651
479 420 180
601 427 479
222 427 526
58 427 880
766 427 717
22 427 880
710 427 651
479 427 148
601 452 418
222 452 526
58 452 1036
766 452 700
22 452 977
710 452 651
479 452 250
601 486 404
222 486 674
58 486 990
766 486 700
22 486 977
710 486 651
479 486 587
601 578 404
222 578 706
58 578 972
766 578 934
22 578 972
710 578 651
479 578 587
601 599 311
222 599 684
58 599 1044
766 599 700
22 599 977
710 599 651
479 599 183
601 629 311
222 629 526
58 629 1005
766 629 700
22 629 977
710 629 654
479 629 233
601 639 404
222 639 796
58 639 1044
766 639 934
22 639 977
710 639 651
479 639 264
601 671 404
222 671 544
58 671 1044
766 671 700
22 671 977
710 671 651
479 671 457
601 672 404
222 672 1021
58 672 799
766 672 793
22 672 203
710 672 548
479 672 250
601 676 403
222 676 1134
58 676 830
766 676 700
22 676 830
710 676 651
479 676 301
601 686 473
222 686 706
58 686 935
766 686 934
22 686 928
710 686 651
479 686 406
601 758 468
222 758 526
58 758 1044
766 758 700
22 758 977
710 758 651
601 826 252
222 826 153
58 826 793
766 826 633
22 826 703
710 826 168
601 869 487
222 869 472
58 869 579
766 869 494
22 869 520
710 869 508
479 869 150
715 601 845
626 601 786
794 601 689
760 601 521
611 601 521
769 601 216
760 222 1151
626 222 91
611 222 80
715 222 1
760 58 1200
794 58 199
626 58 10
715 58 1
760 766 1256
715 766 466
769 766 460
794 766 11
760 22 716
769 22 416
626 22 58
794 22 6
760 710 852
715 710 547
760 479 588
626 479 419
794 479 419
715 479 419
611 479 406
769 479 241
211 794 35
458 794 768
432 794 809
35 794 194
463 794 1
458 715 548
432 715 686
35 715 1
35 769 58
458 769 12
105 760 1258
211 760 1049
35 760 13
458 760 162
463 626 1168
41 626 1061
483 626 1005
432 626 967
458 626 757
211 626 582
105 626 261
463 611 1168
483 611 1005
432 611 967
458 611 757
41 611 625
211 611 565
35 611 154
375 105 164
308 105 241
413 105 1
333 458 752
264 458 589
139 458 499
375 458 433
50 458 280
413 458 276
308 458 242
375 432 800
333 432 752
264 432 589
139 432 499
50 432 476
413 432 276
308 432 242
139 483 808
333 483 678
413 483 98
264 483 11
375 41 124
308 41 50
415 41 6
308 35 186
50 35 51
308 211 1199
413 211 637
50 211 531
264 211 385
139 211 354
333 211 331
375 211 270
375 463 1297
333 463 752
264 463 589
139 463 499
415 463 342
50 463 280
413 463 276
405 333 1037
408 333 951
232 333 435
411 333 371
364 333 346
411 308 1024
407 308 786
364 308 651
232 308 485
405 308 349
408 308 349
364 50 14
411 50 338
408 50 73
408 413 1160
436 413 1115
398 413 1097
232 413 323
407 413 156
405 413 156
364 139 799
411 139 704
408 139 644
232 139 435
405 139 350
411 264 597
232 264 463
405 264 349
364 264 346
407 375 1283
436 375 510
398 375 467
232 375 312
411 375 231
405 375 226
408 415 1047
436 415 808
398 415 808
232 415 746
407 415 592
405 415 268
411 415 180
208 411 713
391 411 631
298 411 451
267 411 340
264 364 894
391 364 647
298 364 476
168 364 294
208 364 291
298 405 905
391 405 631
208 405 560
267 405 340
208 407 1297
298 407 667
267 407 340
391 407 299
168 232 870
264 232 827
391 232 708
298 232 558
208 408 965
298 408 838
267 408 340
391 408 196
208 398 517
391 398 296
298 436 953
208 436 697
267 436 340
214 208 1181
330 208 403
340 208 403
348 391 379
379 391 373
379 298 576
348 267 1043
379 267 373
348 264 1158
379 264 373
340 168 1081
330 168 490
134 330 775
134 349 775
152 214 1300
134 214 1212
200 214 1061
134 340 754
152 348 1283
134 379 1213
