203
134 220 535
197 220 775
134 483 767
197 483 861
452 483 351
411 483 109
93 483 125
613 483 222
134 533 767
197 533 859
452 533 316
411 533 165
93 533 257
613 533 257
134 563 333
197 563 353
452 563 246
411 563 327
93 563 431
613 563 315
134 593 470
197 593 520
452 593 407
411 593 327
93 593 598
613 593 442
134 613 767
197 613 841
452 613 351
411 613 351
93 613 333
613 613 222
134 630 767
197 630 851
452 630 520
411 630 239
93 630 203
613 630 114
134 727 511
197 727 841
452 727 407
411 727 327
93 727 333
613 727 442
134 738 701
197 738 701
452 738 157
411 738 327
93 738 598
613 738 442
134 780 503
197 780 401
452 780 274
411 780 328
93 780 503
134 813 421
197 813 643
452 813 409
411 813 266
93 813 479
613 813 139
134 843 503
197 843 789
452 843 220
411 843 328
93 843 479
134 853 507
197 853 624
411 853 263
93 853 503
134 862 316
197 862 815
452 862 290
411 862 328
93 862 503
134 887 514
197 887 536
452 887 409
411 887 166
93 887 256
613 887 463
134 954 366
197 954 725
411 954 112
753 134 729
138 134 771
776 134 403
753 197 803
776 197 983
640 197 138
138 197 14
796 452 963
776 452 712
138 452 488
640 452 293
753 452 282
753 411 812
138 411 607
796 411 482
640 411 439
776 411 327
776 93 1048
753 93 316
640 613 899
776 613 644
138 613 575
796 613 513
753 613 497
370 138 149
526 640 939
370 640 586
376 640 446
255 640 382
491 640 324
395 640 277
376 776 776
255 776 684
370 776 349
491 776 342
526 776 23
526 753 752
395 753 384
370 753 5
370 796 878
491 796 12
87 326 991
412 326 431
39 326 300
422 326 273
181 326 259
87 255 856
412 255 437
87 370 994
412 370 431
422 370 374
87 395 725
412 395 431
422 395 274
181 491 425
412 491 224
422 491 342
87 491 84
412 376 617
181 376 510
87 376 278
422 376 197
87 526 867
181 526 705
412 526 137
226 181 897
193 181 799
241 181 285
226 422 444
241 422 332
438 422 300
346 422 170
438 87 728
226 87 296
241 87 231
226 39 576
241 412 820
438 412 300
226 412 224
417 438 1034
407 438 475
426 438 328
402 438 323
417 226 1079
402 226 499
426 226 480
407 226 354
407 193 646
426 193 588
417 193 562
402 193 73
417 346 750
407 346 502
426 346 467
402 346 187
417 241 1071
407 241 500
426 241 494
402 241 291
379 402 759
343 402 553
340 402 553
349 402 417
379 417 997
340 417 676
349 417 493
343 417 477
379 426 759
343 426 571
349 426 420
379 407 997
340 407 676
343 407 522
349 407 493
95 343 746
133 349 1050
95 349 755
133 340 1084
133 379 591
