249
532 282 180
532 291 101
813 291 252
482 291 4
532 313 390
813 313 40
688 313 1
293 313 2
532 388 409
813 388 801
763 388 800
688 388 562
482 388 240
293 388 547
507 388 359
532 493 203
813 493 567
763 493 876
688 493 704
482 493 153
293 493 604
507 493 359
532 540 409
813 540 641
763 540 484
688 540 704
482 540 255
293 540 393
507 540 517
532 607 409
813 607 641
763 607 579
688 607 400
482 607 330
293 607 400
507 607 400
532 626 165
813 626 567
763 626 597
688 626 506
482 626 443
293 626 390
507 626 359
532 643 409
813 643 567
763 643 876
688 643 704
482 643 255
293 643 292
507 643 359
532 667 166
813 667 288
763 667 571
688 667 571
482 667 541
293 667 515
507 667 247
532 690 163
813 690 567
763 690 826
688 690 489
482 690 541
507 690 412
532 791 178
813 791 341
688 791 312
482 791 506
293 791 512
532 824 178
813 824 341
763 824 169
688 824 218
482 824 248
293 824 512
507 824 765
532 839 178
813 839 379
763 839 267
688 839 291
482 839 197
293 839 546
507 839 581
813 62 529
763 62 716
688 62 428
482 187 83
293 187 32
507 187 8
790 532 733
754 532 687
715 532 646
771 532 473
803 532 395
691 532 347
727 532 347
727 813 1187
691 813 244
754 813 24
715 813 3
754 763 423
771 763 1155
691 763 35
727 688 1201
771 688 1118
715 688 938
790 688 714
803 688 689
691 688 337
754 688 121
790 482 998
754 482 468
771 482 458
715 482 444
727 482 386
691 482 379
803 482 282
727 293 1042
754 293 726
790 293 663
715 293 497
803 293 497
691 293 392
771 293 392
727 507 1124
790 507 663
715 507 658
771 507 612
691 507 444
803 507 307
754 507 205
48 754 1027
381 754 192
461 754 166
419 803 282
461 803 519
483 803 75
507 771 1214
461 771 13
419 715 244
442 715 559
461 715 710
507 715 80
507 790 112
419 790 220
381 790 104
381 691 939
483 691 562
507 691 517
442 691 352
463 691 352
419 691 145
48 727 1297
507 727 782
381 727 151
461 727 13
483 727 1
333 419 742
234 419 619
412 419 606
375 419 399
413 419 379
375 48 547
415 48 8
333 442 949
375 442 694
234 442 619
415 442 415
412 442 406
413 442 400
412 483 261
333 483 826
413 483 79
234 483 32
234 461 619
412 461 606
415 461 601
413 461 496
413 381 328
412 381 299
375 381 265
375 463 1300
333 463 871
412 463 406
413 463 400
415 463 315
234 463 298
408 333 954
297 333 871
439 333 871
175 333 251
408 413 1180
436 413 1153
398 413 1123
416 413 1031
297 413 752
439 413 376
175 413 231
408 234 870
175 234 517
436 234 460
439 234 416
398 234 416
297 234 324
297 375 679
439 375 679
398 375 668
436 375 637
416 375 637
436 412 1004
398 412 1004
408 412 877
416 412 308
439 412 308
408 415 1071
416 415 849
398 415 801
436 415 801
297 415 752
439 415 210
264 175 1068
208 175 485
267 175 451
168 175 300
208 408 911
267 408 335
391 408 180
208 398 576
391 398 289
208 436 802
267 436 335
208 416 410
391 416 279
267 297 701
264 297 562
208 297 359
208 439 523
267 439 335
264 439 192
342 208 851
330 208 386
348 264 1102
348 267 936
330 168 447
342 168 418
134 342 1298
152 342 1231
134 330 761
134 349 761
152 348 1294
