310
80 535 588
59 535 480
42 535 227
270 535 438
376 535 253
149 535 286
411 535 181
147 535 508
781 535 306
80 616 474
59 616 346
42 616 295
270 616 438
376 616 142
149 616 286
411 616 349
781 616 603
80 649 502
59 649 480
270 649 438
376 649 287
149 649 395
411 649 172
147 649 508
781 649 603
80 720 502
59 720 480
42 720 638
270 720 438
376 720 257
149 720 286
411 720 279
147 720 638
781 720 603
80 776 191
59 776 249
270 776 742
376 776 624
149 776 366
411 776 458
147 776 638
781 776 302
80 779 222
59 779 192
42 779 333
270 779 742
376 779 318
149 779 721
411 779 458
147 779 534
781 779 302
80 787 346
59 787 276
42 787 598
270 787 742
376 787 203
149 787 772
411 787 458
147 787 356
781 787 502
80 804 283
59 804 218
270 804 754
376 804 578
149 804 493
411 804 458
147 804 671
781 804 260
80 832 205
59 832 124
270 832 797
376 832 578
149 832 366
411 832 458
147 832 671
781 832 313
80 842 604
59 842 194
42 842 467
270 842 742
376 842 203
149 842 772
411 842 458
781 842 258
80 846 130
59 846 340
42 846 468
270 846 742
376 846 624
149 846 733
411 846 458
781 846 258
80 862 587
59 862 340
42 862 354
270 862 688
376 862 624
149 862 772
411 862 249
147 862 671
781 862 302
80 866 481
59 866 226
42 866 259
270 866 742
376 866 303
149 866 772
411 866 458
147 866 226
781 866 302
80 1022 42
59 1022 15
42 1022 19
376 1022 264
411 1022 57
147 1022 637
781 1022 541
789 80 289
158 80 659
608 80 110
605 59 796
789 59 79
677 59 2
158 42 480
588 42 419
789 42 40
608 42 1
605 270 742
158 270 742
789 270 583
588 270 525
677 270 518
608 270 300
605 376 846
588 376 582
158 376 485
677 376 373
789 376 259
677 149 539
158 149 895
789 411 638
588 411 637
605 411 624
158 411 615
608 411 545
677 411 373
677 147 436
605 147 281
608 147 159
158 147 661
608 781 6
588 781 24
677 781 4
469 588 990
467 588 726
319 588 575
403 588 376
364 588 161
467 608 1013
469 608 957
35 608 906
1 608 720
403 608 376
364 608 197
363 608 137
319 789 799
363 789 845
467 789 258
469 677 713
319 677 712
403 677 609
35 677 363
467 677 318
364 677 202
363 677 137
467 605 1027
35 605 1017
469 605 990
1 605 720
364 605 227
469 158 1271
403 158 144
319 158 361
1 158 21
413 1 78
337 1 457
413 363 824
402 363 493
313 363 285
412 363 258
413 467 393
337 467 662
313 467 1
402 319 601
412 319 538
415 319 240
313 319 182
413 403 851
402 403 851
313 403 570
415 403 570
337 403 234
412 469 401
313 469 1080
413 469 95
337 469 593
402 469 5
313 35 188
412 364 979
413 364 239
402 364 230
17 337 1043
320 337 1036
309 337 723
433 337 589
408 337 384
175 337 337
208 337 317
408 413 1163
309 413 562
208 413 443
433 413 362
320 413 334
175 413 176
433 402 1187
408 402 628
309 402 562
208 402 443
175 402 145
17 402 145
320 402 111
17 313 1043
433 313 569
309 313 466
408 313 442
175 313 388
208 313 320
320 313 289
408 412 906
320 412 451
208 412 441
433 412 410
17 412 397
309 412 224
408 415 1084
309 415 562
208 415 443
433 415 319
320 415 188
298 208 850
168 208 660
362 208 347
423 208 335
208 208 222
298 175 881
168 175 430
266 175 430
362 175 241
208 175 239
362 408 1054
298 408 932
208 408 731
423 408 360
266 408 339
208 433 1299
423 433 360
266 433 231
423 17 946
168 17 1292
298 17 14
362 309 1010
298 309 581
423 309 483
266 309 323
168 309 286
298 320 689
423 320 680
168 320 680
208 320 631
362 320 533
388 208 946
367 208 675
324 208 541
340 208 451
379 298 731
343 298 289
340 298 162
324 298 162
340 168 1180
324 168 1089
388 168 1172
367 168 728
340 423 1213
388 423 1210
324 423 1176
379 423 948
343 423 500
367 266 392
340 362 576
95 343 858
133 379 998
95 324 1269
133 324 930
96 324 743
133 367 1300
95 367 1269
96 367 743
133 340 1300
95 388 1269
96 388 743
