146
622 388 421
651 388 196
763 388 1197
688 388 492
726 388 656
622 457 565
763 457 1255
688 457 548
726 457 444
622 771 1024
651 771 532
763 771 901
688 771 746
726 771 673
622 798 480
651 798 506
763 798 962
688 798 855
726 798 673
622 800 952
651 800 298
763 800 1175
726 800 320
622 812 1024
651 812 510
763 812 882
688 812 148
726 812 148
622 815 1024
651 815 820
763 815 962
688 815 112
726 815 221
622 820 480
651 820 820
763 820 1105
688 820 855
726 820 673
622 856 480
651 856 840
763 856 919
688 856 741
726 856 673
771 622 1278
631 622 1085
682 622 988
769 622 783
627 622 539
771 651 1278
631 651 931
769 651 783
627 651 539
682 651 355
771 763 1289
627 763 40
631 763 3
771 688 1278
682 688 913
769 688 783
627 688 539
631 688 448
769 726 929
627 726 17
497 771 334
507 771 1295
153 771 336
385 771 31
279 769 173
497 682 736
153 682 540
279 682 538
385 682 520
507 682 385
385 627 1183
507 627 833
497 627 758
279 627 367
507 631 685
153 631 540
279 631 538
385 631 520
497 631 371
50 507 23
143 507 33
143 153 1059
50 153 971
174 153 782
413 153 632
373 153 342
143 279 1059
50 279 971
373 279 727
413 279 203
143 497 920
174 497 231
143 385 1059
413 385 999
50 385 971
373 385 411
3 50 1293
175 50 446
408 50 28
408 413 1179
297 413 1045
175 413 457
408 373 1243
175 373 1243
3 373 366
297 174 1138
175 174 870
408 174 708
3 174 267
297 143 1039
3 143 403
408 143 297
175 143 285
310 175 1084
208 175 413
430 175 245
360 175 195
360 3 1242
310 3 335
208 408 902
310 408 593
430 408 435
208 297 349
310 297 318
430 297 269
214 208 983
326 208 371
374 208 322
355 430 1109
374 430 1032
336 430 1016
214 430 985
326 430 333
326 360 895
336 310 981
214 310 713
101 336 1288
101 355 1036
101 374 957
101 214 746
70 214 731
101 326 1295
70 326 537
