248
134 405 359
584 405 328
258 405 501
665 405 508
709 405 724
771 405 409
657 405 409
613 405 381
134 456 284
584 456 700
258 456 230
665 456 233
709 456 159
771 456 324
657 456 542
613 456 476
134 474 359
584 474 440
258 474 354
665 474 400
709 474 354
771 474 700
657 474 649
613 474 476
134 483 962
584 483 496
665 483 387
709 483 533
771 483 352
657 483 352
613 483 364
134 535 843
584 535 700
258 535 136
665 535 365
709 535 238
771 535 529
657 535 529
613 535 139
134 552 915
584 552 700
258 552 240
665 552 365
709 552 227
771 552 805
657 552 649
613 552 155
134 563 329
584 563 727
258 563 501
665 563 312
709 563 620
771 563 403
657 563 612
613 563 436
134 738 838
584 738 549
258 738 444
665 738 365
709 738 679
771 738 581
657 738 581
613 738 543
134 773 349
584 773 923
258 773 345
665 773 181
709 773 589
771 773 604
657 773 252
613 773 152
134 789 315
584 789 920
258 789 345
665 789 199
771 789 213
657 789 252
613 789 337
134 815 263
584 815 923
258 815 203
665 815 199
709 815 841
771 815 147
657 815 719
613 815 203
134 831 270
584 831 976
258 831 345
665 831 316
709 831 841
771 831 400
657 831 719
613 831 151
134 855 270
584 855 923
258 855 532
665 855 415
771 855 216
657 855 252
613 855 151
134 949 468
584 949 395
258 949 157
771 949 15
657 949 25
134 1010 129
584 1010 454
657 1010 1
801 134 468
787 134 632
138 134 958
605 134 142
742 584 1103
138 584 799
605 584 542
769 584 305
801 584 104
787 258 794
742 258 696
801 258 611
605 258 547
769 258 492
138 258 256
742 665 653
138 665 445
769 665 348
801 665 294
605 665 187
801 709 775
138 709 488
742 709 856
769 771 398
787 771 15
742 657 1057
801 657 480
138 657 445
787 657 205
605 657 187
742 613 1103
138 613 799
605 613 288
769 613 189
787 613 128
94 787 236
485 787 807
52 787 85
298 138 590
485 138 582
298 742 461
402 742 225
469 742 42
402 769 950
469 769 46
52 769 257
485 801 31
402 605 976
469 605 794
52 605 711
485 605 386
463 605 357
422 485 310
50 94 879
29 298 797
413 298 644
39 298 622
422 298 502
375 298 395
50 298 263
39 402 882
413 402 850
375 402 807
50 402 532
422 402 314
422 469 1051
413 469 120
50 52 277
39 52 66
375 52 9
375 463 1298
413 463 453
415 463 345
29 463 345
50 463 326
39 463 229
433 422 1176
241 422 325
226 422 292
408 50 45
408 413 814
193 413 404
433 413 390
17 375 525
241 375 512
17 39 1297
226 39 311
226 29 605
408 415 478
433 415 390
241 415 325
226 415 292
426 226 413
437 226 269
415 226 267
436 226 235
415 408 558
415 433 558
415 17 808
436 17 673
437 17 422
436 193 1130
437 193 1108
415 193 779
426 193 516
436 241 1107
437 241 1107
415 241 779
426 241 394
388 436 1135
330 436 1115
340 436 684
349 436 550
342 436 315
388 437 1081
330 437 1053
340 437 973
342 437 973
349 437 550
388 426 944
342 426 873
330 426 705
349 426 232
388 415 1240
340 415 1205
342 415 1169
330 415 1053
349 415 550
134 342 1294
69 342 871
101 342 548
69 330 1124
101 330 866
101 349 1272
69 349 871
134 388 1117
69 388 840
101 388 701
134 340 1003
