163
290 395 595
293 395 392
634 395 167
93 395 787
655 395 455
290 460 135
293 460 569
634 460 540
93 460 822
655 460 540
290 556 749
293 556 790
634 556 617
93 556 787
655 556 653
290 598 749
293 598 991
634 598 617
93 598 764
655 598 263
290 641 197
293 641 839
634 641 520
93 641 902
655 641 743
290 650 749
293 650 1075
634 650 617
93 650 902
655 650 743
290 674 760
293 674 357
634 674 395
93 674 667
655 674 713
290 762 749
293 762 989
634 762 617
93 762 787
655 762 521
290 824 317
293 824 827
634 824 819
93 824 517
655 824 819
290 853 317
293 853 90
634 853 743
93 853 743
655 853 744
290 870 199
293 870 513
634 870 855
93 870 252
655 870 744
293 334 129
655 334 358
293 928 958
655 928 339
651 290 915
663 290 736
743 290 515
663 293 772
743 293 746
651 293 494
663 634 952
651 634 426
743 634 228
743 93 1285
663 93 206
663 655 1097
651 655 966
743 655 386
305 743 1255
1 651 1063
68 651 1038
223 651 1010
56 651 471
305 651 368
1 663 1063
223 663 1010
56 663 591
370 663 551
305 663 192
94 1 874
87 1 606
87 305 873
78 305 852
94 305 519
375 305 293
87 370 1283
94 370 1260
78 370 416
192 223 736
87 223 631
78 223 517
375 223 437
94 223 373
78 68 616
87 68 702
192 68 48
78 56 708
87 56 1273
311 78 378
335 78 10
170 94 1132
250 94 845
335 94 145
112 87 1267
311 87 14
311 375 973
170 375 416
250 375 416
88 375 322
170 192 366
250 192 361
335 192 314
88 192 283
289 335 1249
208 335 936
416 335 541
266 335 347
289 88 2
298 170 1253
416 170 904
208 170 892
266 170 450
208 311 1026
416 311 606
289 311 303
416 250 904
289 250 546
208 250 500
266 250 251
416 112 747
408 208 1238
214 208 1145
326 208 547
374 208 400
374 416 1073
214 416 1069
397 416 507
326 416 400
374 298 792
408 298 652
326 298 440
374 266 1297
408 266 1184
326 266 1108
214 266 535
397 266 305
408 289 1105
326 289 947
397 289 663
214 289 564
101 397 1300
133 397 1194
101 374 1223
133 374 876
101 214 866
101 326 1300
133 326 899
101 408 1300
