246
20 510 232
257 510 596
273 510 389
777 510 525
149 510 1039
223 510 513
20 737 313
257 737 596
273 737 273
777 737 525
149 737 1039
223 737 195
20 771 926
257 771 762
273 771 447
777 771 602
149 771 432
223 771 328
20 782 611
257 782 762
273 782 412
777 782 602
149 782 737
223 782 328
20 797 926
257 797 762
273 797 190
777 797 432
149 797 336
223 797 451
20 798 926
257 798 762
273 798 190
777 798 602
149 798 429
223 798 678
20 808 926
257 808 762
273 808 370
777 808 163
149 808 336
223 808 350
20 812 926
257 812 762
273 812 216
777 812 602
149 812 547
223 812 328
20 820 979
257 820 762
273 820 190
777 820 602
149 820 336
223 820 885
20 830 926
257 830 762
273 830 520
777 830 90
149 830 841
223 830 338
20 849 979
257 849 762
273 849 190
777 849 602
149 849 336
223 849 885
20 856 611
257 856 762
273 856 190
777 856 602
149 856 336
223 856 532
20 879 611
257 879 796
273 879 872
777 879 602
149 879 858
223 879 328
20 881 950
257 881 589
273 881 190
777 881 211
149 881 655
223 881 885
581 20 182
703 20 65
677 20 69
677 257 921
516 257 680
703 257 376
636 257 233
605 257 229
581 257 191
703 273 837
516 273 642
605 273 624
636 273 476
581 273 367
677 273 307
516 777 897
605 777 14
636 149 213
677 149 747
516 223 925
703 223 392
581 223 68
605 223 18
677 223 17
1 636 841
414 636 711
455 636 446
32 636 175
520 636 118
496 636 114
32 516 1125
496 516 832
520 516 709
414 581 1099
1 581 683
455 581 403
32 581 161
520 581 118
414 677 1099
496 677 579
1 677 202
32 677 150
520 677 118
1 605 683
520 605 667
455 605 453
414 605 376
32 605 175
414 703 1087
1 703 724
496 703 579
455 703 453
32 703 152
105 32 875
241 32 751
402 32 30
105 496 1161
412 496 1
337 1 510
241 1 17
415 455 1061
39 455 1002
402 455 825
412 455 640
337 455 217
241 455 178
105 520 543
337 520 351
412 520 78
402 520 263
415 414 1219
39 414 820
412 414 676
402 414 610
241 414 212
337 414 206
17 337 1024
408 337 584
309 337 542
193 337 262
193 241 671
309 241 587
17 241 423
408 241 241
17 39 1290
385 39 28
309 105 207
193 105 1
408 402 481
385 402 464
309 402 413
17 402 166
193 402 147
385 412 1074
398 412 798
436 412 798
408 412 758
17 412 487
309 412 223
408 415 1005
385 415 880
398 415 466
436 415 466
309 415 413
362 408 1066
298 408 926
324 408 540
415 408 443
424 408 433
324 385 600
424 385 401
362 385 354
298 385 346
415 385 272
168 17 1292
415 17 726
298 17 9
362 309 1027
324 309 982
415 309 485
168 309 393
298 309 360
168 193 1110
415 193 709
324 193 611
424 193 552
362 193 408
298 436 926
324 436 600
415 436 367
424 436 367
168 436 225
362 398 1066
324 398 600
424 398 538
415 398 443
168 398 225
385 424 857
388 424 475
367 424 364
324 424 296
388 415 1212
324 415 1119
367 415 232
385 415 212
385 298 574
324 298 195
388 168 1172
367 168 906
324 168 1037
324 362 329
388 324 647
324 324 605
385 324 481
367 324 401
95 324 1225
101 324 531
95 367 1225
95 388 1225
101 388 887
95 385 783
101 385 599
