88
774 17 1288
804 17 714
795 17 989
774 105 1286
774 400 1192
804 400 1120
795 400 909
774 450 1204
804 450 1177
795 450 693
774 484 1192
804 484 1120
795 484 909
774 845 1278
804 845 197
795 845 694
774 849 1195
804 849 831
795 849 601
774 868 1162
804 868 730
795 868 1032
774 878 1195
804 878 325
795 878 979
779 774 1261
797 774 330
18 774 346
779 804 1161
797 804 1063
18 804 464
797 795 979
779 795 899
431 698 1101
76 698 565
63 698 488
499 698 162
431 797 400
499 797 283
63 797 564
76 797 55
63 18 1163
499 18 990
76 18 669
499 779 1066
76 779 552
76 63 1151
413 63 140
76 499 821
409 499 882
409 431 989
413 431 953
76 76 979
409 76 10
436 413 1184
398 413 1183
408 413 1072
416 413 1019
355 413 343
408 409 1168
416 409 1160
355 409 1043
436 409 576
398 409 252
355 76 805
436 414 1184
398 414 1183
416 414 915
355 414 907
408 414 626
255 436 985
374 436 985
310 436 250
374 398 1233
255 398 1109
310 398 350
374 408 908
255 408 685
310 408 488
374 416 1168
310 416 334
374 355 1181
255 355 1100
264 355 526
310 355 465
349 310 289
70 349 746
200 247 1179
