347
786 36 2
802 36 433
613 36 128
790 36 449
104 36 137
786 132 37
665 132 137
613 132 6
790 132 703
786 408 230
39 408 476
665 408 557
802 408 182
42 408 406
766 408 244
790 408 994
104 408 451
786 449 836
39 449 397
665 449 385
802 449 489
42 449 563
766 449 660
613 449 270
790 449 554
104 449 554
786 456 470
39 456 397
665 456 676
802 456 487
42 456 331
766 456 425
613 456 486
790 456 317
104 456 125
786 473 333
39 473 819
665 473 385
802 473 241
42 473 190
766 473 244
613 473 285
790 473 864
104 473 451
786 509 714
39 509 393
665 509 676
802 509 489
42 509 563
766 509 425
613 509 270
790 509 266
104 509 164
786 514 468
39 514 367
665 514 271
802 514 468
42 514 468
766 514 597
613 514 271
790 514 1028
104 514 451
786 527 840
39 527 729
665 527 525
802 527 507
42 527 242
766 527 334
613 527 250
790 527 1009
104 527 570
786 535 169
39 535 390
665 535 676
766 535 307
613 535 401
790 535 365
786 672 392
39 672 591
665 672 269
802 672 392
42 672 392
766 672 399
613 672 285
790 672 378
104 672 378
786 716 253
39 716 348
665 716 676
802 716 439
42 716 242
766 716 497
613 716 250
104 716 125
786 751 822
39 751 599
665 751 252
802 751 347
42 751 281
613 751 486
790 751 317
104 751 159
786 765 840
39 765 397
665 765 546
802 765 269
42 765 269
766 765 244
613 765 269
790 765 624
104 765 829
786 767 655
39 767 397
665 767 676
802 767 487
42 767 242
766 767 364
613 767 250
790 767 1077
104 767 472
786 821 271
39 821 289
665 821 250
42 821 636
766 821 203
790 821 138
104 821 290
786 840 376
39 840 268
665 840 176
802 840 549
42 840 919
766 840 146
613 840 324
790 840 146
104 840 730
786 876 291
39 876 415
665 876 250
802 876 278
42 876 189
766 876 483
790 876 189
104 876 730
786 878 580
39 878 415
665 878 250
802 878 278
42 878 919
766 878 203
613 878 324
790 878 131
104 878 662
786 977 2
39 977 265
665 977 222
42 977 306
766 977 317
790 977 252
104 977 96
786 987 208
39 987 155
665 987 16
802 987 986
42 987 801
790 987 1
39 262 293
766 262 912
790 262 54
39 581 729
665 581 224
802 581 507
42 581 152
766 581 420
613 581 161
790 581 457
104 581 570
39 910 318
42 910 986
766 910 1001
790 910 540
42 336 13
766 336 701
104 336 145
813 786 823
686 786 535
741 786 398
827 39 588
741 39 445
746 39 266
686 665 831
746 665 831
827 665 831
741 665 210
719 665 190
769 665 158
827 802 938
686 802 478
827 42 1239
813 42 733
741 42 177
769 766 283
827 766 507
719 766 75
686 766 14
741 613 951
719 613 609
736 613 530
813 613 265
827 613 265
769 613 200
813 790 1023
827 790 1003
741 790 68
686 104 722
719 104 589
769 104 247
746 104 504
813 104 126
94 719 462
313 719 202
355 741 901
522 741 219
35 769 90
522 769 52
313 769 148
313 827 755
522 827 950
94 827 719
212 827 1042
355 827 7
463 686 1294
212 686 872
94 686 831
313 686 492
35 686 199
94 813 134
212 813 516
522 813 26
355 736 653
35 736 702
522 736 5
212 746 816
522 746 136
378 94 3
7 94 1
7 355 1086
413 355 711
378 355 315
7 313 1004
413 313 711
378 313 328
378 35 191
375 35 1
39 212 888
7 212 720
375 212 715
413 212 560
378 212 328
7 522 221
378 522 11
375 463 1296
414 463 1291
390 463 1021
415 463 513
413 463 301
7 463 252
436 413 1141
398 413 1115
416 413 1021
408 413 1011
377 413 289
232 413 241
385 413 188
232 7 142
416 375 658
436 375 658
398 375 497
232 375 405
385 375 297
408 375 279
385 39 23
398 378 732
436 378 732
385 378 581
416 378 546
408 378 539
232 378 444
416 390 1202
232 390 802
385 390 802
398 390 509
408 390 425
416 415 830
436 415 799
398 415 799
385 415 786
408 415 699
232 415 657
436 414 1141
398 414 1115
416 414 801
232 414 538
408 414 425
385 414 405
208 408 949
298 408 857
402 408 745
267 408 408
168 232 1033
298 232 629
402 232 628
208 385 1243
298 385 272
267 385 227
208 398 488
402 398 418
267 398 197
208 416 327
402 416 312
298 416 272
298 436 857
208 436 849
267 436 408
402 436 231
168 377 1258
298 377 356
343 402 504
379 402 504
330 402 438
349 402 386
330 208 336
379 298 759
343 298 495
348 267 1060
359 267 507
379 267 456
330 168 647
69 359 1295
134 359 1227
69 330 1104
134 330 849
69 343 994
69 349 950
134 349 849
134 379 1227
69 348 994
