483
486 49 449
685 49 7
143 49 590
722 49 416
578 49 34
781 49 40
486 458 196
685 458 426
657 458 601
143 458 194
722 458 198
578 458 300
683 458 288
787 458 424
607 458 281
613 458 196
781 458 458
486 509 274
685 509 397
657 509 237
143 509 274
722 509 318
578 509 237
683 509 410
787 509 477
607 509 491
613 509 310
781 509 529
486 514 146
685 514 397
657 514 601
143 514 194
722 514 198
578 514 297
683 514 307
787 514 444
607 514 307
613 514 309
781 514 401
486 587 306
685 587 426
657 587 414
143 587 405
722 587 198
578 587 339
683 587 285
787 587 339
607 587 252
613 587 309
781 587 401
486 616 253
685 616 415
657 616 229
143 616 183
722 616 290
683 616 219
787 616 329
607 616 481
613 616 339
781 616 481
486 720 166
685 720 212
657 720 370
143 720 216
722 720 347
578 720 297
683 720 244
787 720 477
607 720 491
613 720 310
781 720 662
486 777 347
685 777 653
657 777 435
143 777 435
722 777 335
578 777 297
683 777 370
787 777 339
607 777 540
613 777 157
781 777 533
486 789 190
685 789 355
657 789 351
143 789 226
722 789 187
683 789 402
787 789 448
607 789 766
613 789 329
781 789 420
486 815 347
685 815 216
657 815 666
143 815 525
722 815 187
578 815 174
683 815 201
787 815 448
607 815 549
613 815 312
781 815 533
486 819 228
685 819 722
657 819 351
143 819 389
722 819 187
578 819 438
683 819 403
787 819 372
607 819 806
613 819 312
781 819 689
486 826 164
685 826 184
657 826 332
143 826 537
722 826 160
578 826 292
683 826 390
787 826 363
607 826 307
613 826 329
781 826 479
486 837 347
685 837 722
657 837 351
143 837 105
578 837 247
683 837 402
607 837 733
781 837 420
486 854 164
685 854 305
722 854 187
683 854 285
787 854 448
607 854 517
613 854 329
781 854 515
486 857 164
685 857 468
657 857 589
143 857 525
722 857 187
578 857 438
683 857 390
787 857 448
607 857 733
781 857 648
486 858 136
685 858 387
657 858 351
143 858 226
722 858 335
578 858 155
787 858 339
607 858 806
613 858 312
781 858 516
486 860 164
685 860 722
657 860 351
143 860 389
722 860 160
578 860 366
683 860 388
607 860 733
613 860 157
781 860 420
486 882 228
685 882 722
657 882 342
143 882 427
722 882 160
578 882 438
683 882 262
787 882 339
607 882 248
613 882 329
781 882 646
486 887 164
685 887 705
657 887 303
143 887 272
722 887 187
578 887 272
683 887 420
787 887 363
607 887 806
613 887 312
781 887 201
685 776 355
657 776 136
143 776 537
722 776 160
578 776 366
683 776 262
787 776 363
607 776 766
781 776 515
685 838 216
657 838 351
143 838 389
578 838 366
683 838 420
607 838 806
613 838 312
781 838 515
685 867 722
657 867 227
143 867 389
722 867 160
578 867 366
683 867 388
787 867 339
607 867 733
613 867 157
781 867 439
657 849 351
143 849 389
578 849 366
683 849 388
787 849 166
607 849 733
613 849 329
781 849 420
657 972 39
607 972 7
781 972 593
143 967 17
578 967 44
787 967 27
607 967 248
781 967 30
722 365 232
787 365 538
607 365 1
781 365 62
736 486 750
576 486 708
785 486 595
741 486 586
719 486 371
658 486 323
581 486 253
789 486 251
741 685 904
576 685 783
736 685 700
581 685 681
719 685 417
785 685 340
789 685 226
605 685 145
576 657 653
741 657 569
581 657 488
719 657 417
785 657 340
789 657 247
736 657 123
658 143 158
719 143 283
736 143 26
576 143 56
581 143 2
741 722 459
719 722 370
741 578 1006
581 578 936
658 578 835
576 578 783
789 578 449
719 578 417
605 578 312
785 578 266
581 683 793
658 683 793
736 683 700
741 683 685
576 683 685
719 683 417
605 683 341
785 683 201
789 683 150
741 787 390
605 787 76
576 607 721
736 607 700
581 607 681
789 607 327
605 607 312
658 607 291
785 607 266
719 607 214
741 613 980
576 613 783
736 613 700
581 613 681
719 613 417
789 613 247
605 613 143
658 613 128
741 781 610
785 781 744
576 781 70
736 781 22
719 781 1
1 719 819
129 719 483
208 719 655
313 719 147
491 719 80
355 741 787
491 741 30
129 741 160
208 741 36
414 741 1
35 741 1
414 658 1081
491 658 446
129 658 412
35 658 315
208 658 199
355 658 178
463 658 144
414 576 1081
35 576 607
1 576 535
313 576 464
129 576 412
355 576 377
208 576 239
491 576 159
414 581 1081
463 581 982
35 581 912
1 581 535
313 581 464
355 581 377
129 581 338
491 785 497
313 785 470
491 736 1033
355 736 490
208 736 302
35 736 620
129 736 175
491 789 468
313 789 3
35 605 912
1 605 535
313 605 464
129 605 412
355 605 377
463 605 359
414 605 324
208 605 189
491 605 159
181 355 487
329 355 346
375 129 537
181 129 308
39 129 291
329 129 253
39 208 372
181 208 308
329 35 529
329 313 642
412 313 365
181 313 283
412 491 239
329 491 195
181 491 249
375 414 1176
415 414 1049
39 414 708
412 414 538
329 414 270
181 414 178
375 463 1296
415 463 339
329 463 270
39 463 213
412 463 213
181 463 146
226 181 927
193 181 582
416 375 618
436 375 618
17 375 598
385 375 394
408 375 328
226 375 187
17 39 1288
226 39 472
385 39 26
385 412 1028
408 412 873
436 412 736
17 412 361
416 412 266
226 412 232
226 329 927
193 329 649
17 329 532
436 329 377
385 415 852
416 415 713
408 415 687
436 415 584
226 415 316
417 438 1122
208 438 515
437 438 369
298 438 363
402 438 285
168 438 256
417 226 1265
208 226 383
402 226 357
298 226 288
298 408 875
402 408 773
208 408 610
208 385 1270
298 385 302
417 385 255
402 385 254
168 17 1279
437 17 294
298 17 9
168 193 1083
437 193 1055
417 193 572
208 193 146
298 193 110
298 436 875
208 436 793
402 436 324
208 416 428
402 416 428
417 416 321
298 416 302
168 416 256
437 416 236
340 402 566
343 402 566
379 402 560
330 402 524
349 402 491
340 208 420
330 208 420
330 417 1104
379 417 1006
340 417 529
349 417 403
343 417 357
330 437 1067
340 437 1052
359 437 867
343 437 765
349 437 717
379 298 818
343 298 562
340 298 253
330 298 253
340 168 1100
330 168 609
69 359 1282
134 359 1166
69 343 976
95 343 697
69 330 1077
134 330 721
95 330 670
69 349 854
95 349 723
134 349 721
134 379 1166
134 340 811
