169
677 433 271
271 433 646
688 433 374
763 433 803
726 433 1017
677 493 247
271 493 628
688 493 279
763 493 1089
726 493 218
677 513 342
271 513 358
688 513 247
763 513 528
726 513 411
677 761 402
271 761 646
688 761 416
763 761 1213
726 761 730
677 820 738
688 820 459
763 820 1077
726 820 459
677 871 1016
271 871 216
688 871 142
763 871 869
726 871 258
677 877 936
271 877 556
688 877 320
763 877 1077
726 877 523
677 884 936
271 884 651
688 884 320
763 884 1077
726 884 523
271 465 646
688 465 236
763 465 1144
726 465 682
763 379 340
771 677 1272
774 677 667
600 677 456
657 677 137
774 271 1158
771 271 843
600 271 757
657 271 365
771 688 1272
657 688 780
774 688 667
600 688 456
771 763 1290
774 763 10
774 726 332
657 726 28
322 771 888
507 771 1289
397 771 360
117 771 16
401 600 1190
322 600 1051
397 600 994
117 600 515
307 600 273
507 600 224
401 657 1190
322 657 1043
397 657 994
117 657 515
507 657 388
307 657 273
397 774 1019
507 774 400
307 774 298
322 774 139
309 507 741
274 507 182
143 507 11
143 401 1182
390 401 1021
174 401 584
274 401 560
76 401 474
309 401 308
174 397 1103
143 397 1058
274 397 966
390 397 704
76 397 337
309 397 256
143 307 993
309 307 506
274 307 285
76 307 285
174 322 1026
274 322 947
309 322 568
76 322 385
143 117 942
174 117 848
274 117 848
309 117 616
76 117 616
297 309 1175
175 309 608
408 309 459
237 309 441
297 174 1175
237 174 1077
408 174 744
175 174 687
355 174 361
355 76 732
297 274 1175
175 274 608
297 143 1169
237 143 1077
408 143 464
355 143 361
175 143 211
297 390 1134
355 390 1073
408 390 689
175 390 155
233 175 1129
255 175 1080
298 175 646
202 175 483
362 175 199
362 408 856
298 408 710
233 408 538
255 408 538
202 408 215
202 297 439
298 297 342
233 297 294
255 297 223
202 237 623
298 237 384
362 237 373
233 355 1117
255 355 1080
202 355 584
362 355 199
140 202 787
296 202 693
154 202 415
296 255 753
140 233 545
296 233 527
340 233 516
154 298 362
388 298 251
154 362 824
140 362 440
340 362 300
200 140 694
134 140 641
200 296 643
134 388 887
133 340 1299
134 340 528
200 154 784
