164
774 480 1045
20 480 232
258 480 234
744 480 1029
228 480 554
795 480 662
774 487 958
258 487 178
744 487 648
228 487 517
795 487 433
774 537 912
20 537 230
258 537 234
744 537 430
228 537 517
795 537 350
774 549 1045
20 549 672
258 549 380
744 549 1029
228 549 278
795 549 232
774 558 1162
20 558 472
258 558 811
744 558 428
228 558 365
795 558 365
774 588 785
20 588 555
258 588 656
744 588 210
228 588 529
795 588 290
774 595 1164
20 595 472
258 595 811
744 595 908
228 595 517
795 595 507
774 610 1194
20 610 571
258 610 811
744 610 974
228 610 576
795 610 576
774 696 926
258 696 155
744 696 921
228 696 643
795 696 590
774 753 1145
20 753 524
258 753 811
744 753 1029
228 753 215
795 753 337
774 823 932
20 823 700
258 823 681
744 823 571
228 823 573
774 849 932
20 849 1071
258 849 359
744 849 695
228 849 734
795 849 408
774 878 932
20 878 442
258 878 641
744 878 275
228 878 442
795 878 565
779 774 1042
823 774 349
821 20 1271
717 20 633
703 20 83
821 258 1064
779 258 578
823 258 498
717 258 498
703 258 128
717 744 863
823 744 470
779 744 39
779 228 481
821 795 272
717 795 577
779 795 279
349 823 2
466 821 823
496 821 550
349 821 96
431 821 118
466 779 1055
466 717 507
349 717 92
431 717 344
466 703 1220
496 703 796
431 703 737
413 496 57
409 496 185
407 496 9
409 349 544
413 349 469
407 349 350
409 466 998
407 466 61
407 431 1175
413 431 1014
409 431 997
415 431 887
414 431 189
398 413 1168
436 413 1162
408 413 1046
416 413 1011
416 409 1168
408 409 1136
436 409 550
398 409 231
408 407 952
416 407 951
436 407 550
398 407 378
398 415 959
436 415 959
416 415 892
408 415 881
436 414 1162
398 414 1150
416 414 787
408 414 376
255 398 1113
140 398 858
208 398 474
140 408 1095
208 408 1031
255 408 736
267 408 306
255 436 982
208 436 827
140 436 827
267 436 306
140 416 858
255 416 228
208 416 203
238 140 1165
214 208 956
342 208 754
152 264 393
152 255 739
214 255 374
368 267 641
152 342 1068
152 368 799
152 214 1300
76 214 744
76 152 1218
152 238 1300
