134
20 476 573
64 476 487
785 476 480
101 476 777
20 518 573
64 518 291
785 518 138
101 518 652
20 564 573
64 564 684
785 564 284
101 564 777
20 588 573
64 588 655
785 588 509
101 588 777
20 740 613
64 740 772
785 740 604
101 740 777
20 844 434
64 844 760
101 844 647
20 888 179
64 888 964
785 888 190
101 888 636
64 36 675
785 36 594
101 36 719
675 20 95
777 20 447
589 20 788
675 64 688
777 64 914
589 64 159
589 785 860
692 785 754
589 101 994
777 101 1007
692 101 2
675 101 1
168 692 664
179 692 569
394 692 492
305 692 284
305 777 722
394 777 896
179 777 712
54 675 666
168 675 664
305 675 608
394 675 550
179 675 241
168 589 664
305 589 608
54 589 598
179 589 371
94 54 958
94 305 633
295 305 474
241 305 474
87 305 374
415 305 300
241 179 721
94 179 633
295 179 256
94 394 633
87 394 452
295 394 394
241 394 197
94 168 629
241 168 579
87 168 331
295 168 200
250 94 836
170 94 966
251 94 361
251 87 241
407 87 51
271 87 1
271 295 380
351 295 377
251 295 332
271 241 429
251 241 220
407 415 737
251 415 222
198 351 827
362 351 542
298 351 441
208 351 196
266 351 196
208 407 1020
198 407 588
362 407 497
298 407 487
266 407 403
298 170 1004
208 170 597
198 170 288
266 170 274
298 251 458
362 250 959
198 250 825
208 250 304
298 250 203
266 271 660
208 271 536
198 271 450
298 271 308
362 271 294
266 377 967
362 377 320
198 377 253
388 208 611
340 208 427
374 208 427
374 298 677
340 298 306
355 298 241
374 266 1027
355 266 278
340 266 270
374 362 444
340 362 444
316 362 308
316 198 436
68 316 618
95 355 735
95 374 639
133 374 510
95 388 1001
133 340 1042
