327
601 420 257
609 420 177
678 420 218
581 420 335
702 420 484
617 420 568
668 420 697
765 420 754
601 466 146
609 466 526
678 466 432
581 466 999
702 466 154
617 466 378
668 466 642
765 466 1130
601 519 257
609 519 669
678 519 357
581 519 335
702 519 417
617 519 652
668 519 513
765 519 1130
601 521 358
609 521 295
581 521 335
702 521 180
617 521 295
668 521 528
765 521 1130
601 568 266
609 568 391
678 568 328
581 568 414
702 568 315
617 568 304
668 568 315
765 568 1130
601 599 310
609 599 391
581 599 494
702 599 524
617 599 218
668 599 224
765 599 1130
601 611 227
609 611 518
678 611 362
581 611 632
702 611 216
617 611 274
668 611 363
765 611 1130
601 628 512
609 628 765
581 628 335
702 628 180
617 628 290
668 628 290
765 628 1130
601 701 127
609 701 763
678 701 590
581 701 590
702 701 252
617 701 378
668 701 533
765 701 1130
601 733 257
609 733 442
581 733 520
702 733 180
617 733 464
765 733 1130
601 757 512
609 757 273
678 757 273
581 757 335
702 757 417
617 757 370
668 757 619
765 757 1130
601 776 302
678 776 140
581 776 148
702 776 658
668 776 214
765 776 172
601 789 310
609 789 574
581 789 283
702 789 135
617 789 300
601 870 157
609 870 655
678 870 345
581 870 657
702 870 386
617 870 296
765 870 331
601 872 157
609 872 260
581 872 582
702 872 555
617 872 626
668 872 355
609 172 442
678 172 27
609 751 835
678 751 181
581 751 335
617 751 142
668 751 362
765 751 1130
609 842 260
581 842 588
702 842 658
617 842 335
765 842 367
609 847 506
581 847 359
702 847 200
617 847 626
668 847 151
765 847 151
581 350 133
702 350 2
765 350 42
626 601 1194
611 601 1040
691 601 936
779 601 885
646 601 553
779 609 1037
611 609 1014
626 609 1009
691 609 683
646 609 366
611 678 1040
626 678 921
779 678 717
646 678 553
691 678 202
611 581 1040
779 581 723
691 581 683
646 581 455
626 581 218
779 702 956
611 702 929
691 702 683
626 702 652
646 702 555
611 617 927
626 617 798
779 617 666
691 617 535
646 617 513
611 668 1040
691 668 936
779 668 787
626 668 573
646 668 513
691 765 436
483 691 999
186 691 892
463 691 673
458 691 673
432 691 673
90 691 389
1 691 324
211 691 211
69 691 159
483 646 1266
463 646 1184
186 646 996
458 646 843
432 646 767
211 646 211
69 646 159
483 626 1266
463 626 1184
458 626 843
432 626 767
90 626 389
211 626 211
186 626 189
483 611 1266
463 611 1184
458 611 843
432 611 767
90 611 389
186 611 189
211 611 174
483 779 1187
186 779 196
458 779 4
300 90 662
129 90 11
76 90 4
333 458 1069
139 458 707
68 458 695
300 458 588
264 458 428
375 458 317
129 1 414
333 432 1069
375 432 777
300 432 776
139 432 707
68 432 695
129 432 635
264 432 428
139 483 961
333 483 958
300 483 353
68 483 123
264 483 6
333 186 1153
139 186 955
68 186 852
76 186 561
375 186 260
129 186 260
300 69 122
76 69 1216
129 69 53
76 211 439
68 211 439
139 211 435
333 211 425
264 211 403
375 463 1297
333 463 893
139 463 707
300 463 588
264 463 428
68 463 351
408 300 1128
475 300 982
364 300 749
307 300 695
355 300 532
411 300 286
408 333 1128
475 333 982
355 333 661
307 333 367
364 333 316
411 333 271
307 129 785
364 129 656
411 129 627
442 129 627
408 129 376
364 68 628
355 68 249
442 68 418
307 68 113
475 68 41
364 139 973
475 139 963
408 139 963
411 139 672
355 139 532
475 264 798
355 264 764
411 264 491
364 264 316
442 375 1278
475 375 862
355 375 540
364 375 237
355 76 527
364 76 136
411 76 2
264 364 970
391 364 845
381 364 396
267 364 276
391 411 835
208 411 680
381 411 374
267 411 280
208 442 1294
381 442 374
267 442 280
264 307 970
391 307 862
208 307 564
381 307 398
267 307 376
391 475 963
264 475 464
208 408 1090
381 408 532
391 408 319
267 408 280
264 355 970
208 355 962
391 355 805
381 355 701
267 355 436
214 208 1171
154 208 695
326 208 294
154 391 835
346 264 1193
348 264 1021
346 267 1053
348 267 1021
154 267 568
326 267 519
214 381 859
336 381 852
154 381 274
101 346 1295
101 336 1295
152 214 1300
200 214 991
101 326 1299
152 348 1256
101 348 982
152 154 1300
200 154 991
