264
601 132 280
704 132 874
235 132 388
601 149 367
704 149 1
601 439 346
189 439 478
766 439 695
704 439 1020
235 439 525
104 439 453
601 468 409
189 468 478
766 468 308
704 468 1216
235 468 482
104 468 196
601 580 214
189 580 478
766 580 214
704 580 1212
235 580 261
104 580 459
601 585 346
189 585 478
766 585 607
704 585 938
235 585 525
104 585 398
601 604 213
189 604 478
766 604 356
704 604 1216
235 604 615
104 604 610
601 684 409
189 684 478
766 684 477
704 684 1143
235 684 461
104 684 161
601 686 430
189 686 478
766 686 695
704 686 1104
235 686 525
104 686 712
601 702 237
189 702 478
766 702 280
704 702 1212
235 702 216
104 702 945
601 733 346
189 733 478
766 733 430
704 733 1179
235 733 430
601 799 137
189 799 234
766 799 314
704 799 231
235 799 298
104 799 616
601 871 244
189 871 266
766 871 235
704 871 484
235 871 298
104 871 207
189 167 1
704 167 1081
235 167 29
189 986 431
704 986 902
235 172 146
104 172 53
626 601 972
717 601 821
715 601 819
794 601 744
611 601 612
736 189 193
794 189 2
715 766 525
794 766 21
736 704 199
828 704 844
794 704 246
717 704 462
626 704 43
611 704 115
828 235 1141
736 235 772
717 235 565
794 235 118
626 235 262
717 104 717
715 104 27
458 794 891
432 794 814
182 794 93
463 794 6
211 794 11
458 715 620
432 715 703
84 828 198
182 828 420
432 828 59
182 736 628
463 626 1130
483 626 1092
432 626 938
458 626 881
211 626 433
182 626 263
463 611 1130
483 611 1092
432 611 938
458 611 881
211 611 347
182 611 186
211 717 1228
483 717 496
84 717 114
182 717 18
333 458 922
368 458 747
139 458 714
264 458 611
234 458 513
375 458 370
308 458 282
412 458 281
368 84 1
308 182 814
375 182 785
264 182 510
333 182 447
234 182 430
412 182 339
139 483 961
333 483 850
412 483 148
264 483 8
234 483 28
333 432 922
375 432 788
139 432 714
264 432 611
234 432 365
308 432 282
412 432 281
308 211 1148
264 211 416
139 211 373
368 211 371
333 211 371
412 211 329
375 463 1296
333 463 898
139 463 714
264 463 611
415 463 351
412 463 281
234 463 231
405 333 1019
408 333 988
214 333 946
411 333 426
364 333 352
52 333 276
411 308 1124
52 308 993
407 308 710
364 308 708
214 308 563
408 308 393
405 308 367
411 368 808
214 368 430
407 368 410
405 368 367
408 368 274
405 234 1019
408 234 747
214 234 738
364 234 352
52 234 276
364 139 874
411 139 808
408 139 694
214 139 441
405 139 411
52 139 276
214 264 888
411 264 678
52 264 407
405 264 367
364 264 352
407 375 1282
52 375 993
405 375 230
214 375 230
408 412 947
411 412 619
52 412 427
407 412 387
214 412 373
405 412 301
408 415 1065
407 415 563
52 415 427
214 415 385
405 415 301
411 415 181
264 364 935
391 364 824
298 364 478
267 364 313
391 411 795
208 411 666
298 411 455
267 411 428
267 214 1054
264 214 1054
208 214 769
391 214 749
208 407 1296
298 407 726
267 407 428
391 407 301
298 405 885
391 405 795
208 405 495
267 405 428
208 408 918
298 408 837
267 408 428
391 408 300
264 52 85
391 52 58
214 208 1180
348 391 554
346 391 554
379 391 359
379 298 574
343 298 246
348 264 1177
346 264 1163
379 264 359
346 267 1077
348 267 1077
379 267 359
101 343 990
101 349 1282
134 349 713
101 346 1282
134 346 897
152 214 1300
134 214 1194
152 348 1263
101 348 1135
134 379 1200
