135
763 52 369
769 52 1128
220 52 695
807 52 408
763 451 453
769 451 1036
581 451 672
220 451 489
807 451 451
763 487 426
769 487 1117
581 487 672
220 487 469
807 487 525
763 548 587
769 548 538
581 548 466
807 548 475
763 610 582
769 610 924
581 610 578
220 610 563
807 610 888
763 718 318
769 718 1075
581 718 672
220 718 563
807 718 981
763 848 153
769 848 1141
581 848 174
220 848 695
807 848 563
763 882 290
769 882 1059
581 882 250
220 882 403
807 882 176
769 124 20
807 124 936
627 763 173
781 763 19
724 769 206
640 769 12
627 769 6
627 581 775
640 581 642
739 581 642
781 581 488
724 581 157
781 220 1125
739 220 671
739 807 928
781 807 1053
724 807 79
375 640 953
480 640 773
507 640 295
138 724 407
149 724 667
480 724 106
480 627 922
138 627 316
507 627 289
138 739 549
375 739 94
149 739 2
149 781 1000
138 781 1058
375 781 314
235 149 948
469 149 879
241 149 552
29 149 507
235 507 254
469 507 19
176 480 1015
29 480 622
469 375 807
235 375 674
29 375 662
241 375 552
176 375 342
235 138 1016
176 138 614
241 138 552
29 138 413
469 138 292
263 469 934
255 469 240
297 469 2
263 241 731
465 241 350
297 241 350
408 235 1001
263 235 1000
465 235 628
255 235 494
253 235 477
253 29 1125
263 29 594
255 29 502
263 176 1142
465 176 815
255 176 616
297 176 352
408 176 190
208 408 684
440 408 607
424 408 551
411 255 552
208 255 219
440 255 212
411 263 248
411 465 382
411 297 1030
424 297 573
424 253 1002
440 253 1002
208 253 631
411 253 448
406 424 1094
379 424 984
382 424 950
385 424 937
406 440 1094
379 440 984
385 440 937
382 440 912
382 411 950
379 411 456
101 382 860
101 379 798
101 385 838
101 406 1023
