202
366 221 522
387 221 350
532 221 1074
554 221 291
701 221 11
479 221 622
366 445 396
387 445 759
532 445 913
554 445 298
701 445 383
479 445 326
366 477 201
387 477 391
532 477 893
554 477 215
701 477 381
479 477 639
366 653 1013
387 653 409
532 653 432
554 653 416
701 653 381
479 653 221
366 702 167
387 702 759
532 702 958
554 702 630
701 702 181
479 702 192
366 717 290
387 717 759
532 717 958
554 717 298
701 717 290
479 717 237
366 743 328
387 743 744
532 743 745
554 743 298
701 743 381
479 743 326
366 765 607
387 765 759
532 765 831
554 765 354
701 765 357
479 765 237
366 969 991
387 969 736
532 969 1175
554 969 217
701 969 726
479 969 10
387 507 744
532 507 797
554 507 252
701 507 381
479 507 326
532 283 845
554 283 365
701 283 1
479 283 5
757 366 1000
709 366 806
651 366 729
643 366 527
803 366 331
709 387 859
651 387 830
757 387 710
803 387 574
643 387 560
757 532 953
651 532 849
803 532 819
709 532 617
643 532 208
709 554 1126
651 554 1056
643 554 855
757 554 568
803 554 244
643 701 953
651 701 864
709 701 845
757 701 805
803 701 453
757 479 953
651 479 729
709 479 689
643 479 550
402 803 441
470 803 754
1 803 1136
413 803 8
402 709 393
470 709 70
1 709 2
49 643 791
402 643 598
413 643 562
1 643 469
68 651 1109
413 651 1024
1 651 972
470 651 798
49 651 791
402 651 698
470 757 876
402 757 351
413 757 996
68 757 1285
413 1 95
337 1 428
413 49 502
78 49 1258
402 49 15
413 402 1149
402 402 899
375 402 842
78 402 470
413 413 1149
402 413 899
375 413 329
78 68 591
413 68 23
402 470 446
337 470 13
311 78 404
433 78 410
307 78 92
408 78 37
311 375 700
297 375 472
408 375 328
433 375 271
408 413 1250
297 413 786
433 413 551
175 413 283
307 413 190
311 337 863
433 337 751
307 337 735
408 337 546
175 337 489
297 337 251
433 402 1225
408 402 883
307 402 299
297 402 298
175 402 221
408 415 1179
297 415 786
433 415 525
307 415 299
264 175 1018
267 175 446
208 175 399
202 175 294
339 175 155
264 307 861
208 307 530
202 307 521
339 307 512
267 307 446
208 408 836
339 408 382
267 408 320
208 311 931
264 311 705
339 311 258
208 433 1299
267 433 531
267 297 705
339 297 661
264 297 490
208 297 299
214 208 1021
374 208 360
389 202 894
214 202 727
345 202 696
389 267 945
348 267 945
389 264 1216
348 264 1072
345 264 728
389 339 604
397 339 438
101 397 1300
101 389 765
152 374 1167
101 374 1029
152 345 1247
101 345 1043
152 214 1300
101 214 737
70 214 562
152 348 1267
101 348 1208
