362
20 399 223
473 399 471
535 399 440
64 399 366
787 399 553
149 399 356
710 399 220
327 399 220
781 399 146
20 459 181
473 459 729
535 459 491
64 459 217
787 459 493
149 459 531
327 459 190
781 459 411
20 476 376
473 476 258
535 476 218
64 476 217
787 476 501
149 476 281
710 476 377
327 476 501
781 476 346
20 483 376
473 483 729
535 483 491
64 483 217
787 483 493
149 483 356
710 483 288
327 483 148
20 490 346
473 490 729
535 490 491
64 490 285
787 490 493
149 490 356
710 490 327
327 490 350
781 490 314
20 512 181
473 512 471
535 512 400
64 512 220
787 512 477
149 512 409
710 512 216
327 512 281
781 512 220
20 548 276
473 548 729
535 548 491
64 548 295
787 548 494
149 548 356
710 548 205
327 548 223
781 548 219
20 564 376
473 564 471
535 564 400
64 564 343
787 564 437
149 564 343
710 564 441
327 564 197
781 564 158
20 658 534
473 658 258
535 658 243
787 658 461
149 658 243
710 658 886
327 658 142
781 658 314
20 664 181
473 664 471
535 664 400
64 664 403
787 664 494
149 664 494
710 664 405
327 664 247
781 664 227
20 708 134
473 708 729
535 708 491
64 708 263
787 708 493
149 708 356
710 708 459
327 708 349
781 708 314
20 714 376
473 714 502
535 714 491
64 714 160
787 714 493
149 714 356
710 714 565
327 714 254
781 714 281
20 754 181
473 754 729
535 754 491
64 754 217
787 754 493
149 754 356
710 754 747
327 754 132
781 754 227
20 771 512
473 771 365
535 771 430
64 771 393
787 771 382
149 771 288
710 771 635
327 771 218
781 771 322
20 857 564
473 857 299
535 857 379
64 857 379
787 857 473
149 857 651
710 857 379
327 857 280
781 857 690
20 870 611
473 870 106
535 870 122
64 870 156
787 870 382
149 870 557
327 870 426
20 887 401
473 887 242
535 887 430
64 887 393
787 887 382
149 887 288
710 887 622
327 887 220
781 887 118
20 1019 17
535 1019 358
149 1019 244
710 1019 2
327 1019 52
473 598 414
535 598 248
64 598 217
787 598 553
149 598 248
710 598 222
327 598 551
781 598 507
122 20 238
606 20 155
801 473 676
606 473 481
605 473 400
600 473 400
742 473 360
122 473 325
692 473 245
700 473 236
606 535 632
692 535 568
605 535 521
122 535 468
801 535 341
600 535 243
742 535 177
700 535 177
122 64 655
692 787 255
700 787 21
801 787 59
605 787 49
692 149 310
742 149 886
700 149 252
600 149 109
700 710 413
122 710 314
742 710 143
606 710 8
742 327 864
605 327 541
700 327 368
801 327 352
606 327 327
122 327 276
692 327 238
700 781 46
606 781 133
122 781 137
463 692 1113
151 692 566
322 692 390
491 692 329
322 606 764
151 606 695
394 606 531
491 606 387
54 606 312
463 606 189
322 600 689
463 600 424
54 600 348
491 600 329
322 742 866
54 801 889
491 801 7
35 605 806
1 605 557
394 605 531
151 605 419
322 605 390
54 605 348
463 605 171
463 700 1113
322 700 508
35 700 406
54 700 348
491 700 329
151 700 321
151 122 277
144 122 376
491 122 978
1 122 559
394 122 42
57 1 962
241 1 10
412 54 38
387 144 722
241 144 672
412 144 591
57 144 378
412 394 711
375 394 360
241 394 360
57 35 1
39 322 965
387 322 703
412 322 632
57 322 573
375 322 208
241 322 208
241 491 819
57 491 250
412 491 241
57 151 824
241 151 672
412 151 471
375 151 262
387 151 203
375 463 1133
415 463 449
57 463 405
39 463 194
412 463 194
17 57 329
193 241 582
17 241 335
407 241 243
170 241 243
407 375 1131
416 375 640
17 375 588
385 375 345
408 375 179
250 375 177
170 375 177
17 39 1132
385 39 18
385 412 922
408 412 798
17 412 416
407 412 379
250 412 259
416 412 237
407 415 760
408 415 740
385 415 724
416 415 514
416 387 711
408 387 548
385 387 437
170 387 390
407 387 357
193 387 226
208 407 1109
298 407 714
415 407 541
436 407 238
437 407 238
298 170 1119
208 170 355
415 170 313
436 170 313
437 170 313
298 408 908
208 408 714
415 408 511
208 385 1112
298 385 393
415 385 331
437 250 662
436 250 662
415 250 662
208 250 185
298 250 160
436 17 577
415 17 809
437 17 336
298 17 7
437 193 1033
436 193 1020
415 193 763
208 193 183
298 193 147
437 416 342
208 416 320
415 416 320
298 416 275
388 208 932
340 208 415
330 208 415
388 437 1031
340 437 988
330 437 947
343 437 536
349 437 524
388 436 1036
330 436 990
379 436 938
340 436 705
349 436 524
343 436 342
388 415 1117
340 415 1109
330 415 947
343 415 536
349 415 524
379 298 766
343 298 365
340 298 230
330 298 230
388 298 195
95 343 818
95 330 756
133 349 1107
95 349 847
95 388 1118
133 340 1137
133 379 778
