310
473 404 510
558 404 439
559 404 440
148 404 967
787 404 474
710 404 510
613 404 510
85 404 475
473 423 408
559 423 434
148 423 710
787 423 465
710 423 411
289 423 310
613 423 272
85 423 491
473 476 260
558 476 441
559 476 545
148 476 441
787 476 372
710 476 260
613 476 260
85 476 782
473 559 817
558 559 486
148 559 468
787 559 446
710 559 743
289 559 162
613 559 528
85 559 564
473 604 267
558 604 558
559 604 116
148 604 710
787 604 342
710 604 545
289 604 386
85 604 537
473 645 375
559 645 440
148 645 710
787 645 474
710 645 358
289 645 310
613 645 160
85 645 571
473 682 644
558 682 558
559 682 122
148 682 468
787 682 446
710 682 644
289 682 162
613 682 528
85 682 122
473 719 269
558 719 558
559 719 545
148 719 710
787 719 347
710 719 545
289 719 427
85 719 580
473 730 209
558 730 558
559 730 131
148 730 1087
787 730 360
710 730 545
289 730 162
613 730 125
85 730 453
473 744 209
558 744 558
148 744 710
787 744 360
710 744 545
289 744 162
613 744 491
85 744 453
473 778 190
558 778 679
559 778 246
787 778 341
710 778 685
613 778 501
85 778 243
473 780 694
558 780 507
559 780 350
148 780 111
787 780 223
710 780 406
289 780 336
85 780 106
473 783 694
558 783 188
559 783 394
148 783 297
613 783 459
473 792 144
558 792 663
559 792 145
787 792 497
613 792 459
473 801 633
558 801 445
559 801 542
148 801 301
787 801 199
710 801 406
289 801 244
613 801 228
85 801 269
473 816 307
558 816 580
148 816 301
787 816 340
710 816 186
289 816 244
613 816 160
85 816 165
473 824 249
558 824 573
559 824 446
148 824 419
787 824 199
710 824 406
613 824 167
473 854 694
558 854 175
559 854 149
787 854 497
613 854 203
473 857 462
558 857 573
559 857 401
148 857 373
787 857 497
710 857 497
613 857 113
85 857 243
473 869 584
558 869 573
559 869 426
148 869 210
787 869 256
710 869 681
289 869 336
85 869 243
473 888 624
558 888 420
559 888 395
148 888 269
787 888 159
710 888 127
289 888 244
613 888 459
473 892 462
558 892 175
148 892 373
787 892 497
710 892 126
613 892 160
85 892 269
789 473 861
605 473 598
747 473 538
640 473 511
742 473 298
79 473 211
742 558 1056
79 558 958
789 558 603
747 558 469
605 558 440
640 558 390
605 559 598
79 559 532
742 559 532
789 559 419
640 559 160
789 148 1063
742 148 801
79 148 285
747 787 296
605 787 85
79 787 3
640 710 724
742 710 200
79 710 1
789 289 1112
742 289 519
79 289 465
747 289 334
605 289 293
640 289 247
742 613 1114
79 613 902
640 613 884
789 613 525
605 613 236
747 613 230
747 85 859
640 85 45
605 85 279
35 747 1276
525 747 885
19 747 33
319 640 1062
322 640 376
19 640 246
525 640 210
364 742 593
322 742 912
364 79 1158
525 79 604
322 79 942
319 789 1082
525 605 1176
35 605 1112
322 605 336
364 605 257
77 319 1120
412 319 455
206 319 426
39 319 335
415 319 301
206 19 166
329 19 30
206 525 1168
39 525 1234
412 525 774
39 364 1200
412 364 997
206 364 988
77 364 251
329 35 808
39 322 1217
77 322 1134
206 322 988
412 322 822
329 322 205
100 77 8
320 206 897
100 206 700
438 206 617
365 206 404
241 206 367
193 206 367
17 39 1298
100 39 35
193 329 916
100 329 863
17 329 803
241 329 420
241 412 779
17 412 632
320 412 413
365 412 259
365 415 422
241 415 164
168 100 505
415 438 944
436 438 736
437 438 565
168 438 372
402 438 312
437 365 940
436 365 940
168 365 940
415 365 713
168 17 1298
436 17 675
415 17 770
437 17 441
168 193 1231
436 193 1154
437 193 1148
415 193 708
436 320 1051
437 320 1051
168 320 1051
415 320 713
402 320 211
168 241 1231
436 241 1154
437 241 1148
415 241 640
343 402 710
349 402 548
388 402 548
388 436 1200
349 436 761
343 436 549
388 437 1177
343 437 785
349 437 761
388 415 1250
343 415 785
349 415 761
388 168 1199
69 343 1108
95 343 934
95 349 977
69 349 925
95 388 1271
69 388 664
