211
601 237 2
284 237 88
482 237 1012
601 705 331
284 705 699
482 705 786
335 705 671
636 705 396
601 775 532
284 775 1028
482 775 984
335 775 517
636 775 882
601 785 530
284 785 739
482 785 886
335 785 517
636 785 579
601 805 299
284 805 299
482 805 886
335 805 517
636 805 287
601 809 532
284 809 1087
482 809 956
335 809 445
636 809 882
601 834 527
284 834 843
482 834 886
335 834 517
636 834 217
601 867 532
284 867 683
482 867 886
335 867 517
636 867 794
601 886 651
284 886 1158
482 886 886
335 886 517
636 886 798
601 973 178
284 973 258
482 973 711
335 973 4
601 999 208
284 999 238
482 999 848
335 999 609
284 78 1073
482 78 916
284 134 1110
482 134 5
335 351 131
715 601 1126
794 601 880
790 601 561
611 601 475
775 601 286
648 601 172
790 284 1109
775 284 714
794 284 714
715 284 702
611 284 447
648 284 173
790 482 1109
648 482 512
715 482 484
794 482 359
611 482 342
775 482 342
790 335 1034
715 335 729
794 335 729
775 335 729
648 335 494
611 335 351
715 636 999
794 636 880
790 636 765
648 636 568
611 636 316
775 636 191
442 794 1055
461 794 691
458 794 932
432 794 860
442 648 719
458 648 712
432 648 517
419 648 383
461 648 232
419 715 380
458 715 689
461 715 1018
442 715 785
432 715 748
458 790 638
419 790 371
432 611 998
458 611 925
442 611 692
419 611 348
458 775 770
442 775 601
234 419 895
333 419 882
264 419 850
375 419 485
39 419 367
193 419 302
333 458 966
234 458 866
264 458 850
39 458 291
375 458 291
333 442 966
234 442 895
264 442 850
375 442 485
39 442 367
193 442 302
333 432 966
264 432 850
375 432 799
234 432 721
39 432 624
234 461 895
39 461 612
193 461 302
405 333 1114
493 333 960
411 333 602
364 333 508
17 375 620
405 375 444
493 375 444
411 375 397
391 375 318
405 234 1005
493 234 956
364 234 508
411 234 269
17 193 991
493 193 898
411 193 662
405 193 546
364 193 508
493 264 956
411 264 756
405 264 546
364 264 508
17 39 1297
391 411 706
208 411 591
368 411 429
267 411 357
402 411 177
391 364 751
402 364 519
168 364 408
50 364 400
368 364 373
208 364 258
391 391 706
208 391 445
402 391 445
368 391 429
391 405 706
368 405 429
208 405 367
267 405 357
168 405 238
168 17 1295
267 17 28
402 493 211
368 493 843
388 208 1044
367 208 771
340 208 371
330 208 371
379 402 605
330 402 527
340 402 527
349 402 364
388 402 364
379 368 846
349 368 495
367 368 316
388 368 313
379 50 1267
349 50 4
367 391 981
330 391 448
367 168 908
388 168 1133
340 168 1103
330 168 501
379 267 517
69 330 1149
134 330 771
69 349 971
134 349 771
134 388 1152
69 388 675
134 340 840
69 367 589
134 379 1218
