152
218 447 1066
751 447 810
795 447 1156
767 447 1102
218 475 1066
751 475 1161
795 475 1070
767 475 1070
218 562 1066
751 562 810
795 562 1156
767 562 1102
218 610 1066
751 610 1148
795 610 1156
767 610 1102
218 613 1066
751 613 810
795 613 1168
767 613 1102
218 737 1066
751 737 1079
795 737 1156
767 737 1102
218 830 1112
751 830 218
795 830 1196
767 830 663
218 888 1112
751 888 651
795 888 1184
767 888 651
751 116 26
795 116 980
338 218 922
473 218 14
338 751 523
193 751 224
193 795 986
779 795 106
412 795 3
473 767 899
139 193 984
486 193 1180
475 193 196
232 193 35
486 202 1218
139 202 24
232 202 2
139 412 1116
475 412 1116
486 412 1042
232 412 1032
431 412 713
486 473 1042
232 473 1032
475 473 1009
139 473 1009
431 473 713
486 779 195
139 779 1112
475 779 35
139 338 1259
475 338 1237
232 338 756
431 338 713
486 338 585
37 232 577
409 232 552
407 232 460
37 486 1239
409 486 445
18 486 509
409 475 297
407 431 1200
415 431 899
409 431 820
18 431 241
407 139 397
37 139 380
409 139 359
408 37 29
408 409 1130
416 409 1065
412 409 1065
436 409 492
175 409 191
398 409 125
175 18 4
408 407 990
416 407 841
436 407 492
412 407 388
398 407 388
436 414 1187
398 414 1161
416 414 884
412 414 612
408 414 401
175 414 213
436 415 872
398 415 872
408 415 833
416 415 800
412 415 800
255 175 1074
381 175 752
374 175 670
324 175 502
267 175 496
208 175 399
374 408 975
208 408 724
255 408 649
324 408 615
381 408 595
267 408 321
374 398 1228
255 398 1054
324 398 484
208 398 344
374 436 1033
255 436 1033
208 436 673
324 436 484
381 436 336
267 436 321
374 416 1184
324 416 484
208 416 327
374 412 1228
255 412 1054
381 412 336
267 412 321
324 412 222
330 208 378
343 255 375
349 255 349
368 374 846
368 267 598
355 381 540
368 381 344
349 381 333
355 324 927
69 343 1033
69 349 959
134 349 939
69 330 1035
134 330 939
69 355 1288
134 368 1296
69 415 1033
