227
601 439 280
665 439 148
276 439 206
633 439 284
508 439 580
684 439 298
601 492 160
665 492 505
276 492 363
633 492 201
508 492 541
684 492 386
601 684 184
665 684 159
276 684 363
633 684 284
508 684 541
684 684 386
601 792 119
665 792 649
633 792 699
508 792 360
684 792 159
601 806 262
665 806 228
633 806 303
508 806 218
684 806 181
601 808 490
665 808 649
633 808 699
601 826 277
665 826 232
276 826 113
633 826 616
508 826 200
684 826 186
601 840 378
665 840 145
276 840 465
633 840 277
508 840 390
684 840 292
601 846 119
665 846 256
633 846 394
508 846 295
684 846 186
601 853 311
665 853 649
276 853 113
633 853 699
508 853 360
601 859 378
665 859 234
276 859 97
633 859 277
508 859 429
684 859 429
601 860 125
665 860 649
276 860 465
633 860 699
508 860 590
684 860 430
601 862 258
665 862 649
276 862 114
633 862 699
684 862 114
601 866 233
665 866 287
633 866 358
508 866 590
684 866 430
601 870 277
665 870 489
276 870 465
633 870 386
684 870 292
601 873 247
665 873 234
276 873 465
633 873 277
684 873 292
601 888 262
665 888 649
633 888 699
508 888 590
684 888 430
665 842 649
276 842 113
633 842 699
508 842 590
684 842 430
665 865 234
276 865 465
633 865 277
684 865 292
665 924 548
508 924 45
276 1001 20
715 601 858
626 601 857
646 601 556
611 601 335
796 601 154
646 665 344
626 665 344
715 665 344
611 665 335
796 665 154
715 276 644
626 276 527
796 276 435
646 276 178
611 276 137
626 633 427
646 633 427
715 633 427
796 633 373
611 633 335
626 508 527
796 508 435
646 508 325
715 508 267
611 508 183
715 684 853
626 684 853
646 684 562
796 684 388
611 684 335
227 715 232
458 715 502
432 715 810
483 796 352
432 796 350
227 796 102
458 796 2
432 646 887
227 646 873
458 646 788
483 646 756
456 646 700
432 626 887
227 626 873
458 626 788
483 626 756
456 626 117
432 611 887
458 611 788
483 611 756
227 611 567
139 456 832
333 456 328
234 456 121
264 456 121
139 432 832
333 432 513
264 432 512
234 432 306
139 458 832
234 458 602
368 458 573
333 458 513
264 458 512
139 483 918
333 483 492
234 483 62
264 483 20
368 227 720
139 227 701
264 227 346
234 227 257
405 333 900
408 333 601
411 333 473
364 333 320
411 368 670
405 368 338
405 234 592
408 234 592
436 234 472
364 234 320
411 139 670
364 139 605
405 139 291
408 139 159
411 264 583
405 264 470
364 264 320
391 364 589
424 364 438
298 364 348
267 364 199
391 411 569
298 411 517
267 411 321
424 411 265
298 405 637
391 405 569
424 405 374
267 405 321
298 408 637
424 408 341
267 408 321
298 436 637
267 436 321
424 436 168
391 436 144
379 424 694
385 424 692
355 424 472
379 391 274
379 267 298
379 298 484
385 298 391
355 298 286
343 298 205
69 343 793
134 336 928
69 336 918
69 355 930
69 349 791
134 349 649
134 379 884
69 385 858
