439
437 462 401
39 462 864
685 462 121
381 462 121
633 462 203
692 462 532
671 462 134
665 462 218
719 462 702
527 462 149
437 487 117
39 487 663
685 487 359
381 487 159
633 487 238
692 487 260
671 487 242
665 487 259
719 487 390
527 487 111
437 552 193
39 552 697
685 552 178
381 552 159
633 552 348
692 552 260
671 552 166
665 552 215
719 552 390
527 552 167
437 632 401
39 632 799
685 632 318
381 632 132
633 632 260
692 632 293
671 632 237
665 632 254
719 632 702
527 632 111
437 673 401
39 673 864
685 673 377
381 673 210
633 673 236
692 673 367
671 673 166
665 673 146
719 673 702
437 724 401
39 724 864
685 724 286
381 724 204
633 724 185
692 724 172
671 724 380
665 724 377
719 724 702
527 724 156
437 771 300
39 771 331
685 771 207
381 771 497
633 771 289
692 771 351
719 771 123
527 771 218
437 774 136
39 774 231
685 774 136
381 774 497
633 774 142
692 774 331
671 774 491
527 774 341
437 784 102
39 784 433
685 784 260
381 784 169
633 784 176
692 784 351
671 784 351
665 784 368
719 784 204
527 784 218
437 806 384
39 806 295
685 806 207
381 806 497
633 806 176
692 806 159
671 806 335
665 806 205
527 806 376
437 822 127
39 822 226
685 822 207
381 822 497
633 822 176
692 822 351
671 822 491
719 822 166
527 822 341
437 833 199
39 833 249
685 833 314
381 833 343
633 833 215
692 833 215
671 833 249
665 833 368
719 833 123
437 845 235
39 845 433
685 845 377
381 845 343
633 845 433
692 845 215
671 845 351
665 845 334
527 845 291
437 865 384
39 865 333
685 865 243
381 865 185
633 865 205
692 865 331
671 865 491
665 865 243
719 865 96
527 865 341
437 866 127
39 866 308
685 866 318
381 866 288
633 866 215
692 866 215
671 866 351
665 866 318
719 866 166
527 866 382
437 871 136
39 871 387
685 871 177
692 871 331
671 871 335
665 871 136
719 871 204
527 871 376
437 883 384
39 883 295
685 883 238
381 883 497
633 883 176
692 883 238
671 883 335
665 883 136
719 883 166
527 883 376
437 890 289
39 890 336
381 890 497
633 890 101
692 890 161
671 890 335
665 890 136
527 890 376
437 892 289
39 892 333
685 892 177
633 892 268
692 892 184
671 892 443
665 892 268
719 892 123
527 892 376
39 773 135
685 773 314
381 773 497
633 773 109
692 773 351
671 773 335
665 773 136
527 773 382
39 823 308
685 823 289
381 823 343
633 823 215
692 823 302
671 823 351
665 823 289
719 823 166
633 335 1
692 335 31
671 335 364
719 335 1
388 437 720
207 437 475
656 437 461
629 437 366
631 437 341
42 437 263
71 437 144
659 437 137
388 39 1000
659 39 22
656 685 526
629 685 505
42 685 461
71 685 372
659 685 289
631 685 241
637 685 155
207 381 638
656 381 448
629 381 402
71 381 308
42 381 251
659 381 183
631 381 181
388 381 142
71 633 759
656 633 684
42 633 461
631 633 412
207 633 398
629 633 365
659 633 289
388 633 135
659 692 1005
629 692 926
656 692 492
631 692 247
71 692 200
42 692 166
388 692 164
637 692 155
71 671 550
656 671 526
42 671 461
659 671 438
629 671 438
207 671 157
637 671 155
631 671 103
629 665 505
659 665 342
42 665 325
388 665 262
631 665 247
656 665 112
42 719 3
71 719 159
207 527 660
656 527 448
629 527 402
631 527 361
659 527 259
42 527 252
71 527 252
227 656 714
416 656 436
459 656 410
463 656 400
69 656 207
432 71 7
227 388 372
463 388 372
416 388 335
26 388 288
432 388 209
463 631 1057
459 631 718
227 631 714
416 631 463
26 631 277
432 631 66
26 42 232
100 42 1045
227 42 103
416 42 34
463 659 947
227 659 714
416 659 575
69 659 207
459 659 197
432 659 149
416 629 930
227 629 399
100 629 356
69 629 207
459 629 173
432 629 154
463 629 154
26 207 1008
227 207 994
432 207 78
463 637 1059
459 637 581
416 637 575
69 637 207
432 637 149
375 416 877
394 416 710
387 416 644
402 416 510
375 432 801
43 432 251
387 432 178
394 432 178
415 432 162
77 432 161
77 100 188
368 26 586
43 26 467
394 26 260
387 26 187
43 69 1042
368 69 66
394 227 697
387 227 611
368 227 497
43 227 471
402 227 437
375 227 307
77 227 225
375 459 903
415 459 820
394 459 671
387 459 644
402 459 466
77 459 337
43 459 316
375 463 1061
77 463 639
415 463 257
407 43 51
447 43 10
408 43 80
178 43 1
442 43 2
402 368 519
442 368 519
407 368 519
178 368 519
447 368 519
178 375 1048
407 375 1038
442 375 1035
402 375 751
447 375 711
436 375 466
408 375 181
178 77 339
402 77 402
442 77 149
407 77 55
442 402 890
447 402 861
402 402 646
407 402 321
408 402 232
178 402 119
402 394 646
442 394 645
447 394 645
178 394 509
408 394 389
436 394 358
407 394 321
408 415 708
402 415 646
407 415 456
436 415 405
178 415 396
442 415 379
447 415 166
436 387 728
402 387 646
442 387 443
447 387 443
407 387 438
408 387 367
178 387 213
273 442 1057
208 442 1052
206 442 849
298 442 689
429 442 469
273 447 1061
208 447 1052
206 447 829
298 447 560
424 447 400
273 407 1061
208 407 1052
298 407 611
206 407 566
424 407 335
208 178 990
429 178 682
298 178 347
273 178 295
273 402 1061
208 402 1052
206 402 954
298 402 689
208 408 883
206 408 819
273 408 783
298 408 589
429 408 469
424 408 400
273 436 979
208 436 849
206 436 840
298 436 689
429 436 469
424 436 180
214 208 956
355 424 526
349 424 148
214 273 956
355 273 294
355 298 294
343 298 236
355 429 899
214 429 828
336 429 701
69 343 861
101 343 714
101 349 1026
69 349 781
69 355 1041
101 355 870
101 336 1026
69 336 992
152 214 1061
101 214 393
