212
769 4 513
581 4 380
220 4 190
769 52 1266
318 52 497
220 52 544
807 52 390
769 471 916
318 471 154
701 471 169
581 471 993
220 471 152
807 471 765
769 610 962
318 610 141
701 610 141
581 610 993
220 610 527
807 610 962
769 718 1111
318 718 280
701 718 652
581 718 652
220 718 534
807 718 793
769 788 1067
318 788 623
701 788 691
581 788 848
220 788 589
807 788 617
769 866 876
318 866 481
701 866 592
581 866 644
220 866 389
807 866 830
769 878 735
318 878 485
701 878 735
581 878 401
220 878 443
807 878 995
769 892 1141
318 892 407
701 892 278
581 892 531
220 892 704
807 892 1029
769 955 892
318 955 307
701 955 116
220 955 570
318 218 3
220 218 672
807 218 1043
318 367 112
581 367 800
807 367 982
627 769 19
746 769 2
475 769 7
680 769 10
781 318 1236
704 318 603
746 318 493
680 318 363
627 318 247
475 318 223
746 701 1248
627 701 867
704 701 828
781 701 458
680 701 322
475 701 322
746 581 1259
627 581 867
704 581 828
680 581 397
781 581 165
475 581 165
781 220 1176
680 220 56
475 220 30
781 807 990
704 807 72
105 475 949
149 475 837
32 475 654
284 475 411
497 475 235
212 475 141
284 627 953
497 627 862
105 627 572
414 627 501
212 627 157
105 704 818
212 704 1114
149 704 21
149 781 1118
212 680 926
284 680 909
497 680 862
414 680 501
32 680 254
149 680 209
105 680 152
149 746 1199
284 746 1021
212 746 720
241 32 1051
330 32 5
330 105 657
375 105 162
245 105 5
413 105 1
235 149 1049
469 149 1024
375 149 930
330 149 866
413 149 734
241 149 653
245 497 69
235 497 230
330 497 17
245 212 936
330 212 777
235 212 742
241 212 642
469 212 606
413 212 571
375 212 254
375 284 1208
469 284 886
241 284 581
245 284 523
235 284 368
330 284 237
413 284 237
375 414 1213
413 414 363
245 414 250
241 414 244
263 469 779
297 469 4
408 413 910
465 413 840
297 413 772
175 413 365
180 413 158
263 241 476
465 241 385
297 241 247
180 241 242
408 235 1240
175 235 1190
263 235 886
180 235 798
465 235 764
465 375 687
263 375 559
297 375 553
408 375 231
465 330 999
263 330 886
408 330 539
180 330 539
175 330 539
465 245 1206
297 245 1124
263 245 833
408 245 262
310 175 1013
411 175 996
374 175 866
208 175 484
339 175 165
374 408 953
208 408 920
310 408 487
339 408 436
374 263 585
339 263 585
310 263 558
411 263 368
411 297 1058
339 297 791
310 297 367
411 465 326
339 465 1
208 180 845
374 180 520
411 180 451
339 180 361
310 180 290
214 208 1012
326 208 379
326 374 890
214 374 254
336 310 793
214 310 588
214 411 1126
382 411 1004
336 411 750
355 411 554
326 411 298
101 382 1052
101 336 1260
101 355 906
152 214 1300
101 326 1294
