184
733 94 1094
24 94 980
170 94 4
733 348 935
24 348 861
170 348 354
9 348 917
733 533 1067
24 533 1067
170 533 690
9 533 929
733 540 1075
24 540 152
170 540 527
9 540 1075
733 542 968
24 542 644
170 542 469
9 542 762
733 553 1049
24 553 644
170 553 310
9 553 877
733 623 1049
24 623 644
170 623 535
9 623 929
733 654 1049
24 654 644
170 654 555
9 654 407
733 706 564
24 706 676
170 706 1002
9 706 783
733 853 121
170 853 791
9 853 668
733 964 891
24 964 198
24 376 12
9 376 711
24 965 4
9 965 930
343 733 1099
716 733 1202
758 733 1225
60 733 641
60 24 1241
758 24 1296
343 24 901
343 170 1119
758 170 958
60 170 864
716 170 757
716 9 1269
343 9 352
758 9 33
729 9 75
185 716 1086
214 716 562
220 716 821
228 716 15
150 716 97
478 729 1107
150 729 519
214 758 605
220 758 677
150 758 912
150 343 896
220 343 886
214 343 844
185 343 657
228 343 548
478 343 262
150 60 937
220 60 161
478 60 146
214 60 254
412 478 396
87 478 5
104 478 17
107 220 857
104 220 696
375 220 595
412 220 405
87 220 328
107 228 608
104 228 606
412 228 482
87 228 223
375 228 223
107 214 1018
375 214 595
104 214 533
412 214 342
87 214 328
375 185 595
104 185 579
412 185 328
87 185 328
107 185 214
107 150 645
412 150 475
104 150 295
87 150 209
11 107 1295
385 107 6
408 107 2
416 375 629
436 375 629
398 375 568
385 375 329
11 375 303
408 375 290
11 87 294
385 412 976
408 412 901
436 412 875
398 412 875
416 412 442
416 390 1230
385 390 783
398 390 581
408 390 444
385 415 769
408 415 748
416 415 723
436 415 720
398 415 720
408 104 61
324 68 443
402 68 228
267 68 3
324 11 26
208 11 2
324 398 618
208 398 481
402 398 481
417 398 341
267 398 195
208 408 745
402 408 743
324 408 651
267 408 400
208 385 1112
324 385 697
402 385 237
417 385 229
267 385 197
208 436 753
324 436 697
267 436 400
402 436 293
417 436 265
324 416 697
208 416 408
402 416 408
417 416 341
342 402 599
379 402 596
343 402 547
330 402 490
349 402 464
342 208 1008
330 208 352
330 417 1084
379 417 932
342 417 599
349 417 287
343 417 254
379 267 468
342 324 750
349 324 556
379 324 468
343 324 467
69 349 1017
134 349 852
69 343 1110
69 330 1104
134 330 852
134 342 1295
69 342 1017
134 379 1212
