261
387 50 8
730 50 638
752 50 115
93 50 402
387 207 412
399 207 67
80 207 175
730 207 231
752 207 895
781 207 699
387 446 204
399 446 536
80 446 518
500 446 362
730 446 362
752 446 468
93 446 399
781 446 551
387 448 504
399 448 536
80 448 495
500 448 598
730 448 159
752 448 718
93 448 388
781 448 551
387 530 402
399 530 372
80 530 420
500 530 420
730 530 514
752 530 591
93 530 435
781 530 372
387 622 355
399 622 506
80 622 644
730 622 506
752 622 651
93 622 450
781 622 264
387 666 320
399 666 296
80 666 431
500 666 544
730 666 423
752 666 731
93 666 435
781 666 337
387 714 502
399 714 296
80 714 777
500 714 336
730 714 506
752 714 336
93 714 122
781 714 483
387 764 265
399 764 416
80 764 777
500 764 544
730 764 416
752 764 709
93 764 416
781 764 191
387 776 423
399 776 757
80 776 369
500 776 135
730 776 367
752 776 334
93 776 261
781 776 556
387 810 423
399 810 757
80 810 991
500 810 492
752 810 592
93 810 695
781 810 461
387 811 423
399 811 757
80 811 237
500 811 492
752 811 277
93 811 201
387 821 423
399 821 757
80 821 663
500 821 288
752 821 277
93 821 201
781 821 288
387 845 423
399 845 757
80 845 369
500 845 245
730 845 236
752 845 502
93 845 201
781 845 556
387 857 293
399 857 553
500 857 358
730 857 137
93 857 194
781 857 737
387 865 423
399 865 757
80 865 221
500 865 135
730 865 405
752 865 385
93 865 491
781 865 491
399 598 296
80 598 679
500 598 544
730 598 506
752 598 731
93 598 284
781 598 483
801 387 838
747 387 806
743 387 770
677 387 583
581 387 562
690 387 423
801 399 681
743 399 681
581 399 562
747 399 503
690 399 304
677 399 270
743 80 862
747 80 31
801 80 1
690 80 2
801 500 1170
743 500 576
581 500 562
747 500 496
747 730 410
677 730 17
581 752 590
690 752 1
743 93 1163
747 93 285
801 93 12
677 781 16
35 747 1254
35 743 155
313 743 292
49 743 5
1 743 1
35 581 1080
54 581 866
1 581 615
313 581 559
467 581 385
54 801 1138
467 801 156
54 677 1152
35 677 504
1 677 171
467 677 171
35 690 1080
1 690 615
313 690 559
467 690 385
87 1 271
94 1 923
94 54 1145
412 54 53
78 54 18
78 49 1251
37 49 717
87 49 45
94 467 601
87 467 63
37 467 77
307 35 272
87 35 7
307 313 988
78 313 924
94 313 866
412 313 535
100 78 632
223 78 38
208 37 139
223 37 7
223 87 16
170 94 1078
250 94 859
175 94 26
175 307 1146
170 307 923
250 307 869
100 307 522
223 307 298
223 412 400
208 412 398
250 412 372
175 412 366
170 412 205
298 208 835
168 208 463
358 208 448
208 208 246
266 208 246
168 100 239
298 100 1
298 175 847
358 175 764
168 175 551
266 175 551
208 175 256
168 250 849
358 250 723
208 250 447
266 250 325
298 170 1242
168 170 849
208 170 678
266 170 548
358 170 241
298 223 723
358 223 713
266 223 624
208 223 526
168 223 353
395 208 567
374 208 567
363 208 530
389 208 429
344 358 984
389 358 704
395 358 531
363 358 417
349 358 350
395 298 1181
374 298 830
344 298 826
389 298 577
343 298 262
363 298 229
344 168 83
374 266 1193
395 266 347
133 363 1278
101 343 1005
133 389 962
101 389 666
101 344 1282
133 344 962
96 395 805
101 395 677
101 349 1279
133 349 1123
101 374 1008
133 374 674
