212
601 163 2
48 163 1108
549 163 688
98 163 3
601 223 43
48 223 1168
98 223 415
69 223 13
504 223 9
601 426 180
232 426 655
48 426 238
549 426 864
98 426 647
69 426 655
56 426 337
504 426 686
601 428 370
232 428 838
48 428 238
549 428 701
98 428 647
69 428 678
56 428 632
601 585 381
232 585 838
48 585 238
549 585 864
98 585 647
69 585 678
56 585 629
504 585 686
601 595 370
232 595 838
48 595 238
549 595 864
98 595 419
69 595 678
56 595 519
504 595 686
601 791 349
232 791 759
48 791 288
549 791 443
98 791 190
69 791 207
56 791 238
504 791 196
601 867 349
232 867 759
48 867 688
549 867 211
98 867 161
69 867 184
56 867 238
504 867 196
601 882 687
232 882 431
48 882 688
549 882 889
98 882 190
69 882 268
56 882 305
504 882 196
601 891 349
232 891 551
48 891 688
549 891 699
98 891 161
69 891 184
56 891 261
504 891 196
232 103 281
69 103 444
56 103 329
715 601 1147
611 601 665
815 601 449
648 601 419
808 601 358
648 232 803
808 232 1127
815 232 672
611 232 28
815 48 841
715 48 691
611 48 279
808 48 388
648 48 15
808 549 1175
815 549 945
648 549 883
715 549 821
611 549 665
808 98 1063
648 98 895
715 98 700
648 69 808
611 69 351
808 69 119
815 69 51
648 56 824
808 56 1214
715 56 44
611 56 7
808 504 890
648 504 766
815 504 734
715 504 705
611 504 665
458 648 914
483 648 914
432 648 914
135 648 851
437 648 815
432 715 926
458 715 690
135 815 1151
437 815 583
483 815 1
432 611 1128
483 611 1069
458 611 969
437 611 810
135 611 648
135 808 1167
437 808 1042
112 458 939
333 458 930
234 458 863
264 458 775
193 135 1003
112 135 611
234 135 611
333 135 611
264 135 527
333 432 930
264 432 775
234 432 564
112 432 515
234 483 134
112 483 479
333 483 889
264 483 15
333 437 930
193 437 845
264 437 775
234 437 674
405 333 1182
163 333 731
408 333 624
411 333 624
364 333 582
364 112 667
408 112 1
411 193 693
405 193 595
364 193 582
163 193 562
408 193 552
405 234 843
163 234 731
408 234 612
364 234 582
411 234 275
163 264 861
411 264 795
405 264 595
364 264 582
391 364 867
424 364 745
201 364 451
368 364 445
391 411 841
368 411 503
208 411 476
424 411 476
267 411 443
201 411 367
391 391 841
368 391 503
201 391 367
208 391 359
424 391 342
391 405 841
424 405 631
368 405 503
267 405 443
208 405 359
201 405 310
208 408 819
424 408 574
267 408 443
201 408 418
391 163 907
424 163 255
379 368 890
385 368 547
349 368 479
379 424 1083
385 424 1065
330 424 296
349 424 260
379 391 370
379 267 581
69 330 1166
134 330 796
69 343 1099
134 379 1239
69 385 1099
69 349 989
134 349 796
