116
769 52 1279
388 52 186
211 52 199
769 778 1226
581 778 655
388 778 374
211 778 668
769 821 1075
581 821 655
388 821 518
211 821 220
769 854 1286
581 854 507
211 854 1105
769 883 1171
581 883 408
388 883 518
211 883 179
211 82 793
130 769 997
709 769 1233
640 769 11
730 581 1145
709 581 971
640 581 609
130 581 609
730 388 1288
709 388 874
640 388 629
130 388 595
730 211 1233
640 211 50
136 709 458
470 709 107
424 640 1227
480 640 1162
136 640 580
470 640 112
470 130 911
480 130 1295
480 730 660
136 730 333
470 730 21
424 730 4
477 424 1294
415 424 1198
289 424 972
287 424 512
176 424 356
477 136 1215
176 136 777
289 136 220
477 480 1167
176 480 1071
289 480 1277
287 480 596
176 470 1014
289 470 1251
465 289 1155
217 289 973
369 289 941
208 289 301
465 287 1097
217 287 434
369 287 329
208 287 314
217 477 642
208 477 531
465 477 9
217 176 1087
465 176 957
408 176 282
208 176 228
408 415 1078
208 415 829
465 415 771
365 217 1005
264 217 984
50 217 754
298 217 431
140 217 155
50 208 754
298 208 696
264 208 674
365 208 674
362 208 283
365 175 1005
264 175 984
298 175 603
50 175 331
362 408 931
298 408 872
140 408 726
362 369 872
365 369 798
298 369 384
365 465 10
186 140 117
348 50 1200
379 50 1256
348 365 1182
379 365 402
359 365 398
348 264 1182
379 264 402
359 264 398
379 298 700
408 298 280
348 362 401
186 362 297
101 359 1298
123 186 970
70 186 607
101 408 1300
101 379 1078
101 348 1125
