149
232 423 746
771 423 840
769 423 1133
581 423 736
312 423 145
232 487 746
771 487 804
769 487 1251
581 487 1080
312 487 196
232 549 746
771 549 493
769 549 1256
581 549 1053
312 549 196
232 558 746
771 558 665
769 558 1216
581 558 741
312 558 403
232 718 746
771 718 208
769 718 1248
581 718 760
232 788 512
769 788 1294
581 788 724
312 788 754
232 848 1067
771 848 340
769 848 1271
581 848 512
312 848 754
232 881 675
771 881 140
769 881 1160
581 881 627
312 881 754
680 232 704
130 232 1168
680 771 842
627 771 965
643 771 258
130 769 911
627 769 18
680 769 20
643 581 1291
627 581 1058
680 581 766
130 581 409
130 312 594
643 312 552
627 312 492
680 312 480
480 130 1283
375 130 170
122 643 1250
480 643 1056
62 643 221
310 643 180
122 627 1250
62 627 1239
480 627 1116
310 627 772
375 627 221
62 680 1239
480 680 981
310 680 939
375 680 508
122 680 186
367 122 398
289 122 398
176 122 348
477 122 332
176 480 1054
289 480 1260
367 480 334
477 480 623
477 375 1048
289 375 953
367 375 490
176 375 488
295 375 349
477 62 731
367 62 287
289 62 442
295 62 380
477 310 1097
176 310 766
367 310 738
295 310 738
289 310 348
465 289 1204
179 289 979
217 289 979
263 289 396
263 295 1273
465 295 968
217 295 737
297 295 652
179 295 448
263 367 822
465 367 761
217 367 758
179 367 758
217 477 621
179 477 819
465 477 49
263 176 1273
465 176 968
217 176 896
297 176 652
179 176 523
96 217 1224
208 217 904
365 217 899
475 217 855
198 217 619
96 263 1224
475 263 855
198 263 619
475 465 1266
365 465 72
96 179 1224
365 179 899
475 179 855
198 179 619
208 179 521
475 297 918
365 297 703
96 297 556
198 297 556
208 297 255
348 208 339
152 475 1031
359 96 1240
348 96 553
389 96 7
377 198 519
348 198 339
389 365 1126
348 365 1071
359 365 531
152 365 367
101 359 1262
101 389 654
162 152 987
101 377 789
101 348 827
