139
665 35 5
665 119 45
149 119 269
754 119 1082
810 119 96
613 119 748
665 183 12
149 183 319
810 183 321
665 400 301
149 400 272
754 400 1057
810 400 664
613 400 118
665 406 564
149 406 253
754 406 723
810 406 699
613 406 222
665 425 565
149 425 288
754 425 648
810 425 554
613 425 462
665 476 323
149 476 313
754 476 802
810 476 930
613 476 133
665 501 241
149 501 272
754 501 802
810 501 930
613 501 143
665 746 565
149 746 351
754 746 780
810 746 160
665 747 546
149 747 908
754 747 867
810 747 441
613 747 368
665 839 675
149 839 673
754 839 639
810 839 426
613 839 323
665 878 438
149 878 673
754 878 816
810 878 662
613 878 816
149 186 2
754 186 2
810 186 575
613 186 115
149 300 397
754 300 1146
810 300 13
613 300 567
742 665 825
606 665 621
789 665 567
749 665 193
742 149 1294
79 149 899
742 754 1276
789 754 389
749 754 8
789 810 852
749 810 1217
79 810 584
742 810 388
742 613 1294
79 613 1055
789 613 567
749 613 305
606 613 208
364 749 487
9 749 20
322 742 1121
364 742 669
416 742 33
460 742 4
322 606 1125
416 606 815
364 606 795
322 79 1223
364 79 1154
9 789 1205
39 460 1266
487 460 1103
29 460 966
487 9 398
183 9 827
39 416 1211
487 416 1080
29 416 1019
375 416 991
39 364 1282
487 364 418
29 364 418
375 364 366
39 322 1253
487 322 535
375 322 286
241 487 55
241 375 710
320 375 527
226 375 308
241 183 588
320 183 527
193 183 500
226 183 214
226 39 555
226 29 954
415 226 414
436 226 384
436 193 1256
437 193 1247
415 193 1021
436 320 1198
437 320 1198
415 320 1083
436 241 1256
437 241 1247
415 241 1021
388 436 1227
379 436 1193
340 436 1001
388 437 1231
340 437 1104
388 415 1285
340 415 1284
134 379 1249
134 340 1184
134 388 1236
69 388 999
