317
150 483 652
80 483 230
59 483 451
465 483 235
455 483 483
93 483 181
153 483 275
264 483 320
150 508 912
80 508 609
59 508 248
465 508 280
455 508 356
93 508 268
153 508 493
781 508 184
264 508 291
150 530 451
80 530 392
59 530 395
465 530 176
93 530 202
153 530 469
781 530 395
150 594 495
80 594 581
59 594 827
455 594 197
93 594 256
153 594 315
781 594 495
264 594 171
150 598 610
80 598 392
59 598 458
465 598 147
455 598 282
93 598 434
153 598 269
781 598 521
264 598 389
150 645 610
80 645 392
59 645 827
465 645 261
93 645 215
153 645 291
781 645 521
264 645 349
150 671 610
80 671 614
59 671 458
465 671 184
455 671 473
93 671 241
153 671 445
781 671 521
264 671 320
150 752 610
80 752 538
59 752 458
465 752 152
455 752 197
93 752 224
153 752 154
781 752 521
264 752 238
150 819 423
80 819 136
59 819 251
465 819 238
93 819 248
153 819 326
781 819 835
264 819 640
150 832 669
80 832 197
59 832 126
465 832 469
455 832 246
93 832 304
153 832 126
781 832 365
264 832 365
150 846 800
80 846 108
59 846 251
455 846 246
93 846 304
153 846 678
781 846 493
264 846 283
150 868 974
80 868 783
59 868 147
465 868 547
93 868 826
153 868 678
781 868 646
264 868 638
150 879 923
80 879 783
465 879 547
153 879 678
781 879 267
264 879 530
150 889 423
80 889 342
59 889 251
465 889 342
455 889 246
93 889 671
153 889 661
781 889 646
264 889 476
150 902 1074
80 902 429
465 902 196
455 902 484
153 902 410
150 967 1057
465 967 216
455 967 26
781 967 19
80 987 3
455 987 324
93 987 100
59 951 1
465 951 603
93 951 414
153 951 43
264 951 474
465 963 89
153 963 60
264 963 1
792 150 1240
695 150 374
668 150 107
743 80 687
668 59 270
731 59 504
792 59 3
645 59 9
668 465 746
695 465 659
731 465 598
743 465 494
792 465 377
645 465 247
801 465 152
731 455 1073
792 455 957
801 455 321
743 455 310
695 455 276
668 455 227
792 93 627
743 93 1121
668 93 3
731 93 1
801 93 1
801 153 415
731 153 597
743 153 39
792 153 1
645 781 32
792 781 15
731 781 168
695 781 98
801 264 670
792 264 640
731 264 409
743 264 333
645 264 225
54 792 1234
456 792 439
457 792 458
244 668 1139
414 668 1049
54 668 829
457 668 829
364 668 593
35 668 447
456 668 167
35 743 130
414 731 1086
54 731 680
364 731 336
456 731 80
244 731 26
457 645 1172
54 645 1138
414 645 591
456 645 208
54 801 1140
244 801 1012
457 801 415
456 695 1194
414 695 1066
457 695 1017
364 695 266
244 695 241
35 695 154
375 456 746
39 456 592
412 456 466
77 456 464
78 54 13
412 54 31
77 244 764
412 244 644
375 244 612
87 244 482
78 244 470
375 457 1255
87 457 713
77 457 464
412 457 421
415 457 254
78 457 188
39 364 1001
412 364 876
87 364 482
78 364 256
77 364 203
87 35 7
375 414 1194
415 414 832
87 414 713
39 414 592
412 414 466
77 414 170
100 78 710
223 78 34
408 78 8
385 78 1
100 77 11
223 87 7
385 375 383
250 375 333
170 375 333
100 39 21
385 39 21
385 412 1005
408 412 826
208 412 571
250 412 436
223 412 370
408 415 1027
385 415 823
208 415 592
223 415 157
298 208 832
168 208 588
358 208 435
208 208 316
362 208 316
168 100 264
362 100 18
362 250 1186
168 250 973
358 250 753
208 250 313
266 250 243
298 170 1273
168 170 973
208 170 586
266 170 354
358 170 208
362 408 1089
298 408 1001
208 408 871
358 408 849
266 408 415
208 385 1248
298 385 486
358 385 392
362 385 328
266 385 218
208 223 670
358 223 595
298 223 595
168 223 569
362 223 473
266 223 390
168 377 1265
266 377 1249
362 377 439
388 208 879
340 208 477
374 208 477
379 358 768
340 358 608
385 358 348
359 358 341
349 358 336
374 298 957
379 298 792
385 298 600
388 298 238
340 298 208
340 362 563
374 362 563
374 266 1230
340 168 1178
388 168 1179
101 359 1285
101 374 989
133 374 686
133 340 1300
101 388 959
96 388 730
101 385 944
101 349 1285
133 349 1186
133 379 848
101 379 768
