313
107 272 144
343 272 132
228 272 363
769 272 26
461 272 340
107 322 4
228 322 13
41 322 649
107 429 342
343 429 143
228 429 546
769 429 621
770 429 546
702 429 415
461 429 619
107 443 295
343 443 481
228 443 458
769 443 597
770 443 400
41 443 440
702 443 334
461 443 540
107 461 135
343 461 240
228 461 767
769 461 907
770 461 432
41 461 1154
702 461 210
461 461 448
107 480 286
343 480 174
228 480 767
769 480 907
770 480 312
41 480 1071
702 480 286
107 566 456
343 566 387
228 566 767
769 566 907
770 566 400
41 566 1025
702 566 316
461 566 456
107 593 730
228 593 767
769 593 853
770 593 321
41 593 853
702 593 160
461 593 801
107 618 200
343 618 397
228 618 767
769 618 907
770 618 400
41 618 1168
461 618 227
107 669 186
343 669 422
228 669 544
769 669 544
770 669 422
702 669 334
461 669 186
107 772 497
343 772 404
228 772 615
769 772 669
770 772 386
41 772 313
702 772 340
461 772 281
107 858 495
343 858 404
228 858 705
769 858 301
770 858 656
41 858 934
702 858 340
461 858 215
107 866 519
343 866 307
228 866 712
769 866 669
770 866 656
41 866 136
702 866 662
461 866 281
107 880 723
343 880 404
228 880 546
769 880 518
770 880 386
41 880 857
702 880 662
461 880 215
343 273 88
228 273 1
461 273 762
343 318 350
343 462 460
228 462 767
769 462 907
770 462 460
41 462 1221
702 462 289
461 462 497
343 921 2
228 921 449
769 921 288
770 921 119
680 107 963
728 343 935
283 343 823
680 343 823
561 343 755
589 343 743
516 343 630
283 228 222
728 228 1162
516 228 10
561 228 2
283 769 480
680 769 77
728 770 927
561 770 719
516 770 11
728 41 1147
561 41 2
283 41 2
680 702 1049
283 702 1010
516 702 745
561 702 600
589 702 559
728 702 144
283 461 1058
680 461 981
728 461 907
561 461 755
589 461 608
516 461 419
274 283 1014
168 283 724
297 283 696
198 283 578
284 283 433
32 283 410
52 283 360
463 283 261
168 589 953
284 589 952
297 589 809
198 589 456
463 589 326
274 561 861
168 561 724
297 561 696
52 561 583
284 561 433
32 561 410
198 561 406
168 680 953
284 680 952
52 680 709
297 680 407
198 680 165
32 680 162
168 728 560
274 728 296
52 728 904
198 728 585
32 516 982
274 516 816
168 516 724
284 516 433
297 516 322
52 516 242
198 516 188
72 32 1161
241 32 793
509 32 8
195 168 919
241 168 731
72 168 657
509 168 657
295 168 318
375 274 1076
509 274 625
195 274 483
275 274 455
241 274 375
375 198 947
195 198 745
72 198 474
241 198 462
295 198 331
275 198 277
295 297 805
241 297 582
195 297 535
509 297 526
275 297 430
375 297 430
72 52 409
195 52 13
375 52 17
375 284 1169
195 284 745
241 284 535
295 284 315
509 284 303
275 284 303
375 463 1300
295 463 261
241 463 208
275 463 174
114 275 637
351 275 600
340 275 480
402 275 275
114 509 1
407 375 1281
442 375 1226
402 375 1072
114 375 596
340 375 485
351 375 274
351 295 506
340 295 485
114 295 447
442 295 343
408 295 335
407 295 239
114 241 1171
442 241 769
340 241 509
407 241 239
114 72 1058
442 72 141
407 72 11
407 195 965
442 195 965
402 195 965
340 195 509
351 195 476
114 195 447
408 195 335
140 340 553
342 340 546
198 340 492
208 340 480
264 340 341
273 442 1294
140 442 1294
208 442 1294
198 442 201
411 442 194
273 407 1300
140 407 1300
208 407 1295
198 407 433
198 351 871
342 351 546
140 351 382
208 351 358
264 351 341
273 351 257
411 351 257
198 114 848
342 114 3
273 114 1
273 402 1300
140 402 1300
208 402 1295
198 402 82
208 408 946
273 408 848
140 408 848
214 208 1051
154 208 988
348 208 272
238 140 1200
348 264 932
154 264 469
154 198 564
377 198 374
348 198 300
214 273 1051
154 273 988
377 273 353
348 342 618
377 342 295
382 342 248
214 411 1169
154 411 1075
382 411 842
377 411 709
392 411 521
133 392 597
152 377 988
101 377 611
101 382 943
152 214 1300
152 348 1246
101 348 893
133 348 893
152 154 1300
152 238 1300
101 238 531
