127
601 220 1055
565 220 1062
276 220 361
601 270 792
565 270 257
457 270 219
601 439 423
565 439 989
457 439 1081
276 439 382
601 498 615
565 498 409
457 498 660
678 498 318
276 498 190
601 615 152
565 615 220
457 615 1011
276 615 190
601 670 207
565 670 914
457 670 687
678 670 255
276 670 382
601 773 680
565 773 580
457 773 219
678 773 207
276 773 543
601 789 803
565 789 547
457 789 1091
678 789 229
276 789 543
601 806 551
565 806 872
678 806 777
276 806 140
565 1 967
457 1 783
678 1 3
565 182 207
457 182 549
626 601 1277
715 601 1206
611 601 860
611 565 1031
626 565 639
715 565 521
626 457 639
611 457 629
715 457 147
626 678 1277
715 678 1206
611 678 882
715 276 1022
626 276 649
611 276 629
432 715 1087
483 626 1258
432 626 1184
519 626 461
483 611 1258
432 611 1184
519 611 205
139 432 1229
333 432 1116
264 432 1015
333 483 1085
139 483 1288
264 483 106
264 519 945
139 519 1074
405 333 1285
163 333 915
364 333 735
411 333 712
163 139 1205
411 139 1173
364 139 1170
405 139 683
163 264 969
411 264 944
405 264 845
364 264 735
391 364 1091
264 364 783
298 364 455
201 364 393
267 364 381
208 364 251
391 411 1065
267 411 448
298 411 448
208 411 358
201 411 282
391 163 1136
264 163 755
298 163 585
391 405 1065
298 405 887
267 405 638
208 405 358
201 405 233
214 208 1200
323 391 344
323 201 688
214 201 409
323 264 535
336 264 446
349 264 321
323 267 535
355 298 246
343 298 218
101 323 1220
101 343 1060
69 343 946
101 349 1296
69 349 1031
134 349 831
134 336 1299
101 336 1296
69 336 1280
69 355 1300
101 355 1151
134 214 1254
101 214 689
