248
657 504 285
578 504 433
736 504 514
477 504 333
719 504 1045
785 504 1045
623 504 400
657 608 316
578 608 291
736 608 284
477 608 300
719 608 816
785 608 493
623 608 400
657 652 404
578 652 303
736 652 626
477 652 315
719 652 775
785 652 602
623 652 405
657 697 254
578 697 566
736 697 289
477 697 216
719 697 343
785 697 777
623 697 396
657 771 878
578 771 416
736 771 223
719 771 626
785 771 775
623 771 836
657 782 314
578 782 627
736 782 458
477 782 235
719 782 462
623 782 222
657 798 878
578 798 627
477 798 293
719 798 626
785 798 699
623 798 836
657 808 878
578 808 163
736 808 324
477 808 293
719 808 920
785 808 167
623 808 836
657 812 813
578 812 627
736 812 217
477 812 485
719 812 626
785 812 490
623 812 813
657 820 293
578 820 318
736 820 126
719 820 703
785 820 240
623 820 173
657 823 836
578 823 627
736 823 269
719 823 920
785 823 137
623 823 836
657 833 878
578 833 627
736 833 558
477 833 347
719 833 626
785 833 384
623 833 836
657 845 224
578 845 627
736 845 478
477 845 154
719 845 224
785 845 381
657 883 464
578 883 416
736 883 448
477 883 154
719 883 551
785 883 345
578 844 627
736 844 215
477 844 293
719 844 151
623 844 222
801 657 1112
617 657 622
762 657 595
658 657 495
796 657 233
668 657 219
801 578 1190
658 578 1014
617 578 682
668 578 635
762 578 437
796 578 361
801 736 1053
796 736 218
617 736 3
762 477 712
801 477 570
796 477 556
617 477 509
658 477 476
668 477 372
762 719 1164
617 719 493
658 719 191
801 785 634
762 785 181
617 623 1212
762 623 579
801 623 490
796 623 415
658 623 391
668 623 259
457 668 974
54 668 974
416 668 678
456 668 318
457 658 1218
416 658 1145
481 658 1081
456 658 758
54 658 421
457 796 95
54 796 2
481 801 1166
457 801 237
54 801 1217
54 762 676
456 762 279
457 762 3
416 617 1143
457 617 1113
481 617 1081
456 617 825
463 617 614
54 617 421
220 54 577
94 54 1124
78 54 16
78 416 119
307 456 527
94 456 351
220 456 295
307 481 79
220 481 149
78 481 118
307 457 654
220 457 262
78 457 243
220 463 591
415 463 521
94 463 406
251 78 241
223 78 50
385 78 3
170 94 1220
250 94 931
251 94 557
175 94 6
377 94 5
175 307 1216
377 307 1167
170 307 1093
250 307 986
223 307 313
251 307 204
385 415 833
251 415 350
223 415 202
385 220 1256
377 220 1246
170 220 1093
250 220 986
175 220 300
251 220 256
223 220 194
298 170 1249
208 170 636
266 170 417
358 170 194
362 250 1136
358 250 682
208 250 540
266 250 301
298 250 289
298 175 894
358 175 735
266 175 520
362 175 312
208 175 232
298 251 777
358 251 735
208 385 1253
298 385 515
358 385 361
362 385 339
266 385 336
362 223 756
298 223 607
358 223 607
266 223 429
208 223 429
266 377 1202
362 377 436
388 208 818
340 208 403
395 208 403
374 208 403
340 358 629
395 358 604
395 298 1217
374 298 818
355 298 344
340 298 282
374 266 1257
395 266 424
355 266 355
374 362 435
340 362 435
395 362 435
101 382 1092
69 382 927
69 377 958
133 377 672
101 377 672
69 355 1272
101 355 1042
101 395 707
101 374 801
69 374 671
133 340 1299
101 388 845
69 388 604
