213
601 16 487
474 16 197
799 16 59
601 535 528
609 535 363
474 535 566
668 535 301
799 535 765
617 535 765
601 540 370
609 540 464
668 540 759
799 540 1129
617 540 766
601 561 334
609 561 603
474 561 566
668 561 174
799 561 1054
617 561 652
601 568 348
609 568 425
668 568 246
799 568 922
617 568 766
601 585 150
609 585 603
668 585 759
799 585 704
617 585 647
601 645 467
609 645 603
668 645 759
799 645 1054
617 645 770
601 693 333
609 693 603
668 693 366
799 693 1054
617 693 766
601 806 146
609 806 611
474 806 550
799 806 431
617 806 483
601 821 170
609 821 348
474 821 550
799 821 573
601 839 312
609 839 420
668 839 448
799 839 612
617 839 420
601 847 170
609 847 611
474 847 550
668 847 152
799 847 612
617 847 784
609 140 378
799 140 624
609 172 514
474 172 41
668 172 1
609 687 603
474 687 566
668 687 192
799 687 932
617 687 508
609 949 24
474 949 5
799 949 851
617 949 144
799 275 764
617 275 15
691 601 1242
626 601 1229
611 601 1059
646 601 687
691 609 1178
626 609 1017
611 609 946
646 609 318
691 474 901
626 474 833
611 474 756
646 474 570
691 668 1242
611 668 1069
646 668 649
626 668 384
611 799 32
691 799 28
626 799 1
691 617 1072
626 617 962
611 617 839
646 617 318
186 691 1086
411 691 1066
483 691 972
463 691 619
487 691 395
483 646 1266
463 646 1171
186 646 1086
411 646 1066
487 646 395
483 626 1266
463 626 1171
411 626 872
487 626 472
186 626 371
483 611 1266
463 611 1171
487 611 528
411 611 302
186 611 253
333 487 202
325 487 37
333 483 734
139 483 1105
172 483 523
300 483 350
325 483 495
325 411 1122
333 411 938
172 411 913
139 411 752
300 411 633
139 186 1095
333 186 1027
325 186 692
172 186 535
300 52 1
333 463 938
139 463 752
300 463 633
408 333 1203
475 333 1120
439 333 916
355 333 782
307 333 579
441 333 298
408 300 1203
475 300 1120
307 300 902
439 300 740
355 300 695
441 300 557
475 139 1076
408 139 1076
441 139 1031
355 139 695
307 139 430
441 172 1011
307 172 902
439 172 612
475 172 457
355 172 304
307 325 1091
441 325 820
475 325 749
408 325 749
355 325 695
264 307 1013
202 307 725
391 307 693
360 307 498
267 307 477
208 307 372
391 441 719
208 441 508
360 441 468
202 475 648
391 475 845
264 475 432
208 408 936
267 408 431
391 408 258
360 408 253
264 355 1013
208 355 830
391 355 651
267 355 559
202 355 430
360 439 469
267 439 431
208 439 290
264 439 250
389 202 983
214 202 787
214 208 1103
374 208 336
346 360 414
389 391 983
346 391 364
389 264 1261
346 264 1207
336 264 366
346 267 970
389 267 970
133 389 984
101 346 1292
133 346 1055
134 346 1055
134 336 1299
101 336 1293
133 336 1264
101 355 1096
101 374 978
134 214 1216
