315
370 569 481
270 569 292
149 569 456
810 569 631
812 569 347
485 569 191
370 780 620
270 780 380
149 780 903
810 780 882
812 780 658
485 780 424
370 781 549
270 781 123
149 781 916
376 781 94
810 781 882
812 781 492
485 781 641
370 786 568
270 786 584
149 786 464
376 786 369
810 786 882
812 786 488
485 786 813
370 787 368
270 787 584
149 787 738
810 787 456
812 787 419
485 787 414
370 788 226
270 788 584
149 788 218
376 788 121
810 788 698
812 788 226
485 788 424
370 822 115
270 822 257
149 822 464
376 822 407
810 822 882
812 822 488
485 822 774
370 823 368
270 823 331
149 823 644
376 823 157
810 823 623
812 823 302
485 823 813
370 825 368
270 825 420
149 825 380
376 825 276
810 825 793
812 825 451
485 825 735
370 846 368
270 846 584
149 846 867
376 846 493
810 846 623
812 846 124
485 846 386
370 854 268
270 854 257
149 854 464
376 854 493
810 854 337
812 854 379
485 854 813
370 859 546
270 859 584
149 859 204
376 859 493
810 859 623
812 859 658
485 859 494
370 866 368
270 866 584
149 866 696
810 866 456
812 866 112
485 866 813
370 868 296
270 868 584
149 868 867
376 868 121
810 868 793
812 868 515
485 868 386
370 878 346
270 878 331
149 878 731
376 878 266
810 878 793
485 878 407
370 879 146
149 879 867
376 879 493
810 879 819
812 879 488
485 879 520
370 885 529
270 885 254
149 885 731
376 885 129
810 885 763
485 885 254
370 889 368
270 889 584
149 889 555
376 889 171
810 889 798
812 889 488
485 889 424
270 832 693
149 832 464
376 832 469
810 832 623
485 832 813
79 370 1222
742 370 1150
605 370 693
805 370 667
158 370 368
703 370 143
79 270 1088
742 270 1088
158 270 866
605 270 777
805 270 313
703 270 284
158 149 765
79 149 1036
742 149 1061
805 149 34
79 376 1151
742 376 1150
605 376 773
158 376 329
703 376 329
805 376 251
79 810 725
805 810 205
158 810 266
742 810 25
79 812 382
79 485 766
805 485 616
703 485 487
742 485 487
158 485 368
605 485 300
364 742 969
322 742 1090
469 742 113
234 79 551
322 79 1021
364 79 1257
469 79 272
495 805 1121
364 805 120
469 805 36
469 605 1007
234 605 793
364 605 454
455 605 449
322 605 347
495 605 339
322 158 976
469 158 1274
322 703 830
469 703 634
455 703 446
234 703 327
364 703 256
39 495 722
394 495 91
375 495 25
387 234 1091
394 234 1075
412 234 848
39 234 769
375 234 430
422 469 971
412 469 421
402 469 4
39 455 1082
402 455 1005
422 455 952
415 455 807
387 455 766
394 455 751
412 455 600
39 364 1146
387 364 1091
394 364 1075
412 364 848
422 364 506
402 364 261
415 364 212
39 322 1146
387 322 1091
394 322 1075
412 322 848
416 422 720
208 422 394
309 422 231
416 375 814
17 375 762
320 375 323
408 375 276
17 39 1299
416 402 720
309 402 451
208 402 441
408 402 441
320 402 206
416 387 844
408 387 601
208 387 394
320 387 390
193 387 208
416 394 844
408 394 601
208 394 394
320 394 211
193 394 208
408 412 847
17 412 514
208 412 416
320 412 399
416 412 329
309 412 223
408 415 978
416 415 592
309 415 538
208 415 447
320 415 206
298 208 789
168 208 747
415 208 371
208 208 268
298 408 990
208 408 738
415 408 540
415 17 846
436 17 456
168 17 1293
437 17 237
298 17 3
415 309 599
298 309 505
437 309 363
436 309 363
168 309 363
436 320 871
437 320 871
168 320 871
415 320 782
298 320 650
208 320 616
168 193 1131
437 193 1120
436 193 1079
415 193 833
208 193 162
208 416 458
415 416 458
298 416 324
437 416 264
388 208 1056
342 208 1056
340 208 388
330 208 388
388 436 1229
330 436 1100
340 436 690
343 436 601
349 436 566
342 436 360
388 437 1218
340 437 1162
342 437 1162
330 437 1017
343 437 699
349 437 566
388 415 1257
340 415 1244
342 415 1216
330 415 1017
343 415 699
349 415 566
343 298 537
342 298 201
342 168 544
388 168 1220
330 168 486
340 168 1218
134 342 1299
133 342 1244
95 342 1146
95 343 889
95 330 835
134 330 675
133 349 1214
95 349 886
134 349 675
133 340 1300
95 388 1277
134 388 1041
