346
575 483 404
578 483 242
596 483 485
787 483 250
810 483 509
655 483 480
613 483 182
785 483 195
400 483 145
623 483 273
575 772 194
578 772 478
596 772 745
787 772 276
810 772 160
655 772 692
613 772 304
785 772 313
400 772 139
623 772 787
575 792 142
578 792 109
596 792 724
787 792 200
810 792 109
655 792 573
613 792 335
400 792 608
623 792 582
575 798 194
578 798 478
596 798 623
787 798 196
810 798 160
655 798 576
613 798 165
785 798 313
400 798 153
623 798 927
575 806 287
578 806 313
596 806 745
810 806 181
655 806 692
613 806 187
785 806 117
400 806 608
575 817 194
578 817 514
596 817 623
810 817 476
655 817 576
613 817 179
785 817 139
623 817 927
575 821 287
578 821 478
596 821 623
810 821 430
655 821 576
785 821 117
400 821 122
623 821 822
575 823 194
578 823 563
596 823 623
810 823 160
655 823 576
613 823 122
785 823 135
400 823 122
623 823 812
575 832 287
578 832 478
596 832 623
787 832 135
810 832 160
655 832 550
613 832 187
785 832 139
400 832 153
623 832 480
575 834 287
578 834 478
596 834 623
787 834 135
810 834 160
655 834 532
613 834 187
400 834 153
623 834 641
575 838 194
578 838 478
596 838 709
810 838 179
655 838 692
613 838 335
785 838 139
400 838 183
623 838 582
575 845 194
578 845 478
596 845 694
810 845 181
655 845 573
613 845 122
785 845 189
400 845 429
575 846 194
578 846 478
596 846 623
787 846 143
810 846 160
655 846 552
613 846 219
785 846 189
400 846 319
623 846 531
575 883 287
578 883 313
596 883 745
810 883 181
655 883 692
613 883 156
785 883 117
400 883 608
575 892 287
596 892 752
787 892 276
655 892 576
613 892 179
785 892 313
623 892 927
578 808 116
596 808 724
787 808 135
810 808 169
655 808 576
613 808 122
785 808 175
400 808 608
623 808 927
596 987 593
810 987 2
655 987 1
400 987 61
623 987 396
796 575 875
583 575 702
742 575 539
690 575 450
581 575 362
801 575 237
695 575 154
801 578 958
581 578 927
690 578 849
583 578 820
742 578 708
640 578 288
796 578 282
695 578 118
640 596 916
695 596 840
801 596 823
583 596 820
742 596 679
581 596 497
796 596 282
690 596 185
801 787 255
695 810 319
690 810 23
742 810 72
695 655 733
640 655 733
690 655 711
742 655 679
583 655 678
581 655 653
801 655 606
796 655 282
742 613 1050
640 613 1004
695 613 840
581 613 702
796 613 348
690 613 297
583 613 196
801 785 266
583 785 37
801 400 980
695 400 777
640 400 737
796 400 586
583 400 398
581 400 306
690 400 306
690 623 966
640 623 837
695 623 837
742 623 708
801 623 463
583 623 328
796 623 271
416 640 929
456 640 708
457 640 685
54 640 539
257 640 223
457 742 1123
416 742 184
457 581 977
54 581 961
463 581 888
257 581 223
457 796 96
54 796 1
54 801 975
457 801 542
456 695 1108
457 695 1106
416 695 1086
257 695 337
463 695 225
456 690 1108
457 690 804
416 690 738
463 690 603
257 690 337
457 583 1106
416 583 1086
463 583 1071
456 583 501
257 583 206
94 54 831
387 416 1079
394 416 1046
422 416 958
375 416 939
39 416 710
387 456 1079
394 456 1046
375 456 939
39 456 710
422 456 264
375 457 1271
387 457 1079
394 457 1046
415 457 102
375 257 517
387 257 251
375 463 1300
415 463 476
39 463 197
94 463 173
394 463 155
387 463 155
407 422 955
226 422 281
250 422 217
250 94 904
170 94 1110
175 94 14
377 94 7
407 375 1297
17 375 623
226 375 175
17 39 1297
175 39 293
226 39 450
170 394 463
407 394 261
193 394 236
250 394 232
175 394 117
407 415 955
226 415 281
170 387 463
407 387 261
193 387 236
358 226 365
298 226 310
407 226 295
298 175 798
358 175 722
208 175 360
168 175 337
407 175 218
168 250 1013
358 250 605
208 250 360
407 250 251
298 250 242
208 407 1289
298 407 889
358 407 654
407 407 337
298 170 1241
168 170 992
208 170 671
358 170 180
407 170 168
168 17 1296
358 17 59
298 17 9
168 193 1090
407 193 692
208 193 199
358 193 110
298 193 110
168 377 1259
407 377 218
388 208 955
342 208 955
340 208 451
330 208 451
340 358 834
330 358 834
379 358 806
349 358 532
330 407 1102
379 407 1069
340 407 663
342 407 576
349 407 340
388 407 340
379 298 836
340 298 343
330 298 343
342 298 253
330 168 535
340 168 1194
388 168 1195
342 168 484
101 330 1022
95 330 760
133 342 1206
95 342 1064
95 388 1259
101 388 905
133 340 1300
101 349 1276
133 349 1202
95 349 906
133 379 753
