217
404 420 1099
782 420 968
673 420 719
622 420 513
584 420 489
42 420 609
404 429 796
782 429 1026
673 429 719
622 429 843
584 429 389
42 429 694
404 474 547
782 474 886
673 474 489
622 474 200
584 474 352
42 474 446
404 500 901
782 500 646
673 500 615
622 500 473
584 500 358
42 500 473
404 524 796
782 524 674
673 524 629
622 524 843
584 524 250
42 524 265
404 586 1039
782 586 454
673 586 561
622 586 582
584 586 358
42 586 413
404 600 796
782 600 823
673 600 719
622 600 843
584 600 425
42 600 477
404 815 248
782 815 656
673 815 784
622 815 681
584 815 811
42 815 288
404 838 768
782 838 254
673 838 825
584 838 355
42 838 934
404 852 881
782 852 233
673 852 603
622 852 167
584 852 355
42 852 288
404 853 1003
673 853 551
622 853 380
584 853 355
42 853 501
404 858 1056
782 858 134
673 858 415
622 858 826
584 858 246
42 858 972
404 924 428
782 924 10
42 924 30
404 948 876
622 948 310
588 404 1005
808 404 895
158 404 752
605 404 259
808 782 1033
158 673 964
605 673 679
808 673 426
588 673 426
158 622 980
808 622 872
605 622 670
588 622 428
158 584 1177
605 584 679
808 584 672
588 584 635
158 42 417
588 42 598
469 588 1184
339 588 1046
230 588 710
135 588 685
402 588 653
330 588 550
469 605 1184
402 605 1070
339 605 1046
230 605 710
135 605 656
330 605 523
402 808 351
230 808 1036
135 808 1256
469 808 355
230 158 193
402 158 955
469 158 1289
339 158 472
412 135 914
422 135 840
413 135 765
402 135 225
413 339 1052
422 339 782
402 339 567
402 402 986
413 402 986
422 402 486
412 402 117
422 230 840
413 230 765
412 230 509
402 230 271
412 469 641
422 469 1136
413 469 181
402 469 3
422 330 745
402 330 731
413 330 718
412 330 700
415 330 412
433 422 1235
385 422 836
309 422 205
408 413 1123
398 413 1104
436 413 1104
433 413 670
309 413 369
385 413 253
175 413 189
433 402 1235
385 402 459
408 402 409
309 402 404
175 402 180
385 412 1057
408 412 759
436 412 684
398 412 684
433 412 590
223 412 268
408 415 924
385 415 836
433 415 665
398 415 576
436 415 576
309 415 369
233 175 1150
298 175 758
208 175 283
362 175 269
362 408 1060
298 408 997
208 408 726
424 408 527
233 408 310
208 385 1276
233 385 966
424 385 452
298 385 372
362 385 239
362 223 807
208 223 631
298 223 528
208 433 1297
233 433 995
424 433 527
362 309 997
233 309 866
298 309 471
362 398 1060
208 398 726
233 398 683
424 398 527
233 436 1117
298 436 997
208 436 709
424 436 344
388 208 887
340 208 490
324 208 421
377 424 1231
379 424 950
388 424 596
340 424 251
324 424 208
340 233 843
379 233 674
379 298 674
340 362 531
133 377 594
134 379 1215
133 379 978
133 324 869
96 324 692
134 388 1034
96 388 692
133 340 1298
134 340 554
