226
420 451 326
271 451 540
520 451 741
701 451 462
539 451 713
726 451 1236
420 475 257
271 475 268
520 475 583
701 475 342
539 475 713
726 475 1221
420 582 263
271 582 634
520 582 868
701 582 462
539 582 454
726 582 1116
420 621 168
271 621 634
520 621 583
701 621 462
539 621 454
726 621 1157
420 761 283
271 761 634
520 761 868
701 761 250
539 761 713
726 761 1149
420 773 448
271 773 579
520 773 212
701 773 609
539 773 395
726 773 408
420 778 448
271 778 579
520 778 212
701 778 289
539 778 434
726 778 914
420 838 969
271 838 579
701 838 949
539 838 395
726 838 408
420 851 969
520 851 991
701 851 374
539 851 160
726 851 635
420 877 448
271 877 579
520 877 212
701 877 764
539 877 434
726 877 810
271 601 115
520 601 868
539 601 454
726 601 1125
520 160 530
701 160 114
539 160 26
726 160 1269
709 420 934
787 420 815
737 420 752
815 420 678
774 420 409
597 420 303
815 271 1146
787 271 959
709 271 951
597 271 851
774 271 845
737 271 553
815 520 1215
787 520 959
597 520 851
709 520 734
774 520 314
737 520 314
597 701 951
709 701 890
815 701 647
774 701 603
737 701 409
787 701 173
815 539 1190
709 539 1101
787 539 959
774 539 949
597 539 851
737 539 553
787 726 540
709 726 852
597 726 497
815 726 564
774 726 40
153 709 362
208 709 12
217 787 1099
208 787 297
29 787 340
218 787 2
208 597 881
29 597 765
414 597 506
217 597 494
153 597 346
218 597 282
217 774 958
208 774 536
218 815 291
217 815 703
29 815 105
414 815 36
218 737 296
217 737 970
29 737 1282
153 737 884
414 737 57
415 29 1
361 208 1005
292 208 953
143 208 690
390 208 301
361 153 1005
292 153 712
143 153 690
390 153 301
361 218 999
412 218 792
292 218 341
390 218 301
292 217 364
390 414 1165
415 414 1139
412 414 717
143 414 240
292 414 215
385 361 477
408 361 465
276 361 397
175 361 324
355 361 288
175 292 1226
408 292 1226
385 292 1207
276 292 1101
297 292 787
355 292 221
385 143 1061
297 143 787
175 143 548
408 143 471
276 143 471
355 143 288
385 390 1112
355 390 1093
297 390 756
408 390 627
276 390 412
175 390 327
355 415 1093
408 415 852
385 415 804
297 415 756
276 415 412
175 415 327
385 412 1112
355 412 1033
408 412 1001
276 412 980
175 412 521
297 412 324
255 175 1144
233 175 1108
310 175 1008
303 175 647
339 175 220
255 276 1144
233 276 1108
339 276 855
303 276 720
310 276 619
310 408 658
339 408 565
233 408 433
255 408 423
255 385 1105
233 385 728
303 385 559
310 385 290
339 385 272
339 297 855
303 297 584
233 297 569
255 297 310
310 297 249
255 355 1144
233 355 1108
339 355 754
310 355 619
303 355 584
389 255 174
312 233 613
186 233 494
374 303 887
312 303 444
186 303 325
186 310 341
389 310 268
186 339 571
312 339 571
389 339 351
133 389 970
133 312 818
70 312 599
133 374 727
70 374 727
133 403 970
123 186 1019
70 186 687
