377
137 52 565
150 52 39
538 52 292
787 52 156
137 238 121
665 238 594
150 238 9
787 238 12
425 238 423
781 238 503
137 420 838
665 420 258
150 420 505
538 420 135
787 420 544
189 420 390
425 420 604
781 420 829
104 420 544
137 480 838
665 480 218
150 480 392
538 480 259
787 480 586
189 480 162
425 480 209
781 480 829
104 480 586
137 502 406
665 502 187
150 502 259
538 502 135
787 502 672
189 502 137
425 502 742
781 502 645
104 502 672
137 514 517
665 514 177
150 514 614
787 514 643
189 514 339
425 514 284
781 514 588
104 514 643
137 530 434
665 530 202
150 530 513
538 530 278
787 530 825
189 530 390
781 530 473
104 530 936
137 712 406
665 712 414
150 712 614
538 712 285
787 712 399
189 712 297
425 712 406
781 712 782
104 712 270
137 720 530
665 720 258
150 720 392
538 720 215
787 720 514
189 720 422
425 720 421
781 720 825
137 738 708
665 738 276
150 738 297
538 738 226
787 738 476
189 738 469
425 738 388
781 738 708
104 738 498
137 740 406
665 740 258
150 740 300
538 740 469
787 740 469
189 740 297
425 740 282
781 740 843
104 740 372
137 765 518
665 765 195
150 765 210
538 765 626
787 765 825
189 765 469
425 765 528
781 765 621
104 765 936
137 803 335
665 803 524
538 803 575
787 803 268
189 803 233
425 803 434
781 803 472
104 803 355
137 818 335
150 818 230
538 818 208
787 818 208
425 818 153
781 818 814
104 818 745
137 819 141
665 819 193
150 819 148
538 819 573
787 819 148
425 819 434
781 819 814
104 819 343
137 855 520
665 855 524
150 855 520
538 855 575
787 855 132
189 855 469
425 855 434
781 855 814
104 855 570
137 858 141
665 858 524
150 858 132
538 858 343
787 858 268
189 858 445
781 858 584
104 858 745
137 887 161
665 887 170
150 887 596
538 887 384
787 887 332
189 887 270
425 887 247
781 887 136
104 887 468
665 815 180
150 815 228
538 815 343
787 815 449
189 815 676
425 815 153
781 815 558
104 815 282
665 878 309
150 878 264
538 878 144
787 878 213
189 878 132
425 878 247
781 878 584
104 878 539
665 879 209
150 879 596
538 879 575
787 879 132
189 879 170
425 879 434
781 879 412
104 879 527
686 137 888
805 137 965
769 137 889
827 665 595
686 665 595
764 665 523
682 665 514
668 665 380
611 665 307
769 665 128
719 665 126
611 150 225
769 150 126
668 150 38
719 538 961
805 538 814
769 538 646
686 538 538
827 538 391
668 538 239
764 538 179
805 787 647
827 787 315
682 787 68
764 189 892
805 189 1076
769 189 64
769 425 646
764 425 390
668 425 374
827 425 374
805 425 367
686 425 318
682 425 318
611 425 297
719 425 285
827 781 230
686 781 148
686 104 653
719 104 482
769 104 305
668 104 9
1 719 1084
41 668 1137
414 668 913
402 668 798
35 668 467
483 668 316
469 668 228
463 764 107
402 764 5
35 764 4
402 769 795
35 769 88
469 769 19
1 769 2
463 682 1241
41 682 845
469 682 574
402 682 561
483 682 316
414 682 197
35 682 185
41 805 152
35 805 56
414 805 99
469 805 2
402 827 360
469 827 4
463 686 1295
414 686 805
469 686 642
402 686 581
35 686 185
483 686 147
463 611 1184
483 611 710
41 611 693
469 611 642
414 611 387
35 611 185
402 611 155
57 1 1009
413 1 15
129 1 476
412 483 507
413 483 152
313 469 1199
412 469 696
413 469 68
57 469 105
413 402 941
375 402 621
129 402 593
39 402 535
412 402 228
375 41 65
412 41 332
415 41 16
129 35 288
313 35 78
57 35 1
375 414 1093
415 414 998
313 414 816
412 414 724
39 414 535
413 414 339
375 463 1297
313 463 816
415 463 576
412 463 504
57 463 459
413 463 339
39 463 137
17 57 167
408 413 1199
436 413 1156
398 413 1127
385 413 248
175 413 179
193 413 142
17 129 654
100 129 550
175 129 525
408 129 495
193 129 453
436 375 601
17 375 475
398 375 442
385 375 373
17 39 1300
175 39 425
385 39 52
100 39 32
17 313 894
398 313 697
436 313 630
193 313 511
408 313 333
175 313 260
385 412 1060
408 412 889
436 412 880
398 412 880
17 412 224
408 415 1065
385 415 840
436 415 553
398 415 553
168 100 210
233 175 1089
264 175 995
298 175 773
267 175 446
208 175 437
168 175 341
208 408 984
298 408 894
267 408 300
233 408 226
208 385 1256
233 385 786
298 385 336
168 17 1296
267 17 37
298 17 6
168 193 1060
233 193 1038
264 193 637
267 193 561
208 193 313
298 193 200
208 398 579
233 398 558
233 436 1059
298 436 1028
208 436 586
267 436 300
214 208 1181
340 208 435
340 233 797
379 233 590
343 233 386
349 233 386
389 264 1201
348 264 1096
379 264 402
389 298 624
379 298 590
343 298 316
340 298 215
348 267 972
389 267 972
379 267 402
340 168 1116
101 343 1025
133 389 848
101 349 1293
133 349 1190
101 214 534
133 340 1299
101 348 1224
133 348 991
96 348 897
133 379 848
101 379 666
