269
601 187 381
182 187 775
783 187 178
701 187 661
2 187 5
601 392 283
182 392 896
783 392 968
701 392 391
4 392 680
2 392 654
104 392 736
601 471 270
182 471 246
783 471 822
701 471 391
4 471 503
2 471 654
104 471 673
601 532 299
182 532 436
783 532 532
701 532 393
4 532 680
2 532 654
104 532 681
601 630 265
182 630 204
783 630 281
701 630 233
4 630 679
2 630 265
104 630 281
601 777 512
182 777 346
783 777 500
701 777 512
4 777 188
2 777 690
104 777 1017
601 790 317
182 790 494
783 790 194
701 790 947
4 790 234
2 790 690
104 790 192
601 818 504
182 818 399
783 818 151
701 818 1066
4 818 796
2 818 589
104 818 1017
601 830 140
182 830 284
783 830 500
701 830 595
4 830 234
2 830 929
104 830 150
601 838 296
182 838 494
783 838 215
701 838 1066
4 838 296
2 838 690
104 838 174
601 850 475
182 850 399
783 850 500
701 850 1066
4 850 713
2 850 589
104 850 405
601 872 115
182 872 147
783 872 151
701 872 1066
4 872 607
2 872 961
104 872 114
601 884 504
182 884 399
783 884 215
701 884 723
4 884 1004
2 884 690
104 884 174
601 887 160
182 887 346
783 887 194
701 887 1066
4 887 476
2 887 690
104 887 506
182 65 752
701 65 35
4 65 192
2 65 755
182 177 468
783 177 86
182 802 494
783 802 500
701 802 290
4 802 642
2 802 690
104 802 495
738 601 1046
626 601 1016
611 601 782
769 601 547
781 601 406
769 182 1249
611 182 52
626 182 15
769 783 1255
738 701 871
611 701 782
626 701 746
769 701 547
781 701 199
769 4 1236
626 4 558
781 4 40
738 4 91
769 2 1291
738 2 97
769 104 832
781 104 126
155 769 1084
66 769 1283
402 769 1063
458 769 5
155 738 341
463 626 1184
483 626 1099
402 626 972
134 626 804
458 626 766
66 626 569
155 626 352
402 781 371
483 781 80
134 781 124
463 611 1184
483 611 1099
134 611 809
458 611 766
402 611 178
66 611 178
155 611 162
55 66 1249
50 66 1285
333 458 1137
55 458 786
375 458 691
139 458 621
50 458 565
300 458 420
412 458 417
412 483 212
333 483 1037
139 483 806
300 483 304
55 402 1250
50 402 788
300 402 777
375 402 691
412 402 246
333 134 1001
139 134 783
55 134 746
300 134 426
50 134 400
412 134 353
55 155 1187
50 155 1039
300 155 363
333 155 342
139 155 338
375 155 187
375 463 1299
333 463 897
139 463 512
300 463 420
50 463 392
412 463 383
55 463 181
408 333 986
439 333 910
355 333 681
307 333 398
364 333 357
411 333 304
408 300 1234
439 300 780
307 300 693
364 300 638
355 300 558
441 300 401
411 300 314
411 50 243
364 50 15
408 50 48
441 50 1
441 139 835
408 139 800
364 139 797
411 139 566
355 139 558
307 139 449
439 375 698
441 375 657
355 375 595
364 375 412
307 375 243
411 55 40
364 55 258
408 55 26
307 55 3
355 412 912
408 412 773
411 412 652
307 412 338
441 412 317
439 412 195
208 411 626
391 411 625
267 411 258
391 364 639
267 364 273
208 364 233
360 364 204
208 441 626
391 441 625
360 441 502
360 307 636
391 307 636
267 307 342
208 307 330
208 408 1086
391 408 367
267 408 258
360 408 242
208 439 451
360 439 354
267 439 258
208 355 695
391 355 605
267 355 342
360 355 204
214 208 1151
326 208 388
374 208 355
326 360 879
152 360 502
214 360 303
152 391 600
326 267 475
69 355 1296
101 355 1144
101 336 1294
69 336 1260
101 374 1045
69 374 774
101 214 714
101 326 1299
76 152 1264
