136
774 17 1148
804 17 690
795 17 951
774 400 987
804 400 1192
795 400 756
774 407 978
804 407 1177
795 407 756
306 407 236
774 473 945
804 473 945
795 473 976
306 473 540
774 480 801
804 480 1163
795 480 976
306 480 540
774 484 932
804 484 1192
795 484 756
306 484 313
774 610 1075
804 610 544
795 610 976
306 610 540
774 675 959
804 675 1177
795 675 756
774 784 880
804 784 179
795 784 989
306 784 775
774 786 1118
804 786 665
795 786 616
306 786 380
774 843 1118
804 843 605
795 843 128
774 851 696
804 851 1048
795 851 253
306 851 542
779 774 1271
797 774 480
797 804 1174
779 804 1106
766 804 579
779 795 454
797 795 929
761 795 1037
761 306 1066
797 306 934
779 306 801
698 306 649
766 306 579
431 698 1167
405 698 1163
69 797 1099
499 797 190
431 797 325
405 797 1
69 761 835
405 766 560
499 766 941
82 766 1100
499 779 1068
405 779 14
82 779 17
415 405 1018
409 405 914
414 405 248
409 499 790
121 499 45
409 69 115
121 69 991
415 431 1018
409 431 914
414 431 197
121 82 1232
439 409 1255
408 409 1168
416 409 1055
436 409 435
398 409 252
408 121 1
408 415 1053
398 415 905
436 415 905
416 415 756
439 415 211
398 414 1172
436 414 1155
416 414 985
439 414 889
408 414 418
140 408 1099
208 408 928
310 408 431
381 408 428
267 408 362
208 436 533
140 436 533
267 436 362
381 436 211
310 436 195
140 398 652
208 398 280
310 398 280
381 398 280
140 416 652
208 416 283
310 416 270
381 416 270
140 439 1010
208 439 473
267 439 362
381 439 211
310 439 195
238 140 1163
214 208 1009
342 208 892
214 310 618
368 310 432
368 267 674
214 381 670
368 381 324
152 342 1165
76 152 1261
152 368 872
152 214 1300
200 214 1149
76 214 626
152 238 1300
200 238 1149
