143
751 116 4
795 116 1069
223 116 592
751 422 1201
774 422 619
795 422 1164
223 422 129
751 475 1241
774 475 1053
795 475 799
223 475 164
751 562 751
774 562 619
795 562 905
223 562 515
751 610 1241
774 610 718
795 610 923
223 610 718
751 667 1208
774 667 421
795 667 1199
223 667 663
751 867 303
774 867 194
795 867 725
223 867 510
774 105 925
516 751 637
193 751 466
809 751 12
767 774 135
202 774 176
763 774 15
193 795 987
767 795 34
516 795 251
809 795 1030
516 223 1033
809 223 594
193 223 5
486 809 1044
499 809 340
162 809 501
499 193 1211
486 193 1240
486 202 1260
496 767 982
496 763 9
32 763 14
162 763 9
486 763 3
32 516 1220
496 516 1041
162 516 595
486 516 385
499 516 319
105 32 995
246 32 419
18 32 3
105 496 1219
37 496 205
37 486 1281
246 486 346
18 486 613
37 499 658
105 162 953
246 162 695
37 162 616
228 246 868
135 37 1259
408 37 9
228 18 73
135 18 68
135 105 260
398 415 866
436 415 866
408 415 849
416 415 476
436 414 1171
398 414 1132
416 414 669
408 414 435
265 408 1009
208 408 893
324 408 608
199 408 542
267 408 496
424 408 402
199 135 2
265 228 950
267 228 918
324 228 594
208 228 430
199 228 376
424 228 271
265 416 1009
324 416 596
424 416 519
267 416 288
208 416 234
324 436 596
208 436 518
424 436 505
267 436 496
199 436 318
265 398 1009
324 398 596
424 398 519
208 398 285
199 398 285
267 398 266
355 199 516
214 199 444
349 199 378
385 199 371
214 208 1229
368 267 617
379 267 429
352 267 359
368 265 1265
379 265 665
355 265 440
385 265 371
379 424 981
385 424 926
355 424 729
368 424 409
355 324 1010
214 324 444
379 324 429
349 324 378
385 324 371
134 368 1298
152 368 789
69 355 1294
152 214 1300
134 214 1225
69 352 740
69 349 962
134 349 867
134 379 1216
69 385 1058
