255
601 116 616
716 116 38
85 116 747
9 116 787
601 148 509
363 148 401
9 148 759
601 264 103
351 264 70
716 264 109
9 264 785
601 279 46
363 279 223
716 279 360
85 279 764
9 279 585
601 301 68
351 301 136
363 301 29
85 301 243
9 301 1154
601 465 409
351 465 292
363 465 325
716 465 902
85 465 409
9 465 1062
601 478 576
363 478 372
716 478 779
85 478 606
9 478 1107
601 524 549
351 524 273
363 524 306
716 524 575
85 524 240
9 524 1056
601 541 576
351 541 313
363 541 372
716 541 1020
85 541 640
9 541 779
601 585 412
351 585 376
363 585 372
716 585 907
85 585 463
9 585 1075
601 645 412
351 645 246
363 645 372
716 645 854
85 645 444
9 645 897
601 806 230
351 806 461
363 806 395
716 806 432
85 806 326
9 806 906
351 250 355
363 250 158
716 250 228
85 250 240
9 250 968
738 601 883
626 601 659
691 601 655
611 601 609
646 601 401
753 601 365
691 351 555
738 351 337
753 351 324
611 351 243
646 351 225
626 351 188
738 363 690
753 363 526
611 363 415
691 363 375
626 363 178
646 363 158
611 716 527
738 716 715
753 716 550
753 85 713
691 85 49
738 85 250
626 85 5
753 9 961
691 9 194
738 9 14
611 9 6
52 753 720
185 753 685
220 753 922
268 753 21
185 738 1
186 691 778
483 691 604
463 691 490
458 691 490
268 691 309
463 646 1092
483 646 797
186 646 778
458 646 642
268 646 320
463 626 1092
483 626 797
458 626 642
268 626 309
186 626 275
463 611 1092
483 611 797
458 611 642
268 611 309
185 611 223
186 611 199
412 220 648
300 220 353
172 220 344
333 458 954
139 458 613
412 458 543
172 458 408
300 458 387
139 483 865
333 483 840
172 483 330
300 483 279
412 483 404
412 268 775
333 268 613
139 268 613
300 268 353
172 268 336
300 185 777
412 185 479
139 185 372
333 185 269
333 186 908
139 186 833
412 186 440
415 186 354
172 186 285
300 52 2
333 463 713
139 463 586
412 463 532
415 463 428
300 463 387
408 333 979
439 333 631
398 333 409
416 333 409
436 333 409
307 333 319
411 333 273
408 300 1231
439 300 501
307 300 471
416 300 427
411 300 273
398 412 1033
436 412 1033
408 412 1014
411 412 550
439 412 288
416 412 288
307 412 284
408 139 639
411 139 621
307 139 278
416 172 518
307 172 471
439 172 469
408 415 975
436 415 797
398 415 797
416 415 716
307 415 284
439 415 265
411 415 185
374 411 919
391 411 569
324 411 530
267 411 467
208 411 430
264 307 799
391 307 590
267 307 533
324 307 456
208 307 321
374 408 1021
208 408 701
324 408 514
267 408 467
391 408 172
374 398 1229
324 398 530
208 398 511
391 398 357
267 398 227
374 436 1005
324 436 530
267 436 467
208 436 454
391 436 219
374 416 1172
324 416 530
208 416 443
391 416 357
267 416 227
374 439 1205
324 439 530
267 439 467
208 439 393
264 439 157
342 208 812
330 208 329
346 374 346
389 391 929
346 391 454
389 267 1023
346 267 1023
379 267 347
389 264 1164
346 264 1127
379 264 347
349 264 304
346 324 742
389 324 742
342 324 621
349 324 358
343 324 352
379 324 347
69 343 1047
101 343 1008
69 330 1077
101 330 952
134 330 793
101 349 1282
69 349 976
134 349 793
134 342 1299
69 342 892
101 342 449
69 389 1047
101 346 1282
134 346 1002
134 379 1210
