342
734 407 375
373 407 240
80 407 329
398 407 372
289 407 938
60 407 361
658 407 817
211 407 580
734 441 199
373 441 240
80 441 428
398 441 372
289 441 938
60 441 219
658 441 517
211 441 580
734 476 199
373 476 240
80 476 581
395 476 465
398 476 372
289 476 548
60 476 465
658 476 517
211 476 580
734 483 369
373 483 240
395 483 151
398 483 372
289 483 938
60 483 361
658 483 315
211 483 505
734 616 574
373 616 615
80 616 425
398 616 684
289 616 938
60 616 219
658 616 427
211 616 505
734 705 574
373 705 615
80 705 731
395 705 589
398 705 677
289 705 938
60 705 664
658 705 280
211 705 505
734 719 574
373 719 615
80 719 438
395 719 589
398 719 647
289 719 938
60 719 664
658 719 187
211 719 580
734 720 321
373 720 321
80 720 438
395 720 589
398 720 550
289 720 379
60 720 624
658 720 315
211 720 379
734 730 574
373 730 709
80 730 438
395 730 541
398 730 696
289 730 159
60 730 541
658 730 517
211 730 363
734 795 353
373 795 246
80 795 405
395 795 396
398 795 584
60 795 545
658 795 139
211 795 637
734 797 353
373 797 246
80 797 386
395 797 386
398 797 477
60 797 539
658 797 390
211 797 637
734 816 353
373 816 246
80 816 164
395 816 299
398 816 477
289 816 242
60 816 539
658 816 500
211 816 322
734 818 447
80 818 243
395 818 380
398 818 380
289 818 309
60 818 233
211 818 436
734 824 295
373 824 194
80 824 530
395 824 530
398 824 590
60 824 233
211 824 522
734 884 295
373 884 131
80 884 405
395 884 131
398 884 236
289 884 315
60 884 439
211 884 436
373 854 605
80 854 487
395 854 249
398 854 248
289 854 131
60 854 392
658 854 313
211 854 487
815 734 182
789 734 67
789 373 787
677 373 727
815 373 552
607 373 552
801 373 519
742 373 467
600 373 401
789 80 719
607 80 244
789 395 756
801 395 752
600 395 431
742 395 295
815 395 254
677 395 254
789 398 1149
815 398 826
801 398 802
742 398 510
600 398 389
607 398 345
789 289 1149
801 289 636
742 289 406
607 289 391
677 289 380
815 289 275
600 60 240
801 60 656
789 60 1155
607 60 313
677 60 203
815 658 1146
801 658 1123
742 658 1114
789 658 513
801 211 800
607 211 728
789 211 767
677 211 1
244 600 990
319 600 894
322 600 720
363 600 531
364 600 320
91 600 308
35 600 175
364 742 688
322 742 925
91 815 524
364 815 307
35 815 592
322 815 93
244 815 28
319 815 18
244 801 898
363 801 147
363 789 1076
319 789 848
91 789 67
244 607 990
319 607 817
322 607 701
91 607 692
364 607 639
363 607 339
41 677 1036
319 677 817
322 677 720
35 677 572
364 677 302
130 322 1194
77 322 1042
39 322 1042
412 322 775
78 322 368
37 322 305
375 322 305
37 91 219
77 91 3
77 319 1138
412 319 376
130 319 329
39 319 329
78 319 280
375 319 273
415 319 273
37 319 236
39 363 722
130 363 722
375 363 435
37 363 318
78 363 236
77 244 824
412 244 616
130 244 614
375 244 477
78 244 411
37 244 363
412 41 198
78 41 10
375 41 70
415 41 7
130 364 1194
39 364 1034
412 364 947
78 364 280
77 364 221
77 35 1
100 78 667
320 37 34
17 37 1
193 37 8
100 77 12
17 375 571
320 375 207
175 39 422
17 39 1299
100 39 35
320 130 1142
175 130 682
100 130 405
17 130 380
365 130 328
170 130 228
320 412 407
17 412 340
365 412 295
250 412 259
365 415 495
168 100 283
424 100 13
298 100 1
298 175 805
208 175 409
168 175 270
298 365 686
437 365 535
415 365 535
168 365 535
208 365 529
298 170 1265
168 170 960
424 170 570
208 170 517
437 170 232
415 170 232
168 250 976
437 250 594
415 250 594
208 250 257
298 250 222
168 17 1294
437 17 181
415 17 651
298 17 11
168 193 1053
437 193 1006
415 193 724
424 193 377
208 193 345
298 193 247
437 320 699
168 320 699
415 320 653
298 320 619
208 320 561
214 208 1188
388 208 896
340 208 485
330 208 485
324 208 448
385 424 986
379 424 961
388 424 494
330 424 273
340 424 273
324 424 273
388 437 1144
324 437 1084
340 437 1084
385 437 1071
214 437 879
330 437 852
340 415 1241
388 415 1224
324 415 1164
330 415 852
214 415 376
385 415 238
379 298 698
385 298 586
340 298 256
388 298 256
324 168 1041
340 168 1208
388 168 1193
330 168 416
101 330 959
133 324 965
96 324 733
101 214 565
101 388 795
96 388 733
133 340 1300
101 385 871
133 379 863
101 379 689
