137
336 452 134
526 452 406
581 452 864
391 452 495
336 458 760
526 458 474
581 458 474
391 458 172
336 477 649
526 477 990
581 477 473
391 477 332
336 488 580
526 488 884
581 488 1143
391 488 818
336 513 580
526 513 957
581 513 1090
391 513 818
336 717 588
526 717 728
581 717 789
391 717 546
336 922 92
526 922 1193
391 922 41
526 37 946
391 37 659
526 915 1034
792 336 1279
756 336 1234
627 336 1228
792 526 1272
756 526 1234
627 526 1228
627 581 1104
792 581 671
756 581 647
792 391 1131
756 391 1131
627 391 1131
419 792 1043
183 792 857
456 792 334
269 792 2
183 756 1127
419 756 1153
456 756 48
284 627 1171
419 627 972
456 627 192
269 627 164
183 627 137
143 456 1230
447 456 896
296 456 526
129 456 475
143 419 1108
129 419 730
447 419 693
226 419 677
296 419 526
143 183 998
447 183 998
129 183 629
296 183 469
129 284 1197
296 284 1018
226 284 928
447 284 671
143 284 433
447 269 1196
143 269 998
129 269 730
296 269 469
226 269 365
237 447 1227
171 447 891
430 447 315
307 447 252
430 226 833
255 226 469
171 226 469
263 226 469
263 129 1141
430 129 1061
307 129 889
237 296 880
307 296 880
255 296 666
171 296 666
263 296 311
307 143 969
237 143 918
255 143 733
430 143 733
263 143 498
331 430 1036
208 430 528
289 430 297
331 307 1250
208 307 860
276 307 615
289 307 497
289 255 1198
208 255 833
331 255 833
276 255 615
331 171 1255
289 171 1167
208 171 860
276 171 615
289 263 1030
208 263 465
331 263 465
276 263 465
331 237 1255
208 237 860
276 237 615
326 331 713
408 331 400
408 208 1242
326 208 460
408 276 1188
382 276 886
341 276 398
408 289 1267
326 289 806
341 289 406
382 289 406
101 382 1065
96 382 827
101 326 1299
101 408 1299
96 408 827
96 341 1200
