257
531 459 278
317 459 546
42 459 652
2 459 687
701 459 373
104 459 924
531 530 294
317 530 551
42 530 126
2 530 687
701 530 159
656 530 220
104 530 885
531 804 307
317 804 826
42 804 115
2 804 256
701 804 354
656 804 239
104 804 904
531 818 99
317 818 241
42 818 865
2 818 707
701 818 728
656 818 367
104 818 1042
531 866 236
317 866 148
42 866 492
2 866 384
701 866 492
656 866 387
104 866 991
531 880 246
317 880 249
42 880 532
2 880 384
701 880 552
656 880 544
104 880 833
531 890 310
317 890 714
42 890 469
2 890 137
701 890 469
656 890 469
104 890 532
531 951 358
317 951 660
42 951 27
2 951 27
104 951 928
531 990 60
104 990 530
317 230 7
42 230 72
701 230 571
104 230 450
317 778 386
42 778 289
2 778 462
701 778 114
656 778 367
104 778 462
317 779 365
42 779 485
2 779 528
701 779 485
656 779 299
104 779 810
317 829 714
42 829 289
2 829 622
701 829 282
656 829 178
104 829 392
317 854 826
42 854 289
701 854 282
656 854 101
104 854 793
769 531 921
63 531 885
827 531 844
686 531 685
588 531 577
769 317 853
63 317 699
686 317 685
588 317 652
827 317 428
827 42 1055
588 42 461
63 2 764
769 2 1068
686 701 1003
827 701 870
588 701 797
63 701 384
769 701 307
827 656 870
686 656 858
769 656 611
63 656 490
588 656 462
63 104 695
686 104 876
769 104 271
94 63 314
497 63 1107
402 769 826
293 769 1072
469 769 35
1 769 1
402 827 331
94 827 1011
330 827 87
463 686 1127
94 686 1047
402 686 860
469 686 710
497 686 710
293 686 515
330 686 356
469 588 641
330 588 558
402 588 489
497 588 377
293 588 356
463 588 226
94 588 156
254 94 979
54 94 323
413 1 47
54 1 22
54 497 1026
412 497 1
412 469 443
413 469 133
300 469 22
254 469 2
413 330 612
300 330 424
412 330 361
54 330 302
254 330 288
413 402 891
300 402 828
54 402 742
254 402 740
412 402 116
54 293 627
412 293 589
413 293 532
254 293 354
54 463 576
300 463 559
412 463 484
413 463 476
415 463 377
254 463 266
408 300 1103
433 300 738
180 300 689
311 300 462
208 300 387
208 254 934
311 254 701
337 254 677
180 254 623
408 254 547
436 254 341
433 254 283
180 54 1055
408 413 1058
436 413 1053
208 413 514
433 413 368
180 413 356
408 412 810
180 412 625
436 412 588
433 412 464
208 412 382
337 412 242
408 415 919
180 415 625
436 415 546
208 415 514
433 415 368
337 415 242
233 208 808
401 208 795
360 208 539
208 208 289
430 208 273
208 408 735
430 408 461
233 408 246
360 408 225
401 408 189
208 311 975
430 311 754
401 311 582
360 311 539
208 433 1160
233 433 870
430 433 461
360 433 225
430 337 1141
208 337 777
360 337 673
401 337 349
233 436 946
208 436 646
430 436 387
360 436 225
360 180 676
430 180 562
208 180 513
401 180 425
233 180 277
355 430 1074
214 430 959
368 430 946
336 430 888
374 430 812
326 430 327
366 430 246
214 208 967
374 208 330
326 208 292
326 360 760
366 360 377
368 233 837
366 233 579
214 401 959
368 401 946
355 401 940
336 401 888
374 401 812
366 401 700
326 401 327
69 355 1154
101 355 978
101 336 1141
69 336 1108
123 336 661
69 366 1052
101 366 924
101 368 903
123 368 661
101 374 784
69 374 721
123 214 511
101 326 1156
