240
679 11 1062
18 11 5
448 11 507
93 11 46
679 415 447
559 415 582
18 415 1064
448 415 496
93 415 739
235 415 181
264 415 447
211 415 367
679 604 298
559 604 298
18 604 806
448 604 360
93 604 693
235 604 150
264 604 298
211 604 360
679 630 577
559 630 362
18 630 341
448 630 265
93 630 448
235 630 294
264 630 441
211 630 684
679 664 414
559 664 582
18 664 677
448 664 496
93 664 1005
235 664 153
264 664 220
679 695 365
559 695 365
18 695 1000
448 695 365
93 695 448
264 695 176
211 695 383
679 780 755
559 780 573
18 780 736
448 780 331
93 780 478
235 780 430
264 780 821
211 780 184
679 825 394
559 825 763
18 825 488
93 825 1043
235 825 408
264 825 342
211 825 516
679 839 755
559 839 167
18 839 488
93 839 943
235 839 260
264 839 127
211 839 943
679 843 327
559 843 318
18 843 577
448 843 331
93 843 1043
235 843 430
264 843 491
211 843 214
679 883 623
559 883 678
18 883 175
448 883 331
93 883 478
235 883 343
264 883 342
211 883 598
679 890 376
18 890 220
93 890 656
235 890 317
264 890 742
211 890 240
18 1013 176
235 1013 616
801 679 1087
640 679 950
747 679 875
785 679 748
56 679 441
743 679 182
743 559 710
785 559 638
56 559 597
801 559 338
747 559 197
640 559 154
785 18 834
747 18 579
743 18 108
785 448 644
747 448 640
743 448 451
801 448 441
56 448 320
640 448 315
743 93 1158
747 93 276
785 93 165
801 93 2
640 235 225
785 235 1194
747 235 97
56 235 290
801 264 823
640 264 686
747 264 626
785 264 505
743 264 497
56 264 477
743 211 664
801 211 856
56 211 265
640 211 39
747 211 1
785 211 2
35 747 1289
352 747 130
461 747 761
244 640 1162
93 640 931
514 640 276
35 743 130
244 801 1097
93 801 319
352 801 145
93 56 1248
514 56 77
93 785 1222
352 785 129
461 785 208
412 244 666
87 244 659
78 244 508
329 244 385
181 514 112
39 514 1
39 352 799
329 352 692
412 352 666
181 352 503
87 352 298
78 352 297
39 364 1056
412 364 925
87 364 659
329 364 337
78 364 325
329 35 910
87 35 3
181 93 607
329 93 267
39 461 910
78 461 862
329 461 577
412 461 437
100 181 850
217 181 724
193 181 544
100 78 890
438 78 128
217 78 234
438 87 532
241 87 184
407 87 37
17 39 1298
100 39 55
100 329 964
17 329 641
193 329 554
217 329 409
241 329 390
241 412 650
407 412 523
17 412 481
217 412 245
208 438 718
298 438 371
437 438 364
168 438 328
402 438 257
50 100 834
168 100 326
208 407 1289
298 407 703
437 407 339
208 217 1018
50 217 977
298 217 612
168 217 349
168 17 1295
437 17 243
298 17 2
168 193 1062
437 193 1049
50 193 1024
208 193 277
298 193 190
168 241 1063
437 241 1049
50 241 851
298 241 545
379 402 613
340 402 564
343 402 564
349 402 506
367 208 677
340 208 472
379 50 1260
349 50 16
340 437 1085
349 437 719
343 437 713
367 437 358
340 168 1183
367 168 876
379 298 848
343 298 532
340 298 358
95 343 830
133 349 1207
95 349 868
133 379 794
133 340 1298
133 367 1298
95 367 1266
96 367 685
