322
257 235 217
143 235 13
128 235 712
149 235 565
151 235 176
257 483 298
143 483 322
128 483 429
777 483 324
149 483 380
223 483 539
613 483 158
151 483 448
257 568 167
143 568 555
128 568 215
777 568 592
149 568 228
223 568 158
613 568 239
151 568 246
257 587 190
143 587 397
128 587 397
777 587 186
149 587 454
223 587 421
613 587 430
151 587 454
257 616 190
143 616 160
128 616 371
777 616 450
149 616 491
223 616 212
613 616 541
151 616 491
257 659 477
143 659 386
128 659 762
777 659 292
149 659 513
223 659 325
613 659 456
151 659 621
257 789 142
143 789 341
128 789 482
777 789 497
149 789 553
223 789 547
613 789 480
151 789 167
257 799 404
143 799 755
128 799 213
777 799 293
149 799 623
223 799 271
151 799 574
257 821 229
143 821 676
128 821 213
777 821 254
149 821 623
223 821 696
151 821 167
257 826 260
143 826 755
128 826 501
777 826 579
149 826 623
223 826 634
613 826 480
151 826 622
257 832 142
143 832 755
128 832 418
777 832 497
149 832 434
223 832 696
613 832 201
151 832 167
257 846 474
143 846 755
128 846 309
777 846 497
149 846 722
223 846 696
613 846 565
151 846 217
257 848 260
143 848 556
128 848 456
149 848 250
223 848 586
613 848 90
151 848 798
257 870 474
143 870 267
128 870 171
777 870 251
149 870 556
223 870 831
613 870 480
151 870 217
257 878 193
143 878 556
128 878 348
777 878 497
149 878 553
223 878 682
613 878 578
151 878 167
257 887 260
143 887 515
128 887 364
777 887 113
149 887 553
223 887 515
613 887 578
151 887 111
257 889 229
143 889 747
128 889 456
777 889 177
149 889 527
223 889 696
613 889 218
151 889 798
257 973 9
143 973 53
128 973 118
223 973 420
151 973 428
143 777 662
128 777 555
777 777 254
149 777 721
223 777 496
613 777 175
151 777 798
777 300 153
149 300 287
613 300 269
742 257 1058
516 257 760
736 257 715
739 257 704
605 257 480
712 257 452
805 257 261
516 143 706
712 143 429
805 143 240
736 143 25
742 128 10
516 777 1015
712 777 188
605 777 17
742 149 1146
712 149 625
805 149 42
516 223 1055
712 223 689
736 223 70
605 223 42
739 613 1139
742 613 1129
736 613 872
805 613 449
605 613 256
516 613 136
712 613 136
739 151 655
742 151 422
736 151 1127
605 151 438
805 151 171
516 151 60
322 712 208
508 712 37
364 742 374
322 742 746
371 742 14
32 742 5
32 516 1157
491 516 1032
371 516 696
508 516 353
322 516 313
4 516 292
364 516 189
364 805 43
32 805 3
371 739 1
508 736 675
4 736 1271
491 736 1152
371 736 382
322 605 255
32 605 252
491 605 248
463 605 235
4 605 178
364 605 171
371 605 169
412 508 206
29 508 15
241 32 730
329 32 23
39 4 1120
29 4 5
329 371 890
29 371 804
39 371 628
375 371 440
241 371 435
412 371 402
39 364 1137
412 364 743
241 364 582
29 364 285
375 364 232
39 322 1218
412 322 743
29 322 270
329 322 213
241 491 963
329 491 232
412 491 169
375 463 1294
329 463 414
29 463 396
415 463 318
412 463 266
39 463 266
17 375 726
416 375 603
241 375 485
226 375 198
408 375 197
100 241 844
193 241 817
226 241 635
17 241 459
438 241 170
241 241 170
17 39 1274
226 39 464
100 39 19
226 29 832
226 329 934
100 329 844
193 329 817
17 329 516
241 329 485
408 412 824
241 412 824
17 412 507
416 412 351
226 412 287
193 412 230
416 415 681
408 415 654
226 415 355
241 415 236
436 438 784
437 438 600
208 438 573
402 438 267
168 438 248
402 226 398
208 226 284
437 226 220
168 100 347
402 408 850
208 408 834
437 17 453
436 17 720
168 17 1285
436 193 1192
437 193 1189
168 193 1160
208 193 210
436 241 1192
437 241 1189
168 241 1160
402 241 197
208 241 149
437 416 411
402 416 398
208 416 398
168 416 248
379 402 662
343 402 619
340 402 619
349 402 500
388 402 500
388 208 1105
340 208 409
388 436 1169
379 436 1045
349 436 731
340 436 723
343 436 453
388 437 1138
340 437 1087
349 437 731
343 437 727
340 168 1184
388 168 1187
69 343 997
95 343 756
69 349 888
95 349 829
134 349 697
134 379 1154
134 340 1022
95 388 1196
134 388 1154
69 388 828
