216
353 219 30
53 219 972
326 219 9
353 432 429
53 432 1126
326 432 826
308 432 861
595 432 954
353 476 675
53 476 1124
326 476 826
308 476 861
405 476 189
595 476 1122
353 629 342
53 629 451
326 629 676
308 629 1087
405 629 247
595 629 969
353 661 673
53 661 634
326 661 153
308 661 815
405 661 189
595 661 967
353 740 353
53 740 1126
326 740 826
308 740 885
405 740 612
595 740 1122
353 761 500
53 761 1126
326 761 826
308 761 861
405 761 492
595 761 1122
353 835 450
53 835 644
326 835 803
308 835 457
405 835 672
595 835 930
353 839 344
53 839 1047
326 839 1010
308 839 604
405 839 424
595 839 930
353 871 450
53 871 644
326 871 1010
308 871 224
405 871 486
595 871 930
53 365 583
326 365 360
308 365 779
405 365 2
595 365 3
53 765 1126
326 765 826
308 765 861
405 765 281
595 765 771
278 353 1288
321 353 1167
632 353 665
738 353 538
627 353 538
665 353 538
438 353 242
438 53 1288
738 53 740
278 53 43
321 326 1211
278 326 941
627 326 809
438 326 748
738 326 742
632 326 665
321 308 1066
627 308 994
438 308 748
632 308 665
738 308 635
278 308 198
278 405 1219
627 405 994
438 405 748
321 405 605
665 405 362
738 405 182
632 405 126
278 595 819
321 595 775
438 595 707
738 595 615
627 595 517
632 595 236
359 321 1249
345 321 1130
453 321 515
318 321 427
401 321 411
359 438 1249
345 438 1130
122 438 921
453 438 515
318 438 427
169 438 144
122 738 1176
169 738 102
122 627 984
345 627 615
141 627 479
401 627 458
169 627 156
122 278 489
318 278 415
453 278 354
359 278 170
169 632 752
453 632 735
345 632 615
401 632 525
141 632 479
122 632 192
401 665 965
169 665 752
453 665 735
122 665 192
141 665 190
2 453 1181
447 453 1067
390 453 384
78 453 287
174 453 225
390 122 942
447 122 582
415 122 525
226 122 440
447 345 926
226 345 773
2 345 546
2 401 1153
415 401 992
390 401 695
226 401 523
78 401 479
174 401 266
447 401 242
78 169 564
174 169 552
2 169 388
2 318 1178
174 318 1066
447 318 629
2 359 1288
226 359 773
447 359 362
78 359 251
174 359 251
174 141 1035
226 141 934
2 141 912
390 141 779
78 141 564
373 447 1233
355 447 340
408 78 28
297 226 1268
175 226 446
373 226 397
408 2 515
297 174 969
175 174 807
408 174 579
373 174 397
355 174 254
355 390 1085
297 390 899
408 390 583
373 390 549
355 415 1085
408 415 1057
373 415 1021
297 415 899
310 175 959
303 175 673
202 175 492
374 175 435
208 175 231
374 408 1005
208 408 875
310 408 494
303 373 1195
374 373 461
303 297 553
202 297 253
208 297 231
374 355 1143
208 355 869
202 355 569
303 355 553
310 355 450
389 202 793
152 202 271
152 303 507
389 303 384
152 374 466
389 310 319
133 389 956
162 152 985
133 403 956
