342
181 116 129
149 116 546
270 116 32
812 116 326
186 116 1
181 406 352
273 406 284
149 406 1025
376 406 378
270 406 266
812 406 630
186 406 470
181 466 579
273 466 566
149 466 377
270 466 302
812 466 690
186 466 327
181 502 694
273 502 494
149 502 377
376 502 469
270 502 487
812 502 530
186 502 551
181 574 267
273 574 366
149 574 482
376 574 166
270 574 290
812 574 619
186 574 916
181 649 352
273 649 326
149 649 557
376 649 421
270 649 421
812 649 586
186 649 567
181 677 418
273 677 326
149 677 1025
376 677 211
270 677 290
812 677 628
186 677 570
181 753 694
273 753 295
149 753 460
376 753 362
270 753 290
812 753 344
186 753 916
181 776 257
273 776 545
149 776 581
376 776 569
270 776 504
812 776 311
186 776 135
181 788 141
273 788 600
149 788 325
376 788 183
270 788 608
812 788 140
186 788 258
181 806 729
149 806 815
376 806 552
270 806 672
812 806 509
186 806 149
181 842 549
149 842 684
376 842 153
270 842 608
812 842 632
186 842 444
181 846 269
273 846 490
149 846 708
376 846 569
270 846 608
812 846 269
186 846 780
181 854 476
149 854 581
376 854 569
270 854 408
812 854 509
273 772 531
149 772 694
376 772 296
270 772 495
812 772 379
186 772 423
273 866 397
149 866 642
376 866 279
270 866 608
186 866 397
273 878 686
149 878 758
376 878 395
270 878 438
186 878 728
273 928 55
149 928 45
149 205 3
376 205 272
812 205 54
186 205 669
149 903 505
270 903 640
796 181 443
605 181 89
605 273 673
719 273 556
651 273 550
636 273 462
796 273 450
158 273 450
677 273 194
158 149 712
677 149 331
636 149 181
796 149 3
719 149 4
605 376 704
158 376 506
796 376 387
651 376 372
677 376 336
636 376 242
719 376 168
605 270 791
158 270 733
719 270 569
796 270 387
677 270 336
651 270 268
636 270 222
636 812 90
796 812 466
719 186 738
651 186 15
1 719 1124
161 719 1
1 636 1031
463 636 858
469 636 730
413 636 726
455 636 350
142 636 137
161 636 112
92 636 109
142 796 829
1 796 340
92 796 69
413 796 96
455 796 1
1 651 982
413 651 882
469 651 644
455 651 362
142 651 278
92 651 265
161 651 225
463 651 127
469 677 629
142 677 278
92 677 265
1 677 234
413 677 190
463 677 140
455 677 140
1 605 936
469 605 891
413 605 882
142 605 466
161 605 365
455 605 362
463 605 241
469 158 1197
1 158 58
337 1 331
87 1 294
413 1 22
413 455 974
415 455 955
402 455 889
412 455 612
337 455 150
313 455 139
337 469 627
313 469 1156
412 469 376
413 469 55
402 469 2
413 413 974
402 413 889
412 413 612
87 413 490
87 92 434
402 92 25
412 161 731
337 161 697
402 161 416
313 161 287
87 161 223
402 142 1012
337 142 952
412 142 926
87 142 523
413 142 251
313 142 186
313 463 904
413 463 509
415 463 508
412 463 487
337 463 438
402 463 188
87 463 151
17 337 962
320 337 726
309 337 560
433 337 547
407 337 539
408 337 466
407 87 62
433 87 90
320 87 1
408 413 1146
398 413 1030
436 413 1030
309 413 395
433 413 326
320 413 314
407 413 278
433 402 1201
408 402 726
309 402 455
407 402 278
17 402 150
320 402 114
17 313 962
398 313 722
436 313 575
433 313 530
408 313 466
309 313 372
407 313 310
320 313 237
408 415 1141
407 415 809
436 415 409
398 415 409
309 415 395
433 415 254
320 415 178
408 412 776
398 412 681
436 412 681
407 412 450
433 412 406
320 412 395
17 412 383
309 412 230
208 407 1297
298 407 715
362 407 566
423 407 351
362 408 1017
208 408 914
298 408 835
423 408 359
208 433 1300
344 433 731
423 433 359
423 17 940
168 17 1273
298 17 1
362 309 953
423 309 587
344 309 574
298 309 375
168 309 241
423 320 615
168 320 615
208 320 564
298 320 509
362 320 424
344 320 221
362 398 1017
344 398 731
208 398 643
168 398 207
423 398 198
298 436 913
208 436 751
344 436 731
214 208 1114
388 208 873
367 208 722
324 208 442
340 208 357
374 208 357
374 298 1044
388 298 157
388 423 1181
340 423 1143
324 423 1087
349 423 438
374 423 343
214 362 557
374 362 418
340 362 418
367 344 1140
374 344 774
214 344 588
349 344 368
388 344 294
367 168 810
340 168 1108
324 168 1013
388 168 1146
101 349 1281
133 349 1156
95 349 835
101 374 823
95 374 747
133 374 729
95 324 1231
133 324 906
101 324 564
101 214 624
95 388 1231
101 388 918
133 340 1299
133 367 1299
95 367 1231
