210
826 315 867
578 315 500
680 315 1218
645 315 354
826 432 1169
578 432 342
680 432 1108
658 432 600
645 432 900
826 494 1195
578 494 250
680 494 1226
658 494 137
645 494 900
826 500 1133
578 500 342
680 500 1234
658 500 229
645 500 1016
826 681 1169
578 681 612
680 681 1108
658 681 100
645 681 900
826 740 1272
578 740 514
680 740 1221
658 740 460
645 740 579
826 752 1169
578 752 541
680 752 1108
658 752 872
645 752 539
826 771 478
578 771 423
680 771 992
658 771 125
645 771 940
826 814 835
578 814 771
680 814 705
658 814 587
645 814 153
826 873 851
578 873 681
680 873 1150
658 873 304
645 873 592
680 965 2
357 826 317
354 826 1239
613 826 317
600 826 7
801 578 1245
354 578 957
584 578 912
354 680 1179
584 680 912
357 680 493
613 680 463
801 680 302
600 680 193
795 680 112
801 658 1268
354 658 949
584 658 711
357 658 503
613 658 463
354 645 1179
795 645 937
613 645 933
584 645 912
801 645 706
357 645 540
198 354 1232
268 354 1190
244 354 961
209 354 928
209 584 1039
244 584 1030
41 584 1027
198 584 922
463 584 302
244 600 1230
209 600 1039
463 600 571
268 600 419
198 600 226
244 801 1106
268 801 2
209 801 40
41 357 1100
463 357 774
198 357 682
268 357 593
198 795 1048
463 613 1243
244 613 1217
41 613 1027
198 613 922
209 613 187
268 613 103
307 244 967
94 244 754
220 244 668
77 244 624
375 244 477
412 244 458
307 209 967
129 209 834
375 209 834
77 209 630
94 209 521
412 209 287
220 209 211
94 268 977
412 268 382
307 268 259
412 41 85
220 41 142
375 41 58
307 41 35
415 41 15
94 198 1089
375 198 1072
77 198 1023
307 198 859
129 198 638
412 198 367
375 463 1296
77 463 921
415 463 601
220 463 436
94 463 348
412 463 107
250 94 830
170 94 1128
292 94 5
175 94 6
292 129 819
175 129 750
192 129 664
407 129 485
170 129 280
250 129 280
407 77 116
175 307 1245
170 307 1004
250 307 968
192 307 453
223 307 265
407 375 1299
292 375 403
192 375 403
223 375 309
192 412 679
407 412 471
292 412 434
250 412 399
175 412 271
223 412 264
407 415 874
292 415 798
192 415 679
170 220 1004
250 220 968
175 220 353
192 220 314
407 220 314
208 407 1257
362 407 769
298 407 759
424 407 463
362 250 1161
298 250 398
208 250 374
298 175 857
208 175 405
362 175 204
298 192 626
298 170 1273
208 170 567
424 170 555
208 292 810
424 292 475
208 223 810
362 223 662
298 223 639
408 208 1223
374 208 427
326 208 384
341 424 1188
382 424 1128
374 424 525
374 298 924
408 298 318
326 298 318
374 362 401
101 382 1131
96 382 860
101 374 1105
133 374 659
101 326 1299
133 326 609
101 408 1297
133 408 894
96 408 860
96 341 1235
101 341 970
