89
526 140 22
526 405 406
581 405 377
391 405 479
526 444 690
581 444 756
391 444 756
526 654 988
581 654 988
391 654 675
526 717 334
581 717 1132
391 717 616
526 752 406
581 752 470
391 752 479
526 798 1173
581 798 1122
391 798 161
581 241 11
792 526 1295
756 526 1291
804 526 1198
804 581 1254
792 581 921
756 581 921
756 391 1101
792 391 1101
804 391 1101
352 792 842
419 792 1210
419 756 1256
419 804 962
352 804 1158
269 804 20
143 419 1246
447 419 1082
226 419 834
434 419 358
447 455 1276
143 455 1186
226 455 366
447 352 1289
143 352 1195
434 352 738
447 269 1289
143 269 1195
434 269 778
226 269 304
209 226 1010
255 226 442
171 226 239
237 447 1275
171 447 970
209 447 889
307 447 342
209 434 889
237 434 879
171 434 879
307 434 342
307 143 1088
237 143 1055
209 143 933
255 143 586
331 307 1277
303 307 1086
208 307 805
346 307 461
331 255 1001
208 255 805
331 171 1282
208 171 805
346 171 255
346 209 1233
303 209 420
331 209 331
331 237 1282
346 237 812
208 237 805
408 331 424
408 208 1274
408 346 1295
382 346 948
341 346 322
408 303 1196
382 303 446
96 382 821
96 408 821
96 341 1234
