177
460 440 503
476 440 573
745 440 984
515 440 697
128 440 485
461 440 892
460 474 503
476 474 347
745 474 1144
515 474 697
128 474 499
461 474 892
460 483 503
476 483 512
745 483 997
515 483 279
128 483 758
461 483 778
460 504 216
476 504 347
745 504 766
515 504 697
128 504 757
461 504 798
460 516 503
476 516 337
745 516 701
515 516 499
128 516 929
461 516 701
460 529 642
476 529 283
745 529 1064
515 529 311
128 529 812
461 529 778
460 614 503
476 614 438
745 614 576
515 614 697
128 614 934
461 614 753
460 625 503
476 625 347
745 625 989
515 625 649
128 625 499
461 625 778
460 771 759
476 771 247
128 771 674
461 771 270
460 925 971
476 925 441
745 925 9
128 925 316
461 925 572
476 218 55
745 218 1168
128 218 11
476 487 416
745 487 359
515 487 697
128 487 999
461 487 892
296 460 1160
556 460 739
829 460 594
752 460 434
767 460 434
475 460 195
823 460 193
829 476 1175
296 476 978
767 476 948
475 476 765
823 476 716
752 476 548
556 476 469
475 745 964
296 745 840
829 745 144
767 515 992
296 515 974
829 515 913
752 515 548
556 515 456
475 515 375
823 515 131
767 128 517
556 128 1122
475 128 675
823 128 240
296 461 902
767 461 902
752 461 731
829 461 573
823 461 568
475 461 375
556 461 283
2 823 992
15 475 1238
463 475 923
32 475 522
13 475 268
362 475 164
15 752 14
13 767 74
15 829 1207
362 829 1228
2 829 11
463 296 1226
15 296 966
362 296 722
13 296 447
32 296 407
66 296 250
15 556 1238
32 556 934
362 556 894
13 556 268
463 556 179
2 556 172
491 66 113
72 32 1233
491 362 1141
72 362 871
375 362 807
107 362 656
403 362 609
491 2 729
107 2 1271
491 15 436
375 13 1299
107 13 9
375 463 1299
403 463 307
375 459 1226
403 459 373
105 491 1277
232 107 135
402 375 1216
52 375 919
105 375 702
351 375 208
232 403 774
52 403 674
233 403 464
402 403 308
351 403 215
105 72 1217
232 72 76
135 105 1264
135 351 1287
208 351 456
140 351 453
273 351 330
273 402 1300
140 402 1300
208 402 1299
140 232 948
429 232 732
135 233 944
208 233 773
429 233 471
135 52 1113
429 52 28
214 208 1183
238 140 1139
214 273 1183
242 273 606
214 429 1092
152 242 544
76 152 1278
152 214 1300
76 214 637
152 238 1300
