185
370 625 931
149 625 568
411 625 387
810 625 1245
376 625 250
370 780 815
149 780 981
411 780 495
810 780 1088
376 780 101
370 784 802
149 784 744
411 784 535
810 784 1105
376 784 217
370 786 737
149 786 614
411 786 899
810 786 1257
376 786 536
370 792 409
149 792 744
411 792 374
810 792 899
376 792 436
370 859 802
149 859 212
411 859 899
810 859 1088
376 859 843
370 870 769
149 870 592
411 870 514
810 870 879
376 870 843
370 878 590
149 878 744
411 878 495
810 878 1064
376 878 250
370 885 384
149 885 744
411 885 384
810 885 937
376 885 214
370 889 590
149 889 890
411 889 899
810 889 1105
376 889 214
149 903 460
810 903 164
79 370 1215
805 370 916
605 370 698
602 370 698
158 370 657
79 149 941
158 149 1085
805 149 74
79 411 850
602 411 778
158 411 738
605 411 518
79 810 456
158 810 516
805 810 347
79 376 1215
605 376 986
602 376 858
805 376 501
158 376 481
469 79 632
322 79 1118
364 79 1262
446 79 20
495 805 1254
469 805 60
364 805 28
469 605 1191
495 605 478
322 605 463
364 605 205
446 158 473
322 158 1050
469 158 1294
469 602 1191
495 602 476
322 602 463
364 602 230
446 602 192
39 446 1145
313 446 1030
216 446 931
413 446 812
412 446 561
39 495 663
413 495 332
39 322 1229
412 322 1056
313 322 246
413 322 212
216 322 199
216 469 557
313 469 1204
412 469 469
413 469 32
39 364 1221
412 364 1056
313 364 226
408 413 1185
416 413 719
433 413 376
193 413 316
17 39 1299
100 39 18
408 216 957
416 216 882
433 216 633
193 216 573
17 313 979
193 313 850
433 313 633
416 313 582
408 313 548
408 412 1043
241 412 685
17 412 503
433 412 444
416 412 431
408 415 994
416 415 627
433 415 361
168 100 267
415 408 550
423 408 394
415 433 640
423 433 354
436 17 641
415 17 966
423 17 1058
168 17 1299
437 17 342
437 193 1201
436 193 1180
168 193 1169
423 193 1140
415 193 884
415 416 469
437 416 426
168 416 223
437 241 1201
436 241 1180
168 241 1169
423 241 1140
415 241 771
388 436 1219
340 436 767
349 436 670
343 436 563
388 437 1234
340 437 1207
343 437 785
349 437 670
388 415 1272
340 415 1264
343 415 785
349 415 670
388 168 1239
340 168 1218
388 423 1272
340 423 1264
343 423 785
349 423 670
69 343 1061
95 343 942
69 349 935
95 349 913
134 349 762
134 340 831
95 388 1279
134 388 1130
69 388 706
95 348 1146
69 348 1061
