376
452 133 477
665 133 58
59 133 106
806 133 320
781 133 559
452 421 525
601 421 376
665 421 137
657 421 137
59 421 654
736 421 496
806 421 284
812 421 524
781 421 284
452 424 215
601 424 357
665 424 266
657 424 500
59 424 522
736 424 496
806 424 496
812 424 542
781 424 254
452 481 237
601 481 376
665 481 470
657 481 393
59 481 347
736 481 331
812 481 524
781 481 510
452 514 208
601 514 373
665 514 470
657 514 500
59 514 538
736 514 187
806 514 156
812 514 355
781 514 510
452 624 376
601 624 364
665 624 227
657 624 492
59 624 463
736 624 515
806 624 469
812 624 542
781 624 306
452 634 175
601 634 373
665 634 448
657 634 492
59 634 436
736 634 478
806 634 311
812 634 542
781 634 448
452 645 376
601 645 376
665 645 431
657 645 346
59 645 654
736 645 161
806 645 584
812 645 363
781 645 431
452 657 376
601 657 369
665 657 311
657 657 492
59 657 654
806 657 638
812 657 542
781 657 450
452 680 319
601 680 376
665 680 470
657 680 500
59 680 538
736 680 136
806 680 319
812 680 408
781 680 510
452 807 148
601 807 183
665 807 276
657 807 541
59 807 346
736 807 553
806 807 590
812 807 173
781 807 552
452 813 407
601 813 255
665 813 177
59 813 355
736 813 270
806 813 590
812 813 248
781 813 479
452 833 148
601 833 385
665 833 344
657 833 542
59 833 202
736 833 553
806 833 120
812 833 173
781 833 401
452 861 200
601 861 405
665 861 189
657 861 289
59 861 251
736 861 378
812 861 212
452 867 200
601 867 287
665 867 189
657 867 298
59 867 202
736 867 357
806 867 167
781 867 380
452 878 125
601 878 405
665 878 189
657 878 267
59 878 233
736 878 181
812 878 187
781 878 306
452 893 125
601 893 287
665 893 519
657 893 424
59 893 202
736 893 225
781 893 309
452 897 2
59 897 24
812 897 56
781 897 38
452 924 69
665 924 416
657 924 607
736 924 9
781 924 30
601 806 247
665 806 301
657 806 213
59 806 155
736 806 373
806 806 607
812 806 212
781 806 155
601 919 321
665 919 140
806 919 502
665 842 519
657 842 450
59 842 202
736 842 239
812 842 300
781 842 306
796 452 899
723 452 752
788 452 732
751 452 559
790 452 423
715 452 326
677 452 243
723 601 666
715 601 580
751 601 422
790 601 398
796 601 364
723 665 538
796 665 364
790 665 272
715 665 247
723 657 621
796 657 518
788 657 458
790 657 272
715 657 145
677 657 138
751 657 122
677 59 3
751 59 2
796 736 588
751 736 168
790 736 272
677 736 61
788 806 714
677 806 279
796 806 46
790 806 116
715 806 108
723 806 40
796 812 751
751 812 4
723 812 2
788 781 544
723 781 26
677 781 4
1 715 784
439 715 199
458 715 385
336 715 256
256 715 16
142 723 562
1 723 121
256 723 46
350 790 341
458 790 255
142 796 877
439 796 400
1 796 131
256 796 18
458 796 9
439 788 514
1 788 163
458 788 220
142 788 15
336 788 14
142 677 509
458 677 315
336 677 263
350 677 197
439 677 192
1 677 166
439 751 697
142 751 161
265 1 273
87 1 592
87 439 877
402 439 551
265 439 363
333 439 295
412 439 209
375 439 188
87 458 877
333 458 484
412 458 399
375 458 191
402 458 168
87 350 836
402 350 633
375 350 552
265 350 494
412 350 356
333 350 312
415 350 245
87 336 558
402 336 441
333 336 378
412 336 307
412 256 782
87 256 628
402 256 558
333 256 377
265 256 276
402 142 984
412 142 782
265 142 633
87 142 631
333 142 350
415 142 315
405 333 1100
408 333 743
309 333 623
319 333 394
411 333 356
364 333 300
438 333 239
309 265 543
438 265 387
408 265 349
319 265 316
320 265 283
411 265 283
405 265 237
438 87 373
319 87 218
411 87 17
320 87 1
319 375 633
411 375 255
320 375 244
405 375 237
408 402 502
309 402 427
405 402 409
320 402 176
411 402 173
319 402 163
408 412 680
411 412 466
320 412 451
405 412 310
408 415 1015
319 415 612
309 415 427
405 415 310
320 415 223
411 415 214
415 438 715
298 438 486
208 438 360
298 364 535
266 364 524
168 364 524
415 364 339
344 364 269
344 411 744
298 411 511
208 411 442
266 411 184
415 411 178
168 319 1062
266 319 1062
344 319 471
415 319 269
298 405 889
415 405 715
208 405 374
298 408 873
208 408 691
415 408 363
266 408 338
344 309 618
298 309 461
415 309 363
266 309 292
168 309 180
208 320 628
298 320 552
415 320 493
168 320 459
388 208 806
367 208 592
324 208 445
374 208 336
340 208 336
367 219 442
324 219 400
388 415 1129
340 415 1115
324 415 1001
355 415 580
374 298 974
379 298 609
355 298 225
340 298 158
374 266 1181
355 266 307
367 266 298
367 344 1090
374 344 695
355 344 307
388 344 263
324 168 949
340 168 1078
388 168 1093
367 168 788
101 355 1076
101 374 818
133 374 624
133 324 833
133 340 1217
101 388 923
133 367 1217
133 379 888
101 379 555
