385
531 266 304
221 266 626
769 266 903
701 266 405
531 273 410
438 273 106
221 273 391
581 273 785
531 403 473
438 403 424
221 403 597
318 403 329
769 403 382
701 403 441
770 403 431
581 403 382
612 403 273
531 421 169
438 421 747
221 421 770
769 421 122
701 421 169
770 421 389
581 421 627
612 421 388
531 461 473
438 461 571
221 461 651
318 461 258
769 461 394
701 461 338
770 461 431
581 461 174
612 461 229
531 474 291
438 474 424
221 474 802
769 474 504
770 474 467
581 474 504
612 474 170
531 532 473
438 532 341
221 532 428
769 532 506
701 532 204
770 532 295
581 532 506
531 554 149
438 554 571
221 554 751
318 554 161
769 554 922
701 554 338
770 554 161
581 554 389
612 554 255
531 613 166
438 613 320
221 613 703
318 613 135
769 613 743
701 613 327
770 613 363
581 613 692
612 613 229
531 658 503
438 658 671
221 658 751
318 658 359
769 658 164
701 658 261
770 658 363
581 658 421
612 658 229
531 700 325
438 700 470
221 700 703
318 700 380
769 700 743
701 700 441
770 700 431
581 700 692
612 700 229
531 784 254
221 784 516
318 784 418
769 784 730
701 784 414
581 784 123
612 784 261
531 812 142
221 812 516
318 812 418
769 812 841
701 812 414
770 812 268
581 812 445
531 849 118
438 849 293
221 849 225
318 849 418
769 849 772
701 849 414
770 849 548
581 849 445
438 818 293
221 818 298
769 818 654
701 818 519
770 818 548
581 818 445
612 818 308
438 832 359
221 832 516
318 832 418
769 832 730
701 832 414
770 832 548
581 832 445
612 832 445
438 852 359
221 852 516
318 852 230
769 852 409
701 852 271
770 852 410
581 852 445
612 852 445
438 877 293
221 877 186
318 877 418
769 877 924
701 877 519
770 877 161
581 877 445
612 877 308
438 878 293
221 878 580
318 878 432
769 878 730
701 878 519
770 878 536
581 878 402
612 878 308
221 833 580
318 833 503
769 833 1024
701 833 434
770 833 219
581 833 445
612 833 152
221 838 578
318 838 418
769 838 736
701 838 519
770 838 300
612 838 308
818 531 1095
781 531 874
769 531 839
738 531 492
745 531 347
801 531 213
709 531 179
745 438 1183
781 438 1056
801 438 659
738 438 641
709 438 556
818 438 321
769 438 291
627 438 228
709 221 671
745 221 1273
818 221 273
781 221 142
801 221 56
781 318 1139
818 318 1057
769 318 646
801 318 603
738 318 492
709 318 385
745 318 384
745 769 1197
709 769 980
801 769 279
627 769 8
818 701 802
709 701 786
738 701 648
627 701 500
781 701 349
769 701 281
709 770 348
801 770 600
818 770 15
738 770 242
745 770 5
769 770 148
627 770 7
709 581 962
738 581 648
745 581 617
627 581 500
781 581 250
801 581 202
769 581 198
801 612 1004
738 612 585
818 612 517
627 612 500
781 612 349
769 612 281
745 612 266
122 709 1192
203 709 144
15 709 29
392 745 583
203 745 118
52 745 144
218 745 2
122 769 710
52 769 160
15 769 4
122 738 1181
218 738 8
463 627 1244
122 627 1022
284 627 883
414 627 535
392 627 347
218 627 218
218 801 218
15 801 80
203 801 69
15 818 1100
52 818 1292
284 818 367
52 781 1063
375 122 1052
129 122 872
50 122 762
143 122 450
415 122 321
296 122 319
296 203 894
375 203 835
94 203 683
129 203 624
412 203 544
241 203 489
375 392 989
129 392 624
412 392 534
241 392 397
94 392 310
296 392 310
143 392 289
94 218 585
412 218 544
50 218 442
375 218 415
241 218 397
296 218 381
143 218 267
241 15 270
50 15 597
94 15 49
296 15 280
50 52 402
143 52 43
375 52 6
375 284 1246
296 284 912
129 284 872
94 284 683
415 284 399
241 284 352
375 414 1231
415 414 993
50 414 466
412 414 336
375 463 1299
143 463 475
415 463 475
50 463 466
412 463 242
94 463 225
52 50 1250
175 50 323
408 50 48
351 50 23
263 129 761
297 129 741
175 129 614
408 129 500
465 129 425
351 129 314
465 94 359
175 94 15
408 94 1
52 241 942
263 241 304
402 375 912
52 375 824
465 375 426
263 375 417
297 375 415
52 296 824
297 296 533
465 296 365
263 296 326
52 143 686
297 143 431
402 143 399
263 143 390
408 143 341
175 143 269
402 415 758
408 415 632
465 415 592
297 415 589
52 415 474
263 415 368
402 412 913
408 412 730
52 412 474
263 412 368
175 412 219
297 412 196
411 175 955
298 175 576
374 175 555
208 175 294
362 175 140
362 351 638
374 351 464
298 351 350
411 351 343
208 402 1291
374 402 1120
362 402 898
298 402 795
360 402 695
374 408 1043
362 408 898
298 408 795
208 408 770
374 263 486
298 263 394
411 263 252
411 297 1017
360 52 1
411 465 285
214 208 986
330 208 335
330 360 662
214 374 260
355 298 305
214 362 402
341 411 1099
214 411 1080
382 411 972
336 411 868
377 411 802
355 411 645
330 411 382
69 330 1074
101 330 807
134 330 695
101 382 1066
69 382 942
69 377 940
101 377 786
69 355 1272
101 355 978
134 336 1277
101 336 1263
69 336 1177
134 214 1099
69 341 1137
134 341 1118
101 341 741
