140
763 426 1263
769 426 387
726 426 1063
763 436 669
769 436 493
376 436 532
726 436 1263
763 451 926
769 451 477
376 451 416
726 451 721
763 477 1206
769 477 385
376 477 307
726 477 720
763 691 1115
769 691 168
376 691 513
726 691 1115
763 733 1240
769 733 252
376 733 633
726 733 914
763 1022 241
376 1022 452
769 513 1046
376 513 416
726 513 578
376 90 170
726 90 1287
376 983 226
726 983 1277
726 365 965
627 763 298
771 763 1263
709 763 564
709 769 1205
771 769 451
627 769 42
585 769 8
771 376 808
709 376 720
607 376 705
769 376 631
627 376 382
585 376 274
769 726 786
607 726 114
709 726 887
627 726 78
385 709 247
469 709 33
317 709 10
507 771 1281
385 771 22
155 769 1042
469 769 80
507 769 1
469 627 1013
385 627 975
507 627 568
155 627 342
155 607 845
91 607 821
385 607 318
469 607 289
507 607 288
469 585 1013
507 585 568
155 585 342
91 585 229
271 317 960
413 317 824
216 317 717
143 317 434
50 317 287
296 317 212
50 507 43
143 507 3
271 507 4
271 91 293
216 91 107
143 91 147
50 91 12
216 469 924
413 469 112
296 385 1069
271 385 879
50 385 855
413 385 824
143 385 813
216 385 717
271 155 960
413 155 947
143 155 782
216 155 717
50 155 601
175 50 711
408 50 59
408 413 1189
297 413 1023
465 413 834
175 413 639
175 271 1106
465 271 1076
408 271 592
276 271 352
408 216 1152
276 216 1087
175 216 1087
297 216 264
297 296 1030
465 296 900
297 143 882
175 143 467
408 143 437
276 143 406
202 175 356
339 175 237
208 175 230
360 175 108
339 276 937
202 276 511
208 408 750
339 408 584
339 297 937
202 297 321
339 465 1
154 208 994
374 208 409
296 202 561
154 202 323
296 360 561
154 360 401
154 339 1094
296 339 832
70 296 881
70 374 672
70 154 868
123 154 523
