182
293 426 286
726 426 982
669 426 982
581 426 466
586 426 902
293 436 275
726 436 1254
669 436 1045
581 436 438
586 436 902
293 451 202
726 451 1274
669 451 1045
581 451 438
586 451 902
293 566 853
726 566 1265
669 566 1045
581 566 758
586 566 902
293 733 587
726 733 1286
669 733 1045
581 733 438
586 733 902
293 866 549
726 866 295
669 866 289
581 866 974
586 866 1257
293 989 7
669 989 376
586 989 964
726 919 11
669 919 744
581 919 1027
586 919 1275
669 939 215
709 293 837
738 293 816
613 293 567
680 293 553
627 293 553
321 293 553
643 293 316
709 726 892
627 726 186
627 669 1108
613 669 866
738 669 500
680 669 437
709 669 380
643 669 240
321 669 184
643 581 1215
627 581 1108
709 581 910
613 581 866
738 581 699
680 581 464
321 581 389
627 586 1108
613 586 866
709 586 762
680 586 490
738 586 465
643 586 411
321 586 290
122 709 1282
469 709 33
456 709 5
345 321 1240
456 321 744
284 321 599
469 321 476
284 643 1125
122 643 1087
414 643 977
456 643 787
284 627 1125
122 627 1087
345 627 830
469 627 803
414 627 559
243 627 128
122 738 1264
243 680 1119
284 680 1116
469 680 803
456 680 756
414 680 559
345 680 113
284 613 906
345 613 830
469 613 324
243 613 276
129 122 1172
447 122 530
226 122 527
76 122 237
412 456 580
447 456 519
129 456 518
447 345 931
226 345 761
412 345 270
412 469 595
447 243 931
226 243 761
76 243 424
129 243 391
129 284 1172
226 284 761
447 284 305
447 414 811
412 414 580
129 414 243
78 414 243
76 414 243
355 447 240
297 226 1259
175 226 461
465 226 439
436 226 392
408 78 12
263 129 946
297 129 930
175 129 747
465 129 655
408 129 596
355 76 596
355 412 987
436 412 855
408 412 815
255 412 408
263 412 408
264 175 985
365 175 901
374 175 501
202 175 383
208 175 272
374 408 1068
208 408 900
339 408 408
264 255 577
208 255 495
339 255 420
374 255 420
202 255 369
208 436 934
374 436 689
339 436 300
339 297 763
365 297 705
264 297 409
208 297 254
365 465 9
374 355 1123
208 355 955
365 355 705
264 355 653
339 355 612
202 355 460
264 263 577
374 263 523
339 263 523
202 263 383
408 208 1128
389 202 869
408 374 1205
389 365 1197
408 365 334
389 264 1219
408 264 406
389 339 569
133 389 842
101 382 1087
96 341 1232
133 403 842
101 408 1300
133 408 742
96 408 620
