116
677 513 256
150 513 815
581 513 622
432 513 442
586 513 678
677 624 576
150 624 1065
581 624 1205
432 624 331
677 661 287
150 661 846
581 661 885
432 661 613
586 661 678
677 685 287
150 685 946
581 685 1232
432 685 380
586 685 678
677 869 720
150 869 1154
581 869 296
432 869 540
677 876 720
150 876 1154
581 876 263
432 876 385
677 881 720
150 881 448
581 881 730
432 881 461
677 890 720
150 890 1154
581 890 263
150 11 1099
432 11 1014
586 11 232
150 150 146
581 150 813
432 120 12
804 677 1251
591 677 888
804 150 1282
804 581 1247
591 581 888
804 432 971
591 432 622
804 586 1281
591 586 462
455 591 1031
169 591 774
417 591 479
352 804 1149
169 804 669
143 417 1250
447 417 1177
434 417 253
447 169 994
434 169 927
143 169 665
447 455 1264
143 455 1136
434 455 500
447 352 1276
143 352 1125
434 352 996
373 447 1238
179 447 1192
209 447 907
373 434 1238
179 434 1192
209 434 907
209 143 996
373 143 812
217 143 232
494 217 1119
303 217 1119
276 217 838
264 217 833
494 209 902
276 209 794
303 209 794
303 373 1182
494 373 1178
276 373 838
264 373 662
264 179 1098
303 179 791
276 179 541
494 179 439
352 494 870
389 494 192
348 494 1056
346 494 503
408 276 1006
389 276 840
382 276 663
348 276 529
346 276 476
408 303 990
389 303 237
389 264 1246
346 264 1191
348 264 1183
101 346 1296
133 346 946
133 389 946
101 382 1119
96 382 761
101 408 1299
133 408 859
96 408 761
101 352 1284
101 348 1060
133 348 1060
96 348 971
