141
774 17 1260
605 17 233
795 17 631
811 17 33
774 197 1275
605 197 235
811 197 9
774 413 1197
605 413 525
720 413 858
795 413 239
811 413 575
774 475 694
605 475 386
720 475 669
795 475 654
811 475 799
774 684 1025
605 684 503
720 684 731
795 684 287
811 684 233
774 753 1147
605 753 521
720 753 669
795 753 275
811 753 907
774 819 1210
605 819 596
795 819 127
811 819 663
774 843 1128
605 843 672
720 843 412
811 843 890
774 849 1068
605 849 596
720 849 321
795 849 343
811 849 380
779 774 1207
412 774 102
821 605 676
779 605 365
412 605 238
698 605 221
821 720 584
779 720 1119
412 720 12
779 795 551
412 795 59
821 795 325
779 811 382
412 811 871
466 698 1214
431 698 1166
521 698 267
499 698 160
466 821 930
431 821 282
521 821 4
466 412 925
463 412 626
431 412 485
521 412 410
499 412 408
466 779 1011
499 779 832
431 779 1
409 499 925
412 466 535
409 466 1038
407 466 91
407 431 1192
409 431 1055
413 431 958
412 431 399
409 521 924
413 521 351
414 463 1298
409 463 904
413 463 582
407 463 203
416 409 1182
408 409 1131
355 409 1050
436 409 574
398 409 201
436 413 1167
398 413 1164
408 413 1046
416 413 990
355 413 273
408 407 1027
355 407 947
416 407 847
436 407 574
398 407 350
436 412 1167
398 412 1164
408 412 966
355 412 966
416 412 650
436 414 1167
398 414 1164
355 414 947
416 414 741
408 414 470
255 398 1076
140 398 764
199 398 283
255 436 956
140 436 770
267 436 426
199 436 283
140 408 1202
199 408 836
255 408 673
267 408 426
140 416 764
267 416 270
264 416 223
255 355 966
140 355 786
199 355 629
267 355 581
264 355 435
238 140 1127
370 199 906
152 199 606
152 255 606
368 267 614
370 267 547
134 330 829
134 342 1296
152 342 1147
76 370 736
76 152 1191
134 368 1296
152 368 868
152 238 1300
