272
59 453 486
335 453 230
634 453 170
581 453 169
551 453 323
702 453 630
658 453 375
655 453 416
59 460 436
634 460 436
581 460 348
551 460 401
658 460 315
655 460 416
59 598 661
335 598 285
634 598 195
581 598 368
551 598 317
702 598 531
658 598 810
655 598 209
59 664 918
335 664 285
634 664 509
581 664 286
551 664 360
702 664 330
658 664 333
655 664 368
59 786 369
335 786 156
634 786 293
581 786 173
551 786 335
702 786 486
658 786 702
655 786 468
59 809 447
335 809 258
634 809 404
551 809 266
702 809 755
658 809 712
655 809 468
59 833 406
634 833 544
581 833 631
551 833 365
702 833 509
658 833 712
655 833 522
59 839 606
335 839 455
634 839 816
581 839 248
551 839 112
702 839 755
658 839 712
655 839 448
59 854 606
335 854 455
634 854 816
581 854 223
551 854 112
702 854 103
658 854 712
655 854 468
59 890 524
335 890 156
634 890 831
581 890 248
551 890 313
702 890 454
658 890 702
655 890 665
335 296 539
634 296 62
335 359 468
551 359 388
702 359 367
658 359 472
335 824 250
634 824 816
581 824 465
551 824 365
702 824 755
655 824 461
335 832 489
634 832 359
551 832 299
702 832 755
658 832 333
655 832 448
335 834 412
634 834 359
581 834 440
551 834 299
702 834 755
655 834 448
651 59 863
781 59 192
801 335 887
825 335 695
781 335 645
764 335 398
627 335 370
643 335 274
651 335 274
801 634 657
764 634 657
643 634 638
825 634 363
627 634 335
651 634 199
643 581 1026
651 581 553
627 581 465
825 581 427
781 581 174
764 581 141
801 581 125
781 551 645
627 551 535
825 551 483
651 551 240
643 551 236
764 551 211
801 551 194
643 702 1026
825 702 715
651 702 550
627 702 525
801 702 157
764 702 141
801 658 1179
781 658 832
627 658 670
643 658 480
651 658 480
825 658 355
764 658 258
801 655 840
764 655 823
825 655 715
643 655 700
627 655 690
651 655 473
223 825 1007
68 825 1244
52 825 68
284 643 936
445 643 894
41 643 753
223 643 699
52 643 635
1 643 281
41 627 1181
284 627 936
1 627 711
223 627 299
41 651 977
68 651 977
284 651 936
1 651 711
223 651 699
445 801 351
68 801 922
52 781 957
68 781 27
129 1 652
87 1 234
62 41 1215
192 41 150
375 41 61
415 41 3
192 223 966
375 223 551
341 223 489
87 223 336
62 223 323
415 223 260
341 68 344
62 68 1231
192 68 122
87 68 285
375 52 1
375 284 1250
129 284 1064
341 284 682
415 284 682
62 284 311
375 445 638
87 445 453
129 445 376
192 62 1169
208 62 980
311 62 380
263 341 891
311 341 715
192 341 592
175 341 566
175 192 1133
208 192 1100
52 192 720
263 192 574
192 192 564
178 192 258
263 129 891
178 129 731
311 129 715
192 129 651
175 129 566
311 87 42
178 375 1299
52 375 860
311 375 774
192 375 327
263 375 327
192 415 809
208 415 706
178 415 507
52 415 437
263 415 419
289 208 1235
298 208 648
416 208 461
208 208 312
266 208 292
208 178 978
289 178 838
266 178 422
298 178 305
208 311 1070
416 311 395
289 311 253
416 263 752
289 263 737
298 263 470
289 175 1164
416 175 752
298 175 690
208 175 538
266 175 369
266 192 993
416 192 735
298 192 403
416 52 475
408 208 1236
326 208 551
374 208 396
374 416 827
397 416 427
326 416 422
374 298 961
408 298 496
326 298 496
374 266 1267
408 266 1213
326 266 1129
397 266 324
408 289 1127
326 289 970
397 289 545
341 289 382
101 397 1298
96 341 1063
101 341 874
101 374 1207
101 326 1299
101 408 1299
96 408 868
