178
166 11 224
93 11 215
785 11 22
166 473 292
93 473 1096
426 473 661
785 473 828
153 473 206
781 473 357
166 558 163
93 558 1053
426 558 176
785 558 572
153 558 206
781 558 293
166 598 1048
93 598 745
426 598 333
785 598 786
153 598 195
781 598 481
166 656 1024
93 656 847
426 656 184
785 656 851
153 656 478
781 656 481
166 684 742
93 684 1128
426 684 184
785 684 249
153 684 385
781 684 481
166 712 415
93 712 1042
426 712 217
785 712 928
153 712 415
781 712 294
166 813 925
93 813 1059
426 813 172
785 813 692
153 813 258
781 813 586
166 865 925
93 865 1004
426 865 495
785 865 252
153 865 651
781 865 586
166 870 925
93 870 461
426 870 788
785 870 692
153 870 713
166 883 503
93 883 832
426 883 573
785 883 293
781 883 336
93 810 1090
426 810 296
785 810 177
153 810 877
781 810 586
93 836 1190
426 836 172
785 836 290
153 836 231
781 836 586
93 861 916
785 861 253
426 207 783
785 207 79
153 207 855
781 207 851
426 230 501
785 230 755
781 230 1067
732 166 986
743 93 1259
732 93 1213
776 93 1254
785 93 129
801 93 3
743 426 737
732 426 688
776 426 627
801 426 466
785 426 461
801 785 206
743 785 11
732 785 2
776 153 656
801 153 411
743 153 189
785 781 989
732 781 980
260 732 210
514 732 933
156 732 5
156 776 55
223 776 32
260 743 1218
35 743 80
223 743 1
260 801 1
156 785 342
49 785 991
94 156 1097
57 156 1046
78 156 885
78 49 1299
57 260 1197
78 260 652
94 260 532
415 260 298
57 514 430
329 35 692
57 223 719
78 223 652
94 223 530
415 223 298
100 78 741
169 78 248
217 78 149
217 57 18
250 94 978
170 94 1201
100 329 919
250 329 592
170 329 592
217 329 495
169 329 259
169 415 861
100 415 190
362 100 19
362 250 1213
358 250 756
208 250 448
266 250 180
298 170 1279
208 170 755
266 170 330
358 170 205
266 169 712
208 169 604
208 217 808
298 217 695
358 217 695
266 217 336
358 346 413
298 346 413
363 208 538
374 208 499
389 208 366
389 358 682
379 358 623
363 358 423
349 358 366
374 298 751
379 298 692
389 298 615
343 298 265
374 266 1278
374 362 570
133 363 1285
96 363 732
101 343 1047
133 389 996
101 389 628
101 374 995
133 374 665
101 349 1289
133 349 1147
133 379 996
101 379 801
