200
197 7 820
613 7 531
197 101 866
134 101 1074
197 371 859
134 371 1122
363 371 2
613 371 282
197 405 823
134 405 823
219 405 818
363 405 327
503 405 469
613 405 357
197 448 1044
134 448 1224
219 448 445
363 448 458
503 448 258
613 448 526
197 483 1044
134 483 1224
219 483 746
363 483 408
503 483 351
613 483 351
197 499 733
134 499 683
219 499 464
363 499 339
503 499 269
613 499 428
197 533 1044
134 533 1224
219 533 942
363 533 598
503 533 394
613 533 327
197 554 961
134 554 961
219 554 607
363 554 226
503 554 469
613 554 357
197 563 577
134 563 617
219 563 724
363 563 530
503 563 194
613 563 351
197 738 1044
134 738 1140
219 738 580
363 738 580
503 738 183
613 738 616
197 853 475
134 853 853
219 853 322
363 853 504
503 853 488
613 853 150
197 892 700
134 892 778
219 892 435
363 892 515
503 892 488
613 892 334
197 965 343
134 965 1114
219 965 988
753 197 950
138 197 94
753 134 679
138 134 1037
810 134 551
785 134 112
605 134 55
785 219 992
810 219 1229
138 219 1013
605 219 149
810 363 952
753 363 883
138 363 825
605 363 583
785 363 492
810 503 1127
753 503 978
785 503 903
138 503 814
605 503 596
138 613 908
810 613 750
753 613 570
605 613 282
785 613 224
395 810 710
283 810 477
522 810 494
522 138 1088
512 138 1112
283 138 206
512 753 191
204 753 742
283 753 195
395 753 228
283 785 268
522 785 1045
395 785 2
522 605 671
512 605 584
255 605 534
204 605 296
283 605 226
395 605 213
78 255 570
329 255 385
412 255 242
329 204 727
412 204 598
78 204 297
39 512 384
412 512 389
422 512 31
412 395 661
78 395 570
422 395 348
412 283 783
329 283 727
78 283 346
422 283 346
329 522 500
412 522 987
422 522 20
78 522 35
438 78 231
193 78 2
226 422 510
241 422 393
346 422 323
438 422 197
241 412 835
346 412 326
226 412 309
193 412 271
438 412 197
226 39 584
226 329 896
193 329 858
241 329 632
438 329 325
424 438 509
407 438 455
168 438 373
402 438 339
426 438 336
402 226 478
426 226 428
407 226 351
168 346 1155
407 346 458
426 346 417
424 346 195
402 346 195
168 193 1129
407 193 678
426 193 534
424 193 507
168 241 1128
407 241 530
426 241 488
402 241 251
379 402 750
343 402 661
340 402 661
349 402 551
330 402 498
379 424 1039
349 424 316
330 424 316
340 424 316
343 424 207
330 407 1111
379 407 1076
340 407 697
343 407 573
349 407 465
330 426 767
379 426 750
343 426 575
349 426 406
330 168 678
340 168 1130
95 343 796
95 330 765
133 349 1216
95 349 853
133 379 777
133 340 1298
