149
774 23 1038
181 23 1158
774 264 1203
181 264 3
774 484 807
181 484 717
795 484 807
391 484 641
774 683 1022
181 683 1022
795 683 597
391 683 597
774 696 692
181 696 650
795 696 589
391 696 678
774 747 1091
181 747 1091
795 747 908
774 784 1127
181 784 975
795 784 960
774 806 1127
181 806 975
795 806 250
391 806 254
774 823 837
181 823 727
795 823 240
391 823 240
774 843 896
181 843 478
181 148 1001
795 148 1212
754 774 483
69 774 568
754 181 1278
698 181 536
69 181 167
754 795 952
69 795 55
821 795 33
754 391 1212
69 391 922
698 391 542
821 391 326
92 754 1263
521 754 1182
162 754 19
431 754 2
431 698 909
428 698 798
92 698 758
521 698 444
162 698 376
217 698 291
92 69 2
521 69 717
431 69 89
521 821 36
431 821 52
414 428 965
409 428 599
407 428 488
413 428 428
375 428 273
390 428 190
407 92 19
407 431 991
413 431 960
375 431 752
409 431 717
414 431 193
409 521 533
413 521 261
413 217 803
409 217 429
375 217 406
413 162 593
409 162 457
407 162 294
412 409 1093
416 409 1093
408 409 1035
436 409 505
398 409 173
436 413 1109
412 413 1096
398 413 1096
408 413 987
416 413 969
416 375 658
436 375 658
398 375 565
412 375 285
408 375 237
408 407 869
416 407 809
436 407 505
412 407 385
398 407 385
416 390 1190
412 390 1139
398 390 642
408 390 326
436 414 1109
398 414 1072
416 414 794
412 414 549
408 414 326
233 436 951
208 436 869
255 436 851
374 436 851
267 436 304
374 398 1151
255 398 1068
233 398 521
208 398 515
208 408 1074
374 408 876
255 408 661
233 408 541
267 408 304
374 416 1036
233 416 951
208 416 369
374 412 1151
255 412 1068
267 412 304
233 412 278
214 208 1049
330 208 289
374 208 289
152 255 774
214 255 414
330 233 720
214 233 298
152 374 921
277 267 907
101 330 750
76 152 1294
213 152 891
101 415 936
101 355 944
76 277 1106
101 374 740
76 214 788
213 214 623
