203
632 483 319
655 483 681
93 483 182
139 483 889
785 483 287
264 483 385
632 494 244
655 494 389
93 494 1044
139 494 851
785 494 492
264 494 279
632 500 314
655 500 389
93 500 1044
139 500 610
785 500 794
264 500 385
632 557 593
655 557 388
93 557 265
139 557 956
785 557 1116
264 557 385
632 771 517
655 771 700
93 771 669
139 771 1177
785 771 655
264 771 788
632 798 517
655 798 808
93 798 669
139 798 1177
785 798 623
264 798 623
632 808 480
655 808 647
93 808 669
139 808 1110
785 808 263
264 808 205
632 819 470
655 819 302
93 819 403
139 819 842
785 819 125
264 819 533
632 823 480
655 823 689
93 823 669
139 823 1177
785 823 275
264 823 312
632 843 480
655 843 704
93 843 669
139 843 1177
785 843 436
264 843 487
632 845 184
655 845 772
93 845 546
139 845 295
785 845 363
264 845 788
632 852 491
655 852 445
93 852 669
139 852 1064
785 852 422
264 852 531
632 858 480
655 858 739
93 858 669
139 858 1177
785 858 122
264 858 205
663 632 1094
776 632 1076
157 632 899
584 632 346
663 655 1062
776 655 764
157 655 570
675 655 452
584 655 346
776 93 1294
675 93 295
663 93 81
663 139 672
157 139 1264
675 139 674
776 139 2
157 785 1287
675 785 9
157 264 1002
675 264 1002
776 264 864
584 264 755
663 264 261
457 776 246
476 776 85
468 584 1231
457 584 1078
244 584 1059
476 584 658
468 675 1253
457 675 856
476 675 658
456 675 648
244 675 203
476 157 1292
468 157 1282
468 663 1253
244 663 1200
476 663 745
457 663 564
94 468 1015
192 468 1087
261 468 1261
412 468 8
78 468 96
261 456 940
192 456 637
412 456 499
94 456 347
192 476 850
261 476 1133
94 476 954
94 244 999
412 244 525
78 244 393
192 244 303
261 457 1021
412 457 420
415 457 263
192 457 201
78 457 195
223 78 26
175 192 1175
208 192 1027
223 192 1015
170 192 582
250 192 509
250 94 932
170 94 1180
175 94 7
208 94 1
223 261 1015
170 261 785
250 261 638
175 261 499
208 412 538
250 412 496
223 412 424
175 412 261
170 412 252
208 415 570
223 415 208
289 208 1227
298 208 969
358 208 372
266 208 285
208 208 255
289 175 1104
298 175 956
358 175 834
266 175 331
208 175 224
358 250 810
208 250 517
289 250 510
266 250 386
298 250 213
298 170 1274
208 170 772
266 170 471
358 170 303
358 223 584
208 223 572
298 223 496
266 223 452
395 208 544
374 208 544
344 358 1132
395 358 569
395 298 1232
344 298 1086
374 298 826
382 298 378
341 298 277
374 266 1279
395 266 359
344 289 1198
395 289 954
382 289 298
133 344 1120
96 382 906
96 395 906
133 395 738
133 374 856
96 341 1128
