231
601 705 409
482 705 725
284 705 705
335 705 570
601 769 440
232 769 378
482 769 594
284 769 928
335 769 223
628 769 407
601 775 440
232 775 633
482 775 1023
284 775 987
335 775 369
628 775 248
601 785 443
232 785 773
482 785 895
284 785 757
335 785 369
628 785 396
601 805 346
232 805 633
482 805 895
284 805 346
335 805 369
628 805 313
601 809 440
232 809 457
482 809 951
284 809 1099
335 809 369
628 809 356
601 831 440
232 831 1012
482 831 632
284 831 1099
335 831 223
628 831 313
601 843 658
232 843 949
482 843 627
284 843 1099
628 843 313
601 886 658
232 886 633
482 886 895
284 886 1150
335 886 369
628 886 248
601 999 164
482 999 895
284 999 255
335 999 466
232 237 623
482 237 1034
284 237 66
482 78 952
284 78 1103
482 134 4
284 134 1141
335 351 84
715 601 1061
794 601 799
790 601 627
817 601 539
611 601 369
648 601 162
648 232 476
790 232 697
611 232 40
790 482 1081
817 482 486
648 482 420
715 482 341
611 482 332
794 482 329
790 284 1081
715 284 723
794 284 637
817 284 486
611 284 402
790 335 1010
794 335 650
715 335 636
611 335 453
648 335 391
817 335 310
794 628 704
790 628 696
715 628 548
648 628 444
817 628 332
611 628 217
442 794 1017
432 794 757
458 794 835
461 794 638
442 648 679
458 648 619
432 648 477
419 648 354
461 648 238
461 715 977
458 715 645
432 715 656
419 715 434
442 715 690
442 817 749
458 817 735
419 817 104
432 817 130
458 790 545
419 790 359
432 611 913
458 611 839
442 611 598
419 611 298
234 419 826
333 419 788
264 419 705
375 419 532
39 419 415
193 419 251
333 458 862
234 458 783
264 458 705
39 458 286
375 458 283
333 442 862
234 442 826
264 442 705
375 442 537
39 442 415
193 442 251
333 432 862
375 432 839
39 432 719
264 432 705
234 432 645
234 461 826
39 461 681
193 461 251
405 333 1056
493 333 904
408 333 670
411 333 570
364 333 413
17 193 1028
493 193 785
408 193 604
411 193 563
405 193 459
364 193 413
405 234 957
493 234 904
408 234 667
364 234 413
411 234 201
493 264 904
411 264 683
405 264 459
364 264 413
17 375 606
411 375 353
405 375 327
493 375 326
17 39 1299
424 364 646
391 364 635
402 364 561
50 364 470
298 364 454
168 364 440
208 411 672
391 411 589
298 411 511
424 411 428
402 411 170
50 411 167
298 405 881
391 405 589
424 405 563
208 405 360
168 405 238
298 408 881
402 408 756
208 408 746
424 408 471
168 17 1296
298 17 6
402 493 223
168 377 1280
50 377 442
402 377 235
391 377 235
340 402 547
385 402 530
379 402 530
330 402 520
388 402 379
388 208 1059
367 208 679
340 208 400
330 208 400
379 424 1030
385 424 986
388 424 599
330 424 309
340 424 309
379 50 1267
385 50 1257
367 391 996
330 391 443
340 168 1110
388 168 1135
367 168 847
330 168 588
379 298 789
385 298 679
340 298 253
330 298 253
69 330 1150
134 330 805
134 379 1236
69 385 1099
134 388 1170
69 388 712
134 340 880
69 367 656
