185
782 0 894
212 0 835
48 0 38
782 747 578
212 747 491
769 747 959
581 747 959
782 769 683
212 769 300
48 769 806
769 769 540
581 769 683
782 775 238
212 775 143
48 775 682
769 775 1184
782 810 1056
212 810 667
48 810 806
769 810 1000
581 810 886
782 817 1056
212 817 667
48 817 544
769 817 1000
581 817 840
782 836 764
212 836 798
48 836 806
769 836 798
581 836 943
782 841 723
212 841 906
48 841 806
769 841 1184
581 841 723
782 842 764
212 842 359
48 842 806
769 842 601
581 842 954
782 860 1056
212 860 463
48 860 806
769 860 1000
581 860 954
782 886 764
212 886 463
48 886 682
769 886 753
581 886 809
782 894 238
212 894 359
48 894 806
769 894 239
581 894 592
782 933 50
581 933 198
212 163 275
48 163 1128
769 163 15
801 782 725
358 782 32
625 212 571
358 212 1287
643 212 214
358 48 202
801 769 358
643 581 1218
738 581 928
625 581 756
358 581 623
801 581 188
463 643 1119
122 643 1090
3 643 603
0 643 361
122 625 986
3 625 923
279 625 723
334 625 593
0 625 263
463 625 259
122 738 1167
0 738 1078
46 738 3
279 801 189
158 801 659
334 801 17
279 358 1249
463 358 688
122 358 660
3 358 506
158 358 439
46 358 232
242 46 895
373 46 16
375 122 1068
226 122 377
415 122 349
373 122 215
226 0 20
375 0 1
242 279 1227
72 279 603
373 279 568
375 279 336
226 279 313
375 3 351
72 158 737
242 158 634
373 158 327
242 334 1227
373 334 657
72 334 603
226 334 313
375 463 1300
242 463 500
226 463 496
415 463 305
297 226 1184
127 226 649
175 226 487
465 226 446
402 375 1138
465 375 884
297 375 506
127 375 313
408 375 212
408 373 1204
175 373 1162
402 373 1028
465 373 444
175 72 182
465 242 951
297 242 740
402 242 711
175 242 180
402 415 926
297 415 857
465 415 584
408 415 509
411 175 1019
289 175 930
374 175 549
208 175 455
208 402 1296
374 402 1015
339 402 327
289 402 218
374 408 1015
208 408 929
339 408 327
289 408 218
339 127 117
411 465 389
339 465 2
411 297 1069
289 297 929
339 297 766
208 297 230
374 297 206
408 208 1027
214 208 1018
154 208 907
408 374 1002
383 374 706
214 374 310
154 339 791
415 339 646
214 411 1176
383 411 1053
154 411 1051
382 411 1019
415 411 514
408 289 1002
214 289 533
415 289 335
154 289 335
101 382 1010
101 415 890
152 214 1300
96 383 534
101 408 1294
152 154 1300
