394
609 172 454
703 172 143
609 194 7
436 194 246
703 194 184
505 194 43
539 194 152
581 194 142
668 194 536
609 432 467
601 432 385
583 432 413
703 432 238
505 432 751
539 432 375
590 432 218
581 432 167
668 432 401
609 446 467
601 446 498
436 446 254
583 446 248
703 446 638
505 446 708
581 446 148
668 446 292
609 451 274
601 451 262
583 451 258
703 451 234
505 451 439
539 451 706
590 451 218
581 451 328
668 451 258
609 452 296
601 452 481
436 452 536
583 452 372
703 452 481
505 452 570
539 452 779
590 452 175
581 452 441
668 452 211
609 680 324
601 680 568
436 680 528
583 680 413
703 680 238
505 680 598
539 680 655
590 680 593
581 680 216
668 680 354
609 731 467
601 731 433
436 731 186
703 731 586
505 731 636
539 731 368
590 731 198
581 731 186
668 731 253
609 740 555
601 740 212
436 740 394
703 740 238
505 740 570
539 740 311
590 740 316
668 740 219
609 789 469
601 789 613
583 789 244
703 789 436
505 789 163
539 789 173
590 789 387
581 789 161
609 800 411
601 800 164
436 800 339
583 800 516
703 800 283
505 800 541
539 800 217
590 800 387
581 800 164
609 811 460
601 811 302
436 811 370
583 811 516
703 811 689
505 811 261
539 811 217
590 811 491
609 825 578
601 825 413
436 825 177
583 825 516
703 825 283
505 825 261
539 825 217
590 825 387
581 825 417
609 826 519
601 826 199
436 826 474
583 826 516
703 826 283
505 826 261
539 826 217
590 826 421
609 838 229
601 838 180
436 838 201
583 838 516
703 838 755
505 838 261
539 838 217
590 838 491
609 842 210
436 842 474
583 842 241
505 842 274
539 842 173
590 842 491
581 842 335
609 870 578
601 870 199
436 870 474
703 870 482
505 870 147
590 870 387
581 870 417
609 884 578
601 884 513
436 884 474
583 884 516
703 884 283
505 884 809
539 884 418
590 884 387
581 884 361
601 582 188
583 582 206
703 582 234
505 582 652
539 582 180
590 582 218
581 582 135
668 582 145
601 772 199
436 772 177
583 772 516
703 772 418
505 772 261
539 772 217
590 772 491
581 772 264
668 772 254
601 816 513
583 816 570
703 816 755
505 816 143
539 816 418
590 816 150
581 816 218
601 833 333
436 833 177
583 833 304
703 833 755
505 833 809
539 833 217
590 833 470
581 833 458
436 288 192
505 288 603
590 288 19
668 288 53
779 609 874
611 609 724
626 609 721
691 609 625
781 609 423
646 609 382
626 601 922
718 601 813
691 601 762
611 601 742
646 601 539
779 601 500
781 601 423
611 436 782
781 436 722
779 436 617
646 436 463
718 436 353
626 436 341
691 436 299
718 583 813
691 583 762
781 583 523
646 583 470
626 583 357
779 583 357
611 583 238
779 703 665
691 703 653
718 703 653
626 703 562
646 703 467
781 703 423
611 703 318
611 505 782
779 505 633
626 505 527
718 505 520
691 505 507
646 505 491
781 505 429
781 539 822
691 539 762
626 539 651
779 539 532
646 539 469
718 539 398
611 539 356
779 590 865
626 590 721
691 590 625
611 590 596
646 590 467
718 590 412
781 590 212
611 581 724
691 581 473
779 581 473
626 581 352
646 581 245
781 581 188
718 668 813
691 668 762
611 668 724
779 668 665
646 668 467
781 668 423
626 668 357
186 718 864
463 718 86
41 718 1
463 646 1133
41 646 1100
483 646 981
186 646 816
91 646 303
69 646 157
134 691 872
186 691 816
483 691 764
41 691 756
463 691 470
1 691 263
91 691 175
463 626 1133
41 626 1018
483 626 981
134 626 872
186 626 228
91 626 224
52 781 1074
483 781 134
91 781 302
134 781 29
463 611 1133
483 611 981
134 611 913
41 611 509
186 611 228
91 611 85
186 779 294
483 779 852
129 1 689
300 483 283
139 483 873
333 483 677
139 91 91
333 186 904
139 186 864
76 186 517
415 186 366
375 41 102
415 41 15
76 69 1135
129 69 123
300 69 136
375 52 3
300 52 1
333 134 904
139 134 864
129 134 725
300 134 392
375 463 1296
333 463 693
139 463 642
300 463 431
415 463 423
408 300 1219
475 300 735
307 300 593
439 300 511
355 300 501
441 300 334
408 333 1077
439 333 765
307 333 756
475 333 735
355 333 614
175 333 208
307 129 658
175 129 583
408 129 520
441 129 479
407 129 434
408 139 760
441 139 753
475 139 735
307 139 525
355 139 501
407 375 1289
475 375 684
355 375 503
441 375 474
439 375 471
408 415 1065
355 415 782
407 415 554
475 415 383
307 415 234
355 76 460
208 407 1282
360 407 775
298 407 613
267 407 245
264 175 1071
298 175 671
208 175 484
267 175 349
208 441 650
391 441 593
360 441 452
264 307 949
391 307 625
208 307 578
360 307 388
267 307 349
208 408 999
298 408 847
391 408 264
267 408 245
391 475 714
264 475 392
208 355 862
264 355 817
391 355 572
267 355 379
298 439 880
208 439 284
267 439 245
360 439 223
346 360 355
389 391 920
389 298 631
382 298 258
346 298 257
389 264 1226
346 264 1157
348 264 1029
389 267 878
346 267 878
348 267 878
101 346 1281
133 346 881
133 389 767
101 382 1146
96 341 1193
101 341 591
101 336 1281
133 336 1207
101 355 1056
101 348 1127
133 348 970
96 348 870
