410
601 189 448
404 189 164
665 189 12
668 189 109
63 189 280
109 189 211
2 189 155
601 394 294
404 394 294
511 394 178
665 394 178
63 394 700
56 394 621
109 394 731
2 394 357
601 410 326
404 410 295
668 410 202
63 410 621
56 410 1020
109 410 621
2 410 165
601 461 200
356 461 195
404 461 288
511 461 561
665 461 248
668 461 264
63 461 322
56 461 942
109 461 325
2 461 158
601 508 284
356 508 195
404 508 200
511 508 561
665 508 248
668 508 264
63 508 386
56 508 978
109 508 572
2 508 386
601 538 199
356 538 195
404 538 320
511 538 561
665 538 248
668 538 320
63 538 322
56 538 1067
109 538 288
2 538 199
601 585 199
356 585 407
404 585 288
511 585 561
665 585 416
668 585 366
63 585 700
56 585 875
109 585 731
601 597 169
404 597 288
511 597 169
665 597 477
668 597 269
63 597 269
56 597 699
109 597 296
2 597 308
601 656 360
356 656 293
404 656 295
511 656 561
665 656 248
668 656 334
63 656 700
56 656 891
109 656 731
2 656 355
601 696 205
356 696 195
404 696 288
511 696 559
665 696 248
668 696 274
63 696 413
56 696 718
109 696 241
2 696 288
601 775 166
356 775 142
404 775 427
511 775 280
665 775 209
668 775 198
63 775 340
56 775 537
109 775 187
2 775 643
601 818 362
356 818 149
404 818 174
511 818 473
668 818 198
56 818 213
109 818 427
2 818 790
601 838 166
356 838 550
404 838 469
511 838 473
665 838 432
63 838 284
56 838 239
109 838 244
2 838 531
601 853 166
356 853 550
404 853 469
511 853 237
665 853 584
668 853 112
63 853 340
56 853 537
109 853 233
2 853 224
601 867 172
356 867 149
665 867 554
63 867 268
56 867 410
109 867 427
2 867 790
601 882 362
404 882 427
511 882 221
665 882 584
668 882 280
63 882 340
56 882 537
109 882 261
2 882 234
356 227 223
63 227 165
56 227 533
109 227 107
2 227 947
356 826 139
404 826 229
511 826 397
665 826 179
668 826 171
63 826 306
56 826 464
109 826 427
2 826 447
356 890 382
404 890 427
511 890 222
665 890 176
63 890 340
56 890 537
109 890 320
2 890 135
404 8 163
665 8 129
63 8 99
56 8 574
109 8 499
2 8 12
404 277 56
511 277 1
668 277 98
56 277 1037
109 277 308
404 1012 219
668 1012 26
63 1012 393
56 1012 919
109 1012 745
691 601 517
740 601 492
611 601 472
769 601 282
787 601 254
729 601 236
63 601 134
769 356 1021
740 356 994
808 356 803
787 356 490
63 356 471
611 356 265
729 356 265
808 404 876
769 404 579
787 404 525
729 404 482
691 404 376
611 404 339
63 404 277
769 511 918
808 511 803
787 511 500
63 511 500
729 511 482
611 511 336
691 511 322
740 511 288
729 665 567
691 665 517
611 665 472
740 665 373
808 665 285
769 665 248
63 668 710
769 668 662
729 668 619
691 668 517
611 668 472
740 668 406
808 668 276
729 63 416
808 63 884
787 63 510
63 63 5
808 56 1116
769 56 382
740 56 1171
729 56 492
611 56 7
787 109 948
63 109 467
740 109 214
63 2 391
740 2 930
769 2 1183
485 787 736
490 787 830
52 787 156
230 740 919
52 740 607
485 740 191
135 740 4
463 740 4
490 740 1
135 63 665
485 63 550
497 63 1229
52 63 554
490 63 205
230 63 77
52 769 237
135 769 68
230 769 92
230 691 773
490 691 555
135 691 531
483 691 489
463 691 312
497 691 212
485 691 162
69 691 153
230 808 1021
135 808 1189
497 808 13
463 611 1148
483 611 876
230 611 773
497 611 539
135 611 531
490 611 297
485 611 162
230 729 23
456 485 847
412 485 116
412 135 562
375 135 497
368 135 448
413 135 378
50 135 360
456 135 239
139 490 50
456 490 14
139 483 972
333 483 556
412 483 254
413 483 86
50 483 1
413 230 689
375 230 521
456 230 521
50 230 369
412 230 255
456 497 265
368 497 1
333 497 1
412 497 1
413 69 18
368 69 45
50 52 287
456 52 384
375 52 1
375 463 1299
333 463 648
139 463 579
415 463 416
412 463 378
50 463 350
413 463 335
456 463 131
408 333 802
307 333 537
433 333 235
408 50 43
407 368 557
307 368 537
433 368 231
436 413 1094
416 413 1091
408 413 1067
398 413 1045
433 413 354
407 413 314
441 413 167
307 413 123
441 139 581
307 139 537
408 139 459
433 139 395
407 375 1263
416 375 529
436 375 529
441 375 416
398 375 384
433 456 23
398 412 899
436 412 899
408 412 845
433 412 431
407 412 339
441 412 206
416 412 182
408 415 894
416 415 888
436 415 776
398 415 776
407 415 517
433 415 306
208 407 1296
360 407 789
374 407 649
424 407 317
267 407 216
374 441 1186
208 441 738
360 441 418
264 307 738
360 307 406
208 307 406
267 307 337
208 408 1028
374 408 1014
424 408 379
267 408 216
208 433 1300
374 433 853
424 433 379
267 433 330
374 398 1172
208 398 531
424 398 379
360 398 244
374 436 811
208 436 777
424 436 245
267 436 216
374 416 1048
208 416 416
424 416 379
214 208 1119
326 208 300
374 208 287
379 264 487
336 264 324
326 360 903
214 360 386
326 374 830
214 374 375
379 374 220
379 267 487
326 267 435
379 424 967
355 424 600
374 424 279
134 379 1186
134 336 1297
101 336 1281
69 336 1241
69 355 1293
101 355 1075
69 415 1030
101 415 1004
101 374 888
69 374 689
134 214 1186
101 214 493
101 326 1298
69 326 534
