195
703 511 1104
189 511 1005
793 511 692
554 511 388
636 511 364
703 635 1104
189 635 1005
793 635 746
554 635 439
636 635 394
703 707 1104
189 707 1005
793 707 692
554 707 496
636 707 582
703 746 997
189 746 997
793 746 865
554 746 603
636 746 582
703 755 1070
189 755 1005
793 755 783
554 755 354
636 755 674
703 815 899
189 815 1044
793 815 740
554 815 175
636 815 899
703 838 1137
189 838 777
793 838 740
636 838 1085
703 872 466
189 872 466
793 872 466
636 872 466
189 62 1253
793 95 1002
554 95 790
636 95 809
793 359 697
554 359 151
554 177 331
636 177 755
554 240 162
636 240 778
576 703 1024
805 703 770
626 703 663
804 703 557
611 703 156
805 189 1221
576 793 964
805 793 1075
611 793 100
804 793 389
626 793 35
805 554 928
611 554 797
576 554 449
804 554 362
626 554 309
626 636 807
804 636 746
576 636 744
611 636 680
805 636 594
484 576 1251
483 576 781
134 576 701
1 576 624
169 576 176
484 805 1215
134 805 117
169 805 15
463 626 1197
483 626 1191
484 626 1161
134 626 701
169 626 241
463 611 1197
483 611 1191
484 611 1074
134 611 829
169 611 153
484 804 1280
169 804 675
483 804 47
1 804 189
129 1 859
333 483 845
139 483 752
300 483 457
412 483 317
449 484 1177
129 484 242
129 169 969
449 169 376
300 69 118
449 69 277
129 69 118
333 134 1063
129 134 921
139 134 723
300 134 525
412 134 426
449 134 296
333 463 763
300 463 590
412 463 514
139 463 432
129 463 232
449 463 227
408 300 1207
439 300 742
307 300 654
100 300 523
385 300 313
408 333 1077
439 333 999
100 333 459
307 333 420
398 333 247
436 333 247
307 129 801
100 129 739
408 129 336
408 139 803
307 139 435
100 139 282
100 449 683
439 449 169
385 449 96
385 412 1175
436 412 1043
398 412 1043
408 412 994
307 412 279
168 100 236
264 307 1018
168 307 898
303 307 850
391 307 591
208 307 480
267 307 414
208 408 978
267 408 332
391 408 290
208 385 1240
303 385 581
391 385 290
264 385 207
208 398 574
303 398 329
391 398 329
208 436 480
267 436 332
303 436 224
208 439 338
267 439 332
303 439 224
264 439 207
384 208 543
380 208 360
389 208 198
389 264 1258
346 264 1217
348 264 1128
349 264 333
389 391 1041
384 391 509
348 391 490
346 391 490
343 303 287
346 303 253
389 267 1050
346 267 1050
348 267 1050
384 168 870
380 168 174
101 343 1002
133 384 1300
96 384 722
133 389 819
101 346 1294
133 346 963
101 349 1295
133 349 1158
101 380 1284
133 380 1236
101 348 1151
133 348 996
96 348 892
