110
183 288 601
183 371 737
200 371 583
252 371 28
815 371 1138
183 398 700
200 398 602
252 398 608
815 398 974
183 505 409
200 505 452
252 505 194
815 505 1290
183 521 324
200 521 246
252 521 800
815 521 1290
183 541 409
200 541 429
252 541 800
815 541 1194
183 542 433
200 542 433
252 542 800
815 542 1290
183 600 164
200 600 427
252 600 800
815 600 1291
183 801 952
200 801 600
252 801 564
815 801 1047
183 806 952
200 806 210
252 806 244
815 806 1047
183 821 342
200 821 1058
252 821 275
815 821 693
255 183 1259
823 183 179
632 183 58
268 200 705
255 200 391
738 200 3
268 252 51
632 252 46
738 252 1
255 815 1114
823 815 1228
301 823 1253
301 738 870
353 632 1167
315 632 824
281 632 489
301 632 237
281 268 1224
315 268 1098
353 268 406
353 255 1216
281 255 1211
315 255 100
30 353 783
360 353 304
30 281 1240
360 281 347
30 315 783
360 315 628
414 315 493
30 301 849
360 301 849
415 301 342
414 301 229
408 30 7
408 360 312
416 390 1295
408 390 516
398 390 466
408 415 1040
436 415 935
398 415 935
416 415 873
436 414 1218
398 414 1181
416 414 1081
408 414 516
140 408 1120
208 408 1070
267 408 339
140 398 852
307 398 503
208 398 387
140 416 852
307 416 503
208 416 336
208 436 874
140 436 874
267 436 339
307 436 259
238 140 1182
214 208 1061
152 307 963
386 267 1220
76 152 1290
76 386 1286
200 214 1226
76 214 945
200 238 1226
