125
20 521 142
815 521 1284
346 521 644
306 521 631
20 541 584
747 541 749
815 541 1041
346 541 644
306 541 269
20 761 584
747 761 749
815 761 1264
346 761 657
306 761 110
20 815 935
747 815 442
815 815 1213
346 815 513
306 815 270
20 821 718
747 821 834
815 821 858
346 821 226
306 821 677
20 852 301
747 852 664
815 852 664
306 852 264
20 853 654
747 853 167
815 853 1183
346 853 150
306 853 1058
20 891 592
747 891 834
815 891 858
346 891 236
306 891 770
729 20 23
761 20 2
823 747 1230
729 747 1026
699 747 380
761 747 12
823 815 1269
761 815 889
729 815 16
729 346 893
761 346 767
699 346 591
761 306 1224
823 306 1223
699 306 701
729 306 690
230 823 1
230 761 41
520 761 11
230 699 1149
353 699 868
520 699 678
353 729 79
230 729 61
109 729 1
263 109 143
412 353 824
263 353 702
393 353 425
412 230 428
390 230 386
415 230 290
414 230 233
412 520 113
263 520 135
416 393 1281
412 393 1270
436 393 698
398 393 698
408 393 489
436 412 1131
398 412 1131
408 412 608
416 412 427
412 412 296
398 263 852
436 263 852
408 263 852
416 263 251
416 390 1281
412 390 1270
398 390 711
408 390 489
436 390 117
436 415 1068
398 415 1068
412 415 906
416 415 906
408 415 489
436 414 1194
398 414 1148
416 414 905
412 414 546
408 414 370
362 408 976
140 408 937
324 408 623
424 408 552
362 398 976
140 398 792
424 398 719
324 398 547
140 436 839
324 436 680
424 436 458
362 416 976
140 416 792
324 416 680
424 416 629
140 412 1132
362 412 474
324 412 397
424 412 249
238 140 1198
152 362 327
76 152 1297
152 238 1300
