153
663 365 14
253 365 596
535 365 53
815 365 1117
663 451 728
253 451 817
535 451 521
362 451 687
815 451 1260
663 521 405
253 521 734
535 521 668
362 521 551
815 521 1255
663 541 215
253 541 358
535 541 521
362 541 563
815 541 1147
663 542 215
253 542 734
535 542 521
362 542 338
815 542 1260
663 553 728
253 553 770
535 553 521
362 553 436
815 553 1188
663 604 293
253 604 734
535 604 521
815 604 1108
663 616 728
253 616 890
535 616 404
362 616 551
815 616 1190
663 694 400
253 694 586
535 694 477
362 694 551
815 694 586
663 1013 143
253 1013 189
535 1013 1061
362 1013 1
535 989 635
815 989 1082
823 663 1108
172 663 795
605 663 684
716 663 514
785 663 252
605 253 800
172 253 506
172 535 1059
605 535 560
785 535 440
823 535 372
716 535 260
172 362 1059
605 362 762
823 362 438
785 362 316
716 362 217
823 815 1244
172 815 1
301 823 1275
185 716 1114
228 716 57
301 716 3
522 785 1073
185 785 11
522 172 1170
185 172 524
478 172 984
228 172 191
478 605 1029
185 605 842
522 605 711
228 605 443
301 605 222
412 478 796
184 228 1029
412 228 856
13 228 626
13 185 878
412 185 690
375 185 572
184 185 251
412 522 1143
184 522 307
13 301 902
375 301 838
412 301 693
184 301 353
415 301 250
408 184 704
462 184 604
398 184 552
416 184 486
436 184 310
462 13 959
402 412 1104
436 412 1104
398 412 1104
408 412 1065
416 412 281
402 375 1183
436 375 562
416 375 562
398 375 552
402 415 906
436 415 906
398 415 906
408 415 899
416 415 760
402 414 1130
398 414 1111
436 414 1105
416 414 810
408 414 388
462 414 202
402 462 1163
208 462 553
267 462 77
168 462 221
208 402 1299
402 402 666
267 402 445
208 408 1070
402 408 832
267 408 445
208 436 927
267 436 445
402 436 254
208 398 532
402 398 532
267 398 194
402 416 499
208 416 499
342 208 1012
330 208 331
342 402 570
330 402 410
349 402 410
330 168 594
342 168 587
134 330 813
134 342 1299
152 342 1143
134 349 813
