156
388 768 828
806 768 186
754 768 256
239 768 474
155 768 256
388 770 1027
806 770 144
754 770 618
239 770 474
155 770 572
388 794 687
754 794 618
239 794 251
155 794 210
388 832 539
806 832 420
754 832 200
239 832 474
155 832 175
388 834 491
806 834 567
754 834 446
239 834 474
155 834 257
388 852 351
806 852 562
754 852 200
239 852 474
155 852 137
388 886 631
806 886 340
754 886 340
239 886 474
155 886 631
806 35 901
239 35 1139
155 35 83
806 183 1136
239 183 578
155 183 1042
239 370 126
155 370 442
375 388 1127
742 388 838
726 388 617
700 388 615
788 388 343
788 806 1146
700 806 217
375 754 1152
700 754 603
742 754 966
788 754 5
726 754 2
726 239 1299
700 239 749
726 155 1288
700 155 859
375 155 18
457 742 1104
322 742 864
416 742 93
416 788 851
416 726 1107
37 726 1294
457 726 86
37 375 600
416 375 565
151 375 544
457 375 518
463 700 1246
416 700 1064
457 700 447
322 700 427
151 700 391
375 416 1176
39 416 856
424 416 842
375 457 1293
424 457 1113
77 457 773
39 322 1211
77 322 1094
424 322 466
375 322 395
375 151 787
424 151 486
375 463 1299
77 463 1108
39 463 257
424 463 218
407 375 1286
442 375 1250
447 375 1111
402 375 796
416 375 673
402 77 291
442 77 50
407 77 52
407 424 1162
416 424 757
226 424 445
271 424 436
442 424 217
402 424 217
226 39 603
271 39 104
208 407 1300
436 407 654
437 407 567
424 407 359
208 447 1300
424 447 410
437 447 317
436 447 195
208 226 455
208 442 1293
437 442 210
424 271 740
436 271 582
437 271 498
208 271 387
208 402 1300
424 402 207
424 416 395
437 416 317
208 416 286
214 208 1216
388 208 1037
342 208 1037
330 208 415
340 208 415
342 424 714
388 424 714
330 424 266
340 424 266
214 436 1234
330 436 1221
388 436 1120
340 436 673
342 436 210
214 437 1234
388 437 1100
330 437 1100
342 437 996
340 437 886
69 330 1105
134 330 861
134 342 1299
152 342 1158
69 342 1007
152 214 1300
134 214 1262
134 340 1115
134 388 1227
69 388 874
