101
774 500 978
795 500 807
775 500 1197
31 500 1070
774 513 536
795 513 1093
775 513 998
31 513 822
774 639 749
795 639 724
775 639 1203
31 639 1081
774 734 302
795 734 1180
775 734 1221
31 734 302
774 769 396
795 769 927
775 769 1235
31 769 697
774 787 1024
795 787 927
775 787 1197
31 787 780
774 856 1024
795 856 989
775 856 1235
31 856 212
774 860 1024
795 860 927
775 860 1235
31 860 562
737 774 1189
704 774 35
706 795 478
821 795 237
737 795 218
704 775 949
706 775 1219
821 31 1053
466 821 1166
521 821 58
466 704 1103
504 704 111
217 704 32
521 704 44
521 706 924
504 706 1097
466 706 150
217 706 174
217 737 1129
466 737 1229
521 737 7
187 466 159
409 466 1030
412 466 556
409 217 654
403 217 411
187 217 278
409 504 599
412 504 394
409 521 795
187 521 955
416 187 927
436 187 887
412 187 419
398 187 356
416 403 1214
412 403 1208
398 403 1035
436 403 385
416 409 1214
412 409 1208
436 409 560
398 409 214
436 412 1114
398 412 1106
416 412 549
412 412 425
436 414 1133
398 414 1106
416 414 763
412 414 749
324 398 455
208 398 414
208 436 720
324 436 455
267 436 270
208 416 484
324 416 455
267 412 270
324 412 254
208 412 194
214 208 1047
154 208 849
154 267 599
214 324 420
152 214 1300
76 214 1100
152 154 1300
76 154 672
