152
663 466 228
605 466 195
665 466 733
815 466 1292
57 466 770
663 521 886
605 521 749
665 521 308
815 521 1187
57 521 770
663 541 511
605 541 203
665 541 495
815 541 1272
57 541 770
663 553 535
605 553 535
665 553 473
815 553 1279
57 553 770
663 604 247
605 604 358
665 604 321
815 604 1268
57 604 770
663 669 715
605 669 715
665 669 418
815 669 1283
57 669 770
663 707 614
605 707 453
665 707 239
815 707 1274
57 707 770
663 794 620
605 794 563
665 794 373
815 794 749
57 794 741
663 815 490
605 815 563
665 815 342
815 815 1103
57 815 258
663 856 620
605 856 563
665 856 268
815 856 663
57 856 741
605 375 58
665 375 384
823 663 1157
752 663 835
821 663 446
758 663 404
726 663 325
823 605 887
758 605 528
821 605 491
752 605 337
823 665 1269
752 665 876
758 665 438
821 665 227
752 815 845
823 815 1275
758 815 311
360 815 36
821 815 12
726 57 943
821 57 854
758 57 6
301 823 1291
2 823 1031
259 823 1
259 360 881
463 360 411
46 360 317
259 821 36
2 758 1291
46 758 136
301 752 1273
258 726 555
259 726 925
107 2 1277
107 46 241
403 46 159
413 259 597
107 259 496
403 259 340
413 258 1127
403 258 230
413 301 524
415 301 348
414 301 206
414 463 1299
413 463 568
415 463 494
403 463 219
107 463 112
408 107 3
416 403 1258
398 403 972
402 403 474
436 403 474
408 403 396
402 413 1185
436 413 1161
398 413 1161
416 413 1101
408 413 1086
402 415 878
398 415 878
436 415 878
408 415 843
416 415 832
402 414 1185
436 414 1161
398 414 1133
416 414 931
408 414 396
140 402 1300
208 402 1299
324 402 329
267 402 248
381 402 234
208 408 1092
140 408 862
324 408 623
381 408 399
267 408 248
140 436 960
208 436 960
324 436 619
381 436 263
267 436 248
140 398 832
208 398 576
324 398 535
381 398 399
140 416 832
324 416 619
208 416 375
381 416 375
238 140 1170
214 208 1074
214 381 728
200 214 1145
76 214 829
76 152 1292
200 238 1145
