174
718 204 695
170 204 13
239 204 54
718 225 1175
272 225 15
360 225 950
718 228 85
170 228 1079
239 228 487
718 476 165
170 476 566
272 476 302
239 476 1144
360 476 812
718 483 465
170 483 1103
272 483 250
239 483 726
360 483 452
718 557 432
170 557 1150
272 557 302
239 557 1031
360 557 439
718 770 154
170 770 963
272 770 724
239 770 635
360 770 395
718 786 325
170 786 1038
272 786 1131
239 786 871
360 786 415
718 809 1046
170 809 164
272 809 852
239 809 686
360 809 469
718 822 944
170 822 1038
272 822 1131
239 822 901
360 822 207
718 831 1151
170 831 634
272 831 634
239 831 527
360 831 697
718 834 1157
170 834 1126
272 834 431
239 834 686
360 834 913
718 852 805
170 852 758
272 852 553
239 852 777
360 852 469
726 718 40
605 718 642
729 718 587
716 170 534
748 170 1285
729 272 1249
605 272 1029
748 272 958
726 272 686
716 272 429
716 239 303
748 239 753
726 239 1289
716 360 995
748 360 958
726 360 691
729 360 345
185 716 1108
228 716 32
198 748 201
185 748 79
297 748 1
198 726 251
185 726 64
185 605 895
228 605 491
297 605 473
297 729 864
184 228 697
154 228 631
263 228 394
154 185 704
375 185 591
184 185 398
375 198 1109
184 198 1105
154 198 666
154 297 631
375 297 560
184 297 512
263 297 292
416 375 775
436 375 592
68 375 539
348 375 411
226 375 319
68 184 688
388 184 442
416 184 418
348 184 411
436 184 325
226 184 319
356 184 238
68 263 777
356 263 711
436 263 711
348 263 640
388 263 466
226 263 378
68 154 688
436 154 607
356 154 607
388 154 498
348 154 411
416 390 1199
356 390 436
226 390 267
416 415 717
436 415 607
226 415 267
324 68 580
402 68 212
417 226 1254
402 226 564
208 226 342
324 226 261
417 388 1207
324 388 676
208 388 490
402 388 274
402 348 1069
417 348 1069
324 348 445
208 348 342
324 356 796
402 356 597
417 356 181
324 416 908
417 416 455
208 416 420
402 416 420
324 436 908
208 436 841
402 436 352
417 436 310
342 208 1111
330 208 460
342 402 742
379 402 615
343 402 539
330 402 439
330 417 1173
379 417 1068
342 417 742
343 417 367
342 324 930
379 324 601
343 324 469
330 324 395
69 343 1156
69 330 1133
134 330 999
134 342 1297
69 342 1076
134 379 1264
