253
183 158 595
665 158 247
747 158 13
131 158 1098
183 419 1039
665 419 367
520 419 241
747 419 818
128 419 511
278 419 580
131 419 412
183 442 1039
665 442 243
520 442 235
747 442 818
128 442 773
278 442 580
131 442 208
183 483 1039
665 483 358
520 483 143
747 483 818
128 483 511
278 483 580
131 483 412
183 509 954
665 509 565
520 509 373
747 509 818
128 509 605
278 509 580
131 509 207
183 518 1039
665 518 367
747 518 818
128 518 511
278 518 580
131 518 368
183 529 1039
665 529 243
520 529 274
747 529 226
128 529 522
278 529 545
131 529 223
183 553 1039
665 553 318
520 553 373
747 553 557
128 553 511
278 553 259
131 553 318
183 591 536
665 591 473
520 591 373
747 591 818
128 591 393
278 591 580
131 591 212
183 599 741
665 599 367
520 599 373
747 599 818
128 599 393
278 599 580
131 599 290
183 634 992
665 634 367
520 634 230
747 634 803
128 634 511
278 634 580
131 634 208
183 654 1039
665 654 624
747 654 435
128 654 589
278 654 178
131 654 195
183 673 1039
665 673 243
520 673 415
747 673 633
128 673 511
278 673 632
131 673 164
183 746 1039
665 746 243
520 746 580
747 746 458
128 746 511
278 746 458
131 746 263
183 747 1039
665 747 506
520 747 303
747 747 567
128 747 511
278 747 440
131 747 164
198 183 419
255 183 861
777 183 550
758 183 265
823 183 88
484 183 1
823 665 737
758 665 563
777 665 529
484 665 192
198 665 180
484 520 736
777 520 728
823 520 728
758 520 728
198 520 394
255 520 387
823 747 635
255 747 136
777 747 2
484 747 29
198 128 62
777 128 170
823 128 323
255 128 127
758 278 1054
777 278 1001
823 278 888
198 278 522
255 278 458
484 278 406
823 131 320
2 823 972
262 198 540
109 198 998
154 198 1036
198 198 301
32 198 11
198 777 633
262 777 572
154 777 111
198 484 605
32 484 566
154 484 373
2 484 340
262 484 148
463 484 138
2 758 1227
198 758 144
109 255 748
198 255 890
262 255 39
154 255 67
241 32 617
133 32 12
104 32 2
107 2 1284
30 109 931
133 109 197
241 109 12
30 262 1059
104 262 330
107 262 298
133 262 255
241 262 244
375 262 235
30 198 1115
375 198 980
104 198 692
107 198 486
241 198 299
133 198 299
375 154 768
30 154 640
133 154 532
107 154 394
104 154 364
241 154 325
375 463 1299
415 463 353
107 463 320
30 463 257
104 463 221
114 107 356
139 107 1259
407 107 33
114 30 634
407 30 3
442 375 1264
407 375 1264
402 375 931
114 375 563
416 375 529
139 375 481
114 241 1149
139 241 512
407 241 345
442 241 330
114 133 550
407 133 386
402 415 843
416 415 811
407 415 646
442 415 185
402 104 1169
139 104 1292
273 442 1294
140 442 1294
208 442 1294
206 442 972
265 442 947
324 442 206
273 407 1300
140 407 1300
208 407 1297
206 407 750
265 407 666
324 407 507
273 114 1
324 351 659
140 351 291
208 351 268
428 351 262
273 351 262
140 402 1300
273 402 1300
208 402 1297
206 402 1183
265 402 947
324 402 206
140 139 39
324 139 50
208 139 1
206 416 1254
265 416 947
140 416 646
324 416 507
208 416 407
273 416 371
238 140 1124
214 208 1185
214 273 1185
368 265 1224
214 265 432
368 428 888
214 428 640
214 324 534
368 206 740
152 368 720
152 214 1300
76 214 769
152 238 1300
76 238 590
