125
24 410 1051
63 410 207
340 410 258
490 410 369
210 410 1069
24 592 1109
63 592 202
490 592 711
210 592 1069
24 633 1231
63 633 688
340 633 224
490 633 301
210 633 808
24 645 1104
63 645 688
340 645 469
490 645 128
210 645 808
24 664 1036
63 664 688
340 664 553
490 664 633
210 664 1069
24 773 1001
63 773 167
340 773 141
490 773 958
210 773 598
24 784 652
63 784 533
340 784 660
490 784 958
210 784 850
63 937 980
210 924 442
758 24 1297
315 24 555
675 63 990
640 63 608
315 340 956
640 340 667
693 340 515
758 340 442
675 340 405
315 490 956
758 490 787
675 490 762
693 490 515
640 490 499
758 210 819
640 210 436
365 640 1254
416 640 862
228 640 376
186 640 210
232 640 148
365 675 1254
416 675 1010
186 675 995
232 675 602
228 675 493
186 758 234
232 758 31
365 758 1
365 693 1003
186 693 995
416 693 704
232 693 602
228 693 418
365 315 1269
232 315 786
186 315 736
416 315 496
228 315 459
107 228 1016
184 228 761
104 228 484
375 416 1119
107 365 1141
375 365 571
104 365 471
184 365 275
104 186 1177
107 186 1089
184 186 275
107 232 782
104 232 484
375 232 350
139 107 1284
407 107 21
407 375 1278
442 375 1263
402 375 1062
416 375 667
139 375 654
436 375 538
408 184 600
416 184 300
436 184 260
407 415 965
402 415 924
416 415 789
408 415 782
436 415 540
402 104 1146
139 104 1293
408 104 12
208 442 1294
208 407 1294
417 407 239
402 407 188
208 402 1294
402 402 641
208 408 1051
402 408 755
208 436 1042
417 436 166
402 436 147
403 416 624
417 416 453
208 416 412
402 416 253
76 216 1299
152 216 1219
