149
673 541 783
346 541 692
726 541 692
581 541 678
409 541 619
673 851 833
346 851 493
726 851 785
581 851 766
409 851 1106
673 853 456
346 853 958
726 853 766
581 853 316
409 853 1106
673 854 1179
346 854 924
726 854 801
581 854 316
409 854 1106
673 878 405
346 878 630
726 878 137
581 878 674
409 878 760
673 879 471
346 879 630
726 879 133
581 879 674
409 879 1106
346 916 906
409 916 277
593 673 707
588 673 665
605 673 595
699 673 580
605 346 955
588 346 922
699 346 922
593 346 718
588 726 75
593 581 787
699 581 469
588 581 469
605 581 384
605 409 1150
699 409 692
588 409 524
469 593 1060
135 593 800
256 593 777
414 593 689
456 593 577
469 588 1060
414 588 880
135 588 800
256 588 777
456 588 745
414 699 1206
469 699 1060
456 699 1059
256 699 777
135 699 668
469 605 1060
256 605 777
456 605 684
135 605 668
414 605 615
412 456 733
422 456 401
412 135 816
422 135 640
337 135 352
402 135 296
412 469 563
422 469 971
337 469 598
402 469 13
412 256 1040
402 256 647
337 256 317
422 256 314
415 414 1123
402 414 792
412 414 733
422 414 306
208 422 728
309 422 304
180 422 154
408 337 867
309 337 606
208 337 572
180 337 509
193 337 490
180 402 784
208 402 728
408 402 567
309 402 510
408 412 755
208 412 649
180 412 569
408 415 992
208 415 717
180 415 569
309 415 503
255 208 1040
298 208 672
362 208 468
440 208 331
362 408 1009
298 408 888
440 408 685
424 408 560
255 408 257
255 309 1009
362 309 940
298 309 446
440 309 334
255 193 1097
440 193 800
424 193 800
298 193 486
362 193 370
424 180 668
440 180 668
255 180 564
298 180 486
362 180 370
406 424 1250
379 424 1015
385 424 1013
406 440 1250
379 440 1015
385 440 1013
385 255 598
344 255 598
344 298 921
379 298 833
385 298 728
326 298 205
344 362 934
379 362 306
101 344 1298
70 344 864
101 379 1059
101 385 1102
101 326 1298
70 326 586
101 406 1158
