216
279 505 189
747 505 212
665 505 409
239 505 252
815 505 1257
306 505 311
717 505 578
279 521 189
747 521 256
665 521 256
239 521 312
815 521 1257
306 521 311
717 521 578
279 541 279
747 541 602
665 541 409
239 541 839
815 541 839
306 541 188
717 541 752
279 600 179
747 600 716
665 600 438
815 600 1257
306 600 143
717 600 213
279 603 223
747 603 235
665 603 375
239 603 646
815 603 1219
306 603 204
717 603 646
279 760 347
747 760 746
665 760 362
239 760 347
815 760 1137
306 760 293
279 821 229
747 821 707
665 821 306
239 821 366
815 821 671
306 821 807
717 821 154
279 851 120
747 851 174
665 851 527
239 851 366
815 851 972
306 851 457
717 851 672
279 852 283
747 852 707
665 852 549
239 852 310
815 852 671
306 852 343
717 852 550
747 542 738
665 542 409
239 542 303
815 542 1257
717 542 274
747 891 707
665 891 559
239 891 339
815 891 671
306 891 635
717 891 672
665 794 243
239 794 305
815 794 635
306 794 254
717 794 672
665 981 29
239 981 15
815 981 341
306 981 25
605 279 604
671 279 547
729 279 472
752 279 423
699 279 361
823 279 281
729 747 626
823 747 1070
699 747 240
823 665 1075
752 665 946
729 665 728
671 665 378
699 665 136
752 239 281
823 815 1155
752 815 911
671 815 377
729 815 4
823 306 1080
671 306 818
752 306 818
605 306 579
729 306 409
699 306 379
729 717 362
605 717 209
699 717 119
752 717 103
301 823 1203
230 823 2
230 671 960
463 671 390
4 671 317
301 671 210
32 671 138
230 699 960
4 699 510
353 699 501
463 699 304
301 752 1108
4 752 82
230 752 9
230 605 960
353 605 695
463 605 476
4 605 195
301 605 193
230 729 47
353 729 40
107 46 202
412 46 47
412 353 627
375 353 432
107 353 341
390 230 362
412 230 265
415 230 254
375 301 616
412 301 265
415 301 254
414 463 1296
375 463 1294
390 463 1097
415 463 353
107 463 171
412 463 171
408 107 2
402 375 1153
436 375 621
416 375 621
398 375 432
412 375 349
416 390 1263
412 390 1227
402 390 1115
398 390 540
408 390 446
436 412 1034
398 412 1034
402 412 953
408 412 843
416 412 443
412 412 256
398 415 968
436 415 968
402 415 953
416 415 939
412 415 939
408 415 556
436 414 1121
398 414 1088
402 414 1017
416 414 983
412 414 465
408 414 446
208 408 878
324 408 577
424 408 530
267 408 359
208 402 1296
267 402 359
324 402 284
424 402 150
424 398 667
324 398 554
208 398 383
267 398 179
208 436 821
324 436 554
267 436 359
424 436 325
424 416 568
324 416 554
208 416 308
267 412 359
324 412 284
424 412 232
388 208 907
342 208 907
340 208 282
379 424 971
388 424 627
342 424 627
340 424 310
379 267 495
388 324 624
342 324 624
379 324 495
134 342 1299
152 342 1144
76 152 1279
134 340 947
134 388 1156
134 379 1156
