338
39 257 606
657 257 199
202 257 806
671 257 33
39 423 847
48 423 1157
685 423 267
128 423 267
657 423 183
202 423 845
671 423 429
525 423 654
39 459 847
48 459 1157
685 459 491
128 459 307
657 459 328
202 459 845
671 459 429
525 459 225
39 473 1017
48 473 349
685 473 245
128 473 479
657 473 235
202 473 831
671 473 252
525 473 343
39 501 847
48 501 1157
685 501 491
128 501 207
202 501 845
671 501 429
525 501 185
39 514 377
48 514 588
685 514 546
128 514 616
657 514 323
202 514 553
671 514 227
39 581 847
48 581 1157
685 581 381
128 581 290
657 581 230
202 581 845
671 581 429
525 581 258
39 673 563
48 673 903
685 673 546
128 673 207
202 673 540
671 673 143
525 673 379
39 773 123
48 773 636
685 773 409
128 773 482
657 773 283
202 773 440
671 773 434
525 773 171
39 782 594
48 782 369
685 782 409
128 782 121
657 782 229
202 782 636
671 782 498
525 782 283
39 784 594
685 784 409
657 784 232
202 784 737
671 784 474
525 784 171
39 820 314
48 820 369
685 820 219
128 820 299
657 820 304
202 820 588
525 820 189
39 821 312
48 821 587
685 821 505
128 821 121
657 821 600
202 821 737
671 821 519
39 860 467
48 860 567
685 860 892
657 860 314
202 860 737
671 860 474
39 861 438
48 861 636
685 861 409
128 861 482
657 861 283
202 861 737
671 861 474
39 865 467
48 865 369
685 865 275
128 865 405
657 865 314
202 865 737
671 865 716
525 865 172
39 876 594
685 876 409
128 876 482
657 876 283
202 876 737
671 876 498
525 876 120
39 878 594
48 878 636
685 878 409
128 878 369
657 878 314
202 878 737
671 878 474
525 878 342
39 883 438
48 883 277
685 883 348
128 883 404
657 883 282
671 883 498
658 39 89
621 39 430
558 39 597
767 48 371
656 48 15
629 48 1
621 685 1036
629 685 595
729 685 583
656 685 565
579 685 494
767 685 419
695 685 222
658 685 120
729 128 662
579 128 389
767 128 424
703 128 6
558 128 1
621 657 1043
629 657 812
729 657 571
656 657 553
695 657 553
767 657 504
579 657 374
703 657 235
658 657 127
656 202 101
767 202 18
579 671 943
629 671 649
729 671 649
656 671 633
621 671 543
695 671 344
767 671 214
703 671 188
658 671 139
767 525 768
621 525 465
695 525 386
558 525 386
656 525 364
579 525 300
703 525 276
729 525 226
629 525 188
416 656 622
463 656 376
93 656 262
32 656 131
109 579 1092
54 579 368
463 579 228
416 579 184
109 621 994
416 621 741
54 621 368
93 621 262
416 658 1104
109 658 1018
93 658 262
54 658 79
93 767 956
109 767 26
416 695 1104
463 695 357
93 695 262
292 695 208
54 703 851
416 703 617
93 703 262
109 703 153
416 629 1104
54 629 851
93 629 752
109 629 174
463 629 123
93 729 429
416 729 54
109 729 6
54 558 611
416 558 548
93 558 441
109 558 265
32 558 265
375 416 992
387 416 823
402 416 540
72 416 177
402 54 295
239 54 650
72 32 1236
402 32 16
239 109 1020
72 109 17
387 109 3
239 292 967
375 292 396
72 292 253
72 93 191
375 463 1299
414 463 1248
77 463 835
390 463 784
415 463 401
402 463 167
407 375 1263
447 375 945
402 375 901
416 375 741
436 375 680
398 375 477
408 375 256
402 77 386
407 77 40
407 72 8
447 402 1045
402 402 726
416 402 706
407 402 278
408 402 275
407 415 821
408 415 773
402 415 726
416 415 676
398 415 602
436 415 602
407 390 1280
402 390 1220
416 390 1178
398 390 441
408 390 419
408 239 436
436 387 954
402 387 821
398 387 821
416 387 745
408 387 599
407 387 425
447 387 404
398 414 1037
436 414 1021
402 414 988
416 414 682
407 414 369
408 414 212
273 447 1300
208 447 1292
206 447 1079
424 447 477
267 447 351
273 407 1300
208 407 1292
206 407 799
424 407 447
267 407 351
273 402 1300
208 402 1292
206 402 1222
267 402 351
206 408 1094
208 408 1000
273 408 932
424 408 477
267 408 351
273 436 1197
206 436 1110
208 436 976
267 436 351
424 436 249
206 398 1261
208 398 694
273 398 694
424 398 632
267 398 162
206 416 1261
424 416 549
273 416 549
208 416 378
379 424 941
355 424 651
342 424 651
330 424 324
349 424 213
342 208 965
330 208 273
379 273 358
379 267 442
342 206 1176
379 206 649
134 342 1289
152 342 1167
69 342 990
69 343 1077
69 330 1113
134 330 819
69 349 990
134 349 819
69 355 1287
69 415 1077
134 379 1178
