161
774 291 915
751 291 1219
775 291 964
774 475 1217
751 475 774
720 475 1217
775 475 774
774 503 1089
751 503 662
720 503 1089
775 503 778
774 508 711
751 508 801
720 508 659
775 508 801
774 562 830
751 562 830
720 562 830
775 562 695
774 569 1291
751 569 454
720 569 1211
774 609 1254
751 609 819
720 609 1254
775 609 761
774 667 976
751 667 306
720 667 976
775 667 795
774 789 725
751 789 733
720 789 1149
775 789 222
774 843 926
751 843 710
720 843 1092
774 851 1059
751 851 710
720 851 1092
775 851 751
774 940 208
751 940 1067
775 940 551
779 774 1231
60 774 373
754 774 90
168 774 2
168 751 1114
698 751 1
779 720 1125
60 775 673
779 775 481
754 775 365
758 775 451
698 775 18
168 775 12
521 754 1099
504 754 1008
472 754 1153
381 754 92
504 698 659
472 698 484
217 698 284
521 698 245
25 758 487
472 758 5
472 60 695
521 60 33
504 60 281
25 60 422
217 60 14
504 779 11
25 168 1181
504 168 1
107 25 959
413 25 8
409 472 300
412 472 322
409 504 610
412 504 472
107 504 58
413 504 12
413 217 663
409 217 661
107 217 200
409 381 661
412 381 571
413 381 293
409 521 834
413 521 178
408 107 12
408 409 1169
416 409 1153
355 409 1004
436 409 636
398 409 212
398 413 1203
436 413 1202
408 413 1138
416 413 1075
355 413 317
398 412 1203
436 412 1202
408 412 1125
355 412 1004
416 412 657
398 414 1203
436 414 1202
416 414 1031
355 414 939
408 414 623
255 398 1141
233 398 775
324 398 441
267 398 270
255 436 1094
233 436 1071
267 436 517
324 436 441
255 408 758
233 408 688
324 408 527
267 408 517
233 416 1071
324 416 441
267 416 270
255 416 267
233 355 1143
255 355 1130
267 355 664
264 355 599
324 355 421
348 264 1132
389 264 1125
346 264 1092
379 264 366
348 255 578
389 255 242
343 255 242
379 233 616
389 233 248
346 233 248
348 233 248
346 267 958
389 267 958
348 267 958
379 267 366
389 324 734
348 324 734
346 324 734
379 324 366
349 324 364
343 324 314
69 343 1019
69 349 906
134 349 885
69 389 1019
134 346 985
134 379 1175
69 348 1019
