206
436 14 632
551 14 952
436 380 144
486 380 705
551 380 105
702 380 17
436 421 667
486 421 809
769 421 226
551 421 410
581 421 505
702 421 375
436 478 242
486 478 751
769 478 672
551 478 471
581 478 672
436 583 431
486 583 628
769 583 860
551 583 410
581 583 937
702 583 243
436 649 308
486 649 565
769 649 505
551 649 471
581 649 505
702 649 564
436 747 405
486 747 405
769 747 832
551 747 565
581 747 832
702 747 375
436 833 305
486 833 429
769 833 1073
551 833 501
581 833 448
702 833 452
436 852 180
486 852 176
769 852 516
551 852 343
581 852 389
702 852 452
436 881 180
486 881 127
769 881 613
551 881 343
581 881 668
702 881 452
436 995 501
769 995 23
551 995 812
581 995 356
486 329 90
769 329 14
551 329 871
702 329 4
486 789 300
769 789 228
551 789 145
581 789 228
769 250 391
702 250 595
781 436 848
738 436 723
643 436 436
680 436 243
738 486 1013
627 486 1013
781 486 837
643 486 498
680 486 311
680 769 29
627 769 57
738 551 1046
627 551 1046
781 551 848
680 551 624
643 551 283
643 581 1219
738 581 1172
627 581 969
680 581 420
781 581 240
738 702 1157
643 702 1157
627 702 969
680 702 811
781 702 110
122 643 1184
373 643 1058
284 643 974
375 643 173
122 627 1172
373 627 1058
284 627 974
13 627 449
138 627 120
13 738 1275
373 738 1255
122 738 1234
138 781 1058
375 781 141
122 781 1
284 680 951
138 680 838
375 680 452
373 680 225
122 680 225
13 680 160
375 373 1248
213 373 661
226 373 393
316 373 263
375 122 1202
211 122 1118
213 122 661
226 122 393
341 122 272
316 122 263
211 375 706
307 375 663
375 375 408
316 375 379
375 13 1299
226 13 1
375 284 1282
341 284 843
226 284 738
316 284 263
375 138 1116
341 138 712
226 138 558
316 138 475
211 138 439
465 211 844
297 211 631
175 211 270
297 316 945
402 316 777
465 316 645
175 316 461
465 213 1193
297 213 1068
408 213 358
175 213 280
402 375 1220
465 375 786
297 375 739
297 226 1220
465 226 547
175 226 305
297 341 1167
175 341 732
465 341 732
408 341 447
408 307 1249
175 307 1187
465 307 715
297 307 713
475 175 1183
411 175 1000
310 175 975
208 175 538
339 175 160
208 402 1297
339 402 407
475 402 311
310 402 221
208 408 1048
475 408 510
310 408 489
339 408 407
475 465 1242
411 465 162
339 465 1
411 297 968
475 297 868
339 297 664
208 297 253
154 208 955
374 208 386
326 208 376
152 475 1140
326 475 1
154 310 316
154 339 933
152 339 929
374 339 354
154 411 1090
341 411 1068
382 411 1032
374 411 451
326 411 371
76 152 1277
101 382 965
101 341 799
152 374 1242
101 374 898
101 326 1290
152 154 1300
76 154 695
