263
183 5 108
24 5 69
705 5 722
136 5 227
183 41 2
344 41 6
810 41 40
183 101 829
24 101 616
344 101 79
810 101 270
705 101 260
183 204 361
170 204 12
810 204 15
136 204 58
183 257 896
24 257 99
810 257 771
136 257 203
183 447 644
24 447 547
170 447 222
344 447 491
810 447 126
705 447 644
136 447 644
183 476 723
24 476 360
170 476 380
344 476 445
810 476 420
705 476 535
136 476 723
183 528 767
24 528 360
170 528 493
344 528 292
810 528 281
705 528 493
136 528 761
183 531 439
24 531 360
170 531 427
344 531 491
810 531 419
705 531 281
136 531 376
183 599 736
24 599 639
170 599 919
344 599 261
810 599 116
705 599 919
136 599 948
183 609 470
24 609 683
170 609 943
344 609 261
810 609 520
705 609 943
136 609 827
183 674 613
24 674 547
170 674 254
344 674 462
810 674 219
705 674 613
136 674 613
183 698 470
24 698 683
170 698 1002
344 698 318
810 698 203
705 698 970
136 698 773
183 758 736
24 758 547
170 758 1001
344 758 445
810 758 818
705 758 970
136 758 846
183 782 154
24 782 456
170 782 649
344 782 346
810 782 588
136 782 372
183 811 381
24 811 157
170 811 424
344 811 346
810 811 426
705 811 134
136 811 684
183 819 235
170 819 775
344 819 346
810 819 357
136 819 895
183 894 381
170 894 553
344 894 346
810 894 235
705 894 166
136 894 474
170 957 1130
726 183 628
162 183 274
758 183 106
774 183 84
758 24 1258
726 24 753
680 24 22
758 170 802
748 170 1271
716 170 231
774 170 199
235 170 183
162 170 1
726 344 793
748 344 688
716 344 682
235 344 635
774 344 612
680 344 451
758 344 247
162 344 242
680 810 36
726 810 3
235 705 780
162 705 828
748 705 299
726 136 1107
758 136 724
716 136 579
162 136 678
774 136 708
150 716 148
185 716 861
259 716 346
200 716 33
97 748 965
198 748 364
200 748 191
185 748 26
259 748 2
259 774 575
200 774 205
97 774 189
150 774 127
259 162 1251
97 162 1288
198 162 32
200 162 15
97 758 1147
150 758 955
200 758 110
198 758 70
259 235 1088
200 235 465
198 235 8
198 726 349
259 726 1198
185 726 11
259 680 845
200 680 437
185 680 303
198 680 239
97 680 198
30 200 764
154 200 521
107 200 416
30 259 764
39 259 734
29 259 453
107 259 349
154 259 218
39 185 1004
29 185 717
154 185 487
30 185 426
375 185 381
107 185 334
107 97 402
39 97 92
30 97 54
30 150 764
107 150 751
29 150 717
154 150 441
39 150 381
375 198 1061
30 198 1043
29 198 521
154 198 461
107 198 436
39 198 303
407 107 52
348 30 520
407 30 9
408 30 2
407 375 1276
442 375 1271
416 375 636
436 375 579
398 375 415
442 39 1
408 154 505
436 154 505
356 154 505
398 154 505
348 154 224
407 415 939
408 415 860
416 415 670
436 415 657
398 415 657
208 442 1280
324 442 293
208 407 1293
324 407 685
436 407 290
437 407 290
208 408 943
324 408 576
208 348 490
437 348 444
436 348 395
324 348 202
324 356 615
437 356 444
436 356 395
208 356 261
208 436 874
324 436 685
208 398 606
324 398 520
437 398 195
436 398 195
324 416 685
208 416 349
388 208 975
330 208 367
340 208 367
388 436 1165
330 436 1099
349 436 584
340 436 493
388 437 1101
330 437 1042
340 437 1011
349 437 584
388 324 829
349 324 536
330 168 634
388 168 1120
340 168 1097
134 330 832
134 349 832
134 340 954
134 388 1186
