201
244 463 608
183 463 664
20 463 373
359 463 197
244 476 725
183 476 578
20 476 373
359 476 295
278 476 290
244 483 1072
183 483 1072
20 483 373
359 483 197
278 483 290
244 506 534
183 506 893
20 506 553
359 506 143
278 506 213
244 511 612
183 511 612
20 511 373
359 511 295
278 511 270
244 599 769
183 599 1004
20 599 371
359 599 295
278 599 367
244 746 946
183 746 946
20 746 408
278 746 472
244 761 331
183 761 582
20 761 553
359 761 197
278 761 195
244 782 651
183 782 251
20 782 427
359 782 476
278 782 939
244 821 494
183 821 733
20 821 682
359 821 238
278 821 886
244 822 469
183 822 444
20 822 427
359 822 221
278 822 927
244 1023 51
183 1023 874
20 1023 419
278 1023 169
183 490 893
20 490 553
359 490 283
278 490 572
183 931 1012
758 244 1258
791 244 769
255 244 1038
589 244 10
823 244 13
255 183 1135
758 183 176
823 183 18
791 183 39
255 20 819
589 20 625
791 359 1094
758 359 1008
823 359 938
255 359 659
589 359 617
758 278 1154
791 278 1094
823 278 1083
589 278 715
255 278 715
200 823 980
2 823 1207
395 823 14
200 791 1016
485 791 1203
520 791 274
395 791 8
520 589 915
198 589 681
200 589 531
395 589 385
2 758 1292
485 758 636
200 758 506
198 758 99
198 255 1076
520 255 469
200 255 179
107 2 1300
310 2 55
30 200 1133
107 200 682
104 200 357
412 200 240
107 520 372
412 520 28
310 520 11
107 395 956
310 395 776
29 395 511
104 395 500
375 395 500
30 395 464
412 395 202
30 198 1202
375 198 890
104 198 695
107 198 606
29 198 471
412 198 305
30 485 375
412 485 67
107 485 3
464 107 501
231 107 52
407 107 27
433 107 8
464 30 597
231 30 203
407 30 2
464 310 849
231 310 721
407 310 610
442 310 494
402 310 494
442 375 1268
407 375 1264
402 375 1025
231 375 562
416 375 475
231 29 636
402 412 733
442 412 599
407 412 599
433 412 396
464 412 395
416 412 239
407 415 971
402 415 909
416 415 795
433 415 328
402 104 1197
231 104 93
273 442 1292
140 442 1292
208 442 1292
206 442 1001
273 407 1300
140 407 1300
208 407 1299
206 407 787
324 407 452
273 402 1300
140 402 1300
208 402 1299
206 402 1162
324 402 188
432 231 957
324 231 484
273 231 432
208 231 432
140 231 432
206 231 322
208 433 1300
206 433 874
432 433 488
324 433 452
140 433 341
273 433 317
324 464 21
206 416 1279
140 416 674
324 416 452
208 416 430
273 416 321
238 140 1164
214 208 1195
154 208 798
214 273 1195
154 273 798
154 432 1008
214 432 526
214 324 439
152 214 1300
76 214 913
152 154 1300
76 154 619
152 238 1300
