155
390 145 2
100 145 814
390 772 420
596 772 791
655 772 894
785 772 329
75 772 683
390 776 130
100 776 329
596 776 687
655 776 790
785 776 329
75 776 498
390 781 130
100 781 129
596 781 687
655 781 825
785 781 329
75 781 842
390 806 151
596 806 818
655 806 854
785 806 153
75 806 561
390 808 105
100 808 131
596 808 781
655 808 823
75 808 267
390 824 151
100 824 129
596 824 431
655 824 637
75 824 518
390 875 152
596 875 687
655 875 790
785 875 329
75 875 554
390 941 1
100 941 102
655 941 3
785 941 127
75 941 112
100 72 986
596 72 1
75 72 7
100 343 758
785 343 213
100 883 131
596 883 818
655 883 894
785 883 153
75 883 377
596 812 687
655 812 821
785 812 196
75 812 529
596 845 687
655 845 825
785 845 183
75 845 861
596 979 813
655 979 846
75 979 174
796 390 1132
751 390 1092
819 390 558
819 100 309
796 100 1057
751 100 1117
796 596 1059
819 596 592
751 596 458
796 655 964
819 655 468
751 655 234
796 75 1131
99 819 1069
142 819 744
370 819 6
370 796 1030
142 796 998
439 796 544
99 796 30
370 751 838
439 751 1046
142 751 15
87 439 1103
312 439 841
265 439 688
94 439 302
87 370 1133
94 370 993
265 370 916
312 370 706
87 99 582
94 99 4
87 254 1088
265 254 1050
312 254 350
94 254 274
265 142 953
87 142 938
312 142 706
94 142 632
112 87 1111
511 87 762
250 94 823
170 94 1078
112 265 1051
511 265 1027
100 265 796
170 265 754
250 265 545
100 312 796
511 312 545
112 312 484
511 375 537
112 375 193
328 100 136
298 170 1120
208 170 700
328 170 669
266 170 281
219 170 226
140 511 1069
328 511 693
219 511 159
208 511 35
208 250 675
328 250 536
219 250 224
266 250 186
328 112 738
138 140 299
446 208 453
138 208 406
326 208 374
374 208 352
138 219 886
446 219 816
377 219 551
374 298 654
326 298 216
374 266 1143
326 266 585
138 328 886
446 328 527
374 328 208
101 377 942
68 138 1084
101 374 942
101 326 1149
68 446 1115
