189
791 111 50
209 111 726
815 111 157
779 111 387
29 111 2
791 421 384
209 421 766
815 421 938
779 421 943
29 421 892
222 421 641
791 442 746
209 442 766
815 442 938
779 442 943
29 442 892
222 442 429
791 471 746
209 471 766
815 471 938
779 471 943
29 471 892
222 471 754
791 476 746
209 476 766
815 476 938
779 476 943
29 476 892
222 476 301
791 483 510
209 483 766
815 483 938
779 483 943
29 483 892
222 483 445
791 504 728
209 504 993
815 504 319
779 504 685
29 504 488
222 504 429
791 508 547
209 508 649
815 508 315
779 508 415
29 508 322
222 508 200
791 528 746
209 528 766
815 528 938
779 528 943
29 528 892
222 528 145
791 531 535
209 531 766
815 531 938
779 531 943
29 531 892
222 531 151
791 634 746
209 634 766
815 634 938
779 634 943
29 634 892
222 634 242
791 725 746
209 725 766
815 725 938
779 725 943
29 725 892
222 725 219
791 794 250
209 794 622
815 794 333
779 794 415
29 794 765
222 794 285
209 270 169
815 270 9
779 270 343
29 270 216
222 270 620
209 878 336
779 878 415
29 878 336
222 878 400
711 791 1051
172 791 18
711 209 1177
172 209 1133
752 209 1
761 209 4
823 815 913
752 815 931
761 815 724
711 815 20
172 815 1
823 779 440
752 779 606
790 779 4
711 29 868
172 29 919
761 29 141
790 222 1055
711 222 684
761 222 54
172 222 6
98 823 380
508 711 924
82 711 1034
150 711 519
98 711 391
297 711 156
40 711 38
98 761 1126
297 761 448
508 761 9
150 761 6
40 790 276
98 790 939
508 790 680
82 790 112
508 752 16
40 172 538
297 172 271
508 172 1
150 172 1
0 508 300
121 508 11
121 98 1151
121 150 611
154 150 386
121 297 695
375 297 580
0 297 529
184 297 462
154 297 304
121 82 1231
184 40 746
0 40 322
121 40 542
375 463 1300
414 463 1296
184 463 384
121 463 185
68 0 346
68 184 864
408 184 793
398 184 553
416 184 543
436 184 359
402 375 1020
398 375 567
416 375 520
436 375 520
68 375 375
408 121 2
68 154 864
408 154 695
398 154 695
436 154 695
436 414 1098
398 414 1089
402 414 1003
416 414 822
68 414 511
408 414 418
324 68 293
402 68 183
208 402 1295
402 402 611
324 402 280
208 408 923
402 408 774
324 408 568
208 436 904
324 436 609
402 436 279
324 398 549
208 398 498
402 398 481
324 416 609
402 416 458
208 416 458
342 402 550
342 208 1014
342 168 602
342 324 758
152 342 1187
