225
415 440 379
720 440 782
761 440 920
768 440 424
391 440 296
33 440 424
415 492 259
720 492 949
761 492 877
768 492 533
391 492 798
33 492 294
415 504 282
720 504 839
761 504 582
768 504 582
391 504 315
33 504 413
415 610 274
720 610 1001
761 610 915
768 610 375
391 610 634
33 610 740
415 631 348
720 631 834
761 631 430
768 631 262
391 631 634
33 631 392
415 682 318
720 682 855
761 682 418
768 682 375
391 682 696
33 682 321
415 702 240
720 702 1157
761 702 201
391 702 798
33 702 454
415 712 240
720 712 838
761 712 408
768 712 322
391 712 798
33 712 748
415 794 250
720 794 978
761 794 615
391 794 680
33 794 615
415 803 456
720 803 1191
761 803 190
391 803 208
33 803 190
415 806 429
720 806 153
761 806 340
768 806 543
391 806 341
33 806 182
415 823 253
720 823 153
761 823 741
768 823 133
391 823 234
33 823 670
415 839 253
720 839 956
761 839 340
768 839 567
391 839 341
33 839 264
415 843 142
720 843 1197
761 843 318
768 843 142
391 843 142
33 843 182
415 889 253
720 889 488
761 889 340
768 889 567
391 889 485
33 889 182
415 903 494
720 903 19
761 903 88
391 903 12
720 561 947
761 561 1168
768 561 375
391 561 634
33 561 268
391 262 154
33 262 237
769 415 793
69 415 612
779 415 466
738 415 388
597 415 234
779 720 1115
69 720 952
588 720 127
769 720 57
779 761 116
597 761 3
779 768 770
738 768 530
69 768 6
588 768 1
69 391 916
597 391 688
769 391 582
738 391 515
779 391 515
588 391 383
597 33 540
428 597 1102
245 597 778
330 597 680
217 597 342
258 597 213
258 69 987
188 69 3
428 769 511
217 769 318
245 738 236
245 779 91
330 779 882
258 779 829
428 588 1102
330 588 1048
258 588 454
217 588 342
172 428 580
361 428 549
413 428 407
412 428 402
390 428 227
413 258 1031
391 258 398
361 258 278
172 258 244
413 217 818
172 217 584
391 217 398
412 245 513
391 245 402
172 245 366
413 245 287
413 330 529
361 330 529
391 330 398
390 330 355
412 330 342
413 188 688
172 188 276
391 188 232
412 413 1104
416 413 1067
408 413 994
439 413 631
396 413 163
235 361 1009
396 361 906
408 361 335
439 391 1262
396 391 1155
416 391 988
408 391 623
412 391 198
235 172 801
396 172 769
439 172 339
408 412 952
396 412 890
439 412 608
416 412 608
235 412 456
412 412 198
416 390 1271
412 390 1231
396 390 890
408 390 399
439 390 127
255 396 1090
360 396 597
338 396 561
264 396 198
255 408 712
360 408 198
338 235 667
360 235 652
255 235 435
338 416 490
360 416 398
255 416 238
255 412 1090
338 412 446
360 412 282
264 412 198
255 439 1090
360 439 327
338 439 327
326 360 814
152 360 699
345 360 676
345 264 538
152 264 366
375 264 364
152 255 843
345 255 676
374 338 829
326 338 568
152 338 539
101 343 1017
101 349 1279
76 152 1260
101 375 552
101 374 1003
101 345 1003
101 326 1295
