119
183 41 9
29 41 1179
183 283 959
374 283 578
126 283 176
29 283 158
183 483 733
374 483 747
126 483 949
29 483 949
183 490 946
374 490 747
126 490 991
29 490 737
183 529 873
374 529 747
126 529 868
29 529 471
183 784 414
374 784 692
126 784 653
29 784 1235
183 821 855
374 821 745
126 821 653
29 821 1235
183 853 299
374 853 745
126 853 779
29 853 278
520 183 1042
632 183 75
758 183 176
680 374 883
520 374 829
758 374 655
632 374 514
758 126 432
680 126 481
758 29 1
2 758 1299
82 758 3
200 758 255
198 758 116
416 680 1148
365 680 986
200 680 848
198 680 664
82 680 212
416 632 1148
198 632 1070
200 632 570
2 632 481
198 520 1130
2 520 878
416 520 806
365 520 288
200 520 133
375 416 1064
30 416 766
332 416 333
107 2 1299
498 200 1099
30 200 1099
107 200 1000
184 200 390
107 365 1090
30 365 530
375 365 515
184 365 428
498 365 393
332 365 297
30 198 1242
498 198 1188
184 198 985
375 198 776
332 198 711
107 198 605
498 82 1132
30 82 8
139 107 1284
489 107 596
408 30 2
489 184 1120
408 184 625
416 184 413
436 184 250
402 332 404
139 332 380
489 332 208
402 375 1102
436 375 522
416 375 522
139 375 398
489 375 368
489 498 1036
139 498 1235
140 402 1300
208 402 1293
402 402 551
208 408 1025
140 408 834
402 408 669
140 139 20
208 436 1047
140 436 1047
402 436 201
140 416 699
208 416 484
417 416 405
402 416 319
238 140 1126
214 208 1149
214 402 1079
214 417 1232
152 214 1300
76 214 1135
152 238 1300
76 238 814
