182
146 358 950
404 358 91
287 358 212
770 358 130
146 452 210
404 452 228
287 452 1036
770 452 517
369 452 636
581 452 517
146 589 509
404 589 383
287 589 814
770 589 649
369 589 751
581 589 892
146 769 993
404 769 886
287 769 221
770 769 921
369 769 875
581 769 367
146 858 213
404 858 886
287 858 221
770 858 1021
369 858 467
581 858 568
146 860 993
770 860 144
369 860 338
581 860 841
146 888 993
404 888 886
287 888 221
770 888 555
369 888 467
581 888 841
146 1012 185
404 1012 563
770 1012 19
404 277 100
287 277 415
770 277 605
287 866 472
770 866 1021
369 866 272
581 866 841
808 146 117
808 404 958
729 404 795
738 404 461
643 404 244
801 287 1046
738 287 954
808 287 427
729 287 421
643 287 367
801 770 800
729 770 57
738 770 335
738 369 922
801 369 755
643 369 503
729 369 385
808 369 372
643 581 1247
738 581 879
729 581 758
808 581 664
801 581 310
414 643 993
456 643 962
445 643 937
230 643 550
445 738 406
445 801 496
279 801 173
230 801 89
230 808 1233
414 808 6
414 729 950
230 729 41
456 729 559
313 456 876
143 456 873
373 456 701
412 456 554
242 456 439
242 279 1235
143 279 850
373 279 824
313 279 764
412 279 548
242 230 1235
373 230 824
313 230 764
143 230 566
412 230 389
143 445 1141
373 445 950
412 445 526
242 445 359
313 414 876
415 414 797
373 414 701
412 414 526
242 414 439
143 414 210
408 373 1095
436 373 812
263 373 688
371 373 399
255 373 399
263 242 1263
255 242 1099
297 242 559
371 242 529
408 242 219
436 242 219
255 313 822
371 313 719
408 313 583
436 313 580
297 313 280
255 143 1110
371 143 719
297 143 669
436 143 580
408 143 498
263 143 407
436 412 998
408 412 674
263 412 456
255 412 427
371 412 420
436 415 879
408 415 859
297 415 837
263 415 456
255 415 427
371 415 376
289 255 923
411 255 842
208 255 305
440 255 212
208 408 782
440 408 743
424 408 483
289 263 823
411 263 239
440 371 1287
424 371 1212
411 371 1053
208 371 227
289 371 224
208 436 798
424 436 256
440 436 256
411 297 1085
289 297 914
424 297 561
408 208 1121
320 208 658
377 424 1257
383 424 1179
320 424 626
377 440 1176
383 440 1035
320 440 741
383 411 1126
377 411 790
415 411 387
408 289 1167
320 289 454
101 320 1176
101 377 814
101 415 981
134 383 1152
96 383 675
101 408 1297
96 408 675
