147
569 419 536
812 419 1139
646 419 343
754 419 1157
595 419 570
569 429 436
812 429 1093
646 429 150
754 429 1093
595 429 410
569 476 110
812 476 1041
646 476 704
754 476 1041
595 476 570
569 541 586
812 541 1139
646 541 593
754 541 1157
595 541 408
569 655 618
812 655 1117
646 655 704
754 655 1117
595 655 178
569 789 533
646 789 765
754 789 648
595 789 744
569 839 827
812 839 1065
646 839 576
754 839 285
595 839 744
812 183 643
812 377 267
646 377 853
754 377 1098
812 406 1086
646 406 704
754 406 1086
595 406 531
646 334 8
754 334 10
742 569 880
79 569 807
606 569 324
605 569 323
79 812 419
742 646 1285
79 646 1211
605 646 636
606 646 209
742 754 1218
605 754 34
742 595 1285
79 595 1211
605 595 593
253 742 681
364 742 959
322 742 1238
231 742 250
416 742 6
322 606 1214
416 606 1070
364 606 1041
231 606 508
322 79 1207
253 79 1162
364 79 1254
416 605 1130
364 605 658
322 605 588
253 605 525
231 605 508
394 416 1136
387 416 1129
422 416 1120
39 416 978
39 364 1259
394 364 1244
387 364 1242
422 364 737
394 253 1244
387 253 1242
39 253 1213
422 253 737
39 322 1239
394 322 1200
387 322 1200
422 322 191
422 231 321
394 231 280
387 231 280
39 231 277
380 422 950
416 422 887
17 39 1300
416 394 992
380 394 892
320 394 284
193 394 182
416 387 992
380 387 907
320 387 490
193 387 225
380 415 992
416 415 731
320 415 482
436 380 1222
437 380 1199
415 380 997
208 380 804
436 17 763
415 17 1112
437 17 403
415 320 1061
436 320 1050
437 320 1050
208 320 650
436 193 1222
437 193 1199
415 193 1068
208 193 198
415 416 581
437 416 425
208 416 299
342 208 1128
388 208 1128
324 208 585
330 208 381
330 436 1216
388 436 1193
324 436 964
342 436 339
388 437 1251
342 437 1179
324 437 1179
330 437 1139
388 415 1290
342 415 1241
324 415 1200
330 415 1139
95 330 882
95 342 1154
95 324 1282
95 388 1282
