295
673 439 344
601 439 339
665 439 479
685 439 435
565 439 427
492 439 469
825 439 339
508 439 733
673 487 517
601 487 473
665 487 317
685 487 453
565 487 282
492 487 267
825 487 666
508 487 254
673 498 394
601 498 431
665 498 320
685 498 394
565 498 282
492 498 323
825 498 1039
508 498 323
673 615 517
601 615 256
665 615 256
685 615 453
565 615 233
492 615 469
825 615 1002
508 615 733
673 628 517
601 628 473
665 628 307
685 628 467
565 628 274
492 628 151
825 628 980
508 628 445
673 748 517
601 748 473
665 748 472
685 748 453
565 748 143
492 748 469
825 748 1054
508 748 733
673 765 447
601 765 473
665 765 307
685 765 146
565 765 385
825 765 906
508 765 280
673 788 187
601 788 515
665 788 366
685 788 339
565 788 187
492 788 421
825 788 838
508 788 117
673 794 523
601 794 323
665 794 315
685 794 339
565 794 232
492 794 318
825 794 769
508 794 432
673 806 205
601 806 189
665 806 391
685 806 382
565 806 563
492 806 217
825 806 838
508 806 205
673 820 150
601 820 515
665 820 408
685 820 287
565 820 232
492 820 217
825 820 838
673 823 635
601 823 515
665 823 545
685 823 382
565 823 113
492 823 559
825 823 838
508 823 200
673 826 145
601 826 204
665 826 333
685 826 224
565 826 232
492 826 168
508 826 175
673 866 498
601 866 515
665 866 566
685 866 382
492 866 318
825 866 232
508 866 661
601 220 430
565 220 685
825 220 80
508 220 292
601 233 495
665 233 86
685 233 21
565 182 90
825 182 663
492 351 310
794 673 534
42 673 449
626 673 295
715 673 198
611 673 166
715 601 913
626 601 819
794 601 734
42 601 405
611 601 328
794 665 522
42 665 449
626 665 310
715 665 310
611 665 283
42 685 705
794 685 522
780 685 495
715 685 263
611 685 149
780 565 797
715 565 543
794 565 531
626 565 478
611 565 370
42 565 241
780 492 797
715 492 487
794 492 428
611 492 370
42 492 241
626 492 209
780 825 823
42 825 713
626 825 60
794 508 655
780 508 486
626 508 478
715 508 330
42 508 196
611 508 196
432 794 1029
458 794 898
519 794 25
463 794 4
458 715 593
432 715 941
227 715 97
32 780 260
519 780 1081
432 780 205
483 780 207
227 780 580
432 626 1082
463 626 1039
458 626 876
227 626 829
483 626 797
519 626 222
432 611 1082
463 611 1039
458 611 876
483 611 797
227 611 322
519 611 222
458 42 102
227 42 79
402 32 132
139 458 878
264 458 721
333 458 599
375 458 540
413 458 502
402 458 150
139 432 878
375 432 836
264 432 721
333 432 599
413 432 502
333 483 563
139 483 1143
413 483 157
264 483 23
264 519 511
139 519 583
402 519 185
413 519 218
402 227 768
139 227 692
264 227 595
375 227 298
375 463 1209
139 463 846
264 463 721
333 463 599
413 463 502
405 333 1026
163 333 724
411 333 506
364 333 397
433 333 311
407 375 1186
447 375 1081
163 375 406
405 375 243
433 375 243
433 413 407
447 413 240
405 413 240
364 413 232
407 413 193
163 413 185
163 139 1081
364 139 809
411 139 679
447 139 658
433 139 515
405 139 299
163 264 978
411 264 567
405 264 447
364 264 397
433 264 311
433 402 1039
447 402 989
405 402 438
407 402 236
163 402 185
411 402 129
208 447 1208
206 447 974
298 447 751
428 364 584
208 364 432
298 364 405
206 411 793
208 411 690
298 411 527
208 407 1208
206 407 873
298 407 791
428 163 1116
429 163 871
298 163 527
208 163 231
206 163 231
298 405 838
208 405 690
429 405 595
206 405 567
208 433 1210
206 433 826
429 433 689
214 208 1137
379 298 526
355 298 311
343 298 215
355 428 1039
336 428 939
214 428 646
379 428 221
343 428 173
355 429 1144
214 429 1026
336 429 939
379 429 221
379 206 526
214 206 191
69 343 1052
69 355 1209
134 336 1211
69 336 1189
152 214 1212
134 214 1175
69 349 968
134 349 860
134 379 1148
