124
774 317 931
751 317 1175
795 317 1100
774 609 1194
751 609 945
795 609 751
136 609 751
774 787 1237
751 787 1040
795 787 302
136 787 873
774 803 1237
751 803 536
795 803 123
136 803 738
774 837 714
751 837 914
795 837 964
136 837 873
774 843 1237
751 843 936
795 843 282
136 843 672
774 845 1237
751 845 579
795 845 1001
136 845 873
774 870 1192
751 870 792
795 870 419
774 878 1206
751 878 536
795 878 1001
136 878 873
774 885 1230
751 885 764
795 885 1001
136 885 873
716 774 1141
823 774 120
774 774 23
716 751 940
748 751 1030
774 751 636
758 795 424
758 136 793
716 136 1190
774 136 903
214 716 707
25 716 761
472 716 1282
148 716 1059
259 716 29
259 823 3
259 774 466
25 748 1174
472 748 703
259 748 7
25 758 767
214 758 923
472 758 3
49 214 1090
23 214 1031
107 214 822
409 214 575
49 259 1215
23 259 1079
409 259 596
107 259 398
107 25 1203
23 25 1273
49 25 3
49 472 868
23 472 707
409 472 221
107 472 4
49 148 1201
409 148 537
408 107 1
416 409 1199
408 409 1038
436 409 644
398 409 229
402 409 200
398 414 1172
436 414 1156
402 414 1076
416 414 787
408 414 399
208 402 1291
265 402 953
267 402 260
208 408 1027
265 408 953
424 408 429
267 408 260
265 416 953
424 416 549
208 416 501
426 416 200
208 436 797
424 436 350
267 436 260
265 398 953
424 398 587
208 398 546
214 208 1179
214 426 1190
379 426 444
349 426 268
368 265 1257
379 265 757
214 265 479
368 267 686
379 267 531
379 424 1023
368 424 354
349 424 197
134 349 930
134 368 1296
152 214 1300
134 214 1235
76 214 894
134 379 1218
