109
368 11 91
655 11 28
368 339 1128
100 339 863
368 611 655
162 611 806
100 611 789
655 611 1036
368 769 782
162 769 941
100 769 542
655 769 1131
368 780 664
162 780 891
100 780 1134
655 780 1073
368 809 664
162 809 342
100 809 1018
655 809 1069
368 883 323
162 883 941
100 883 461
655 883 1151
368 959 642
162 959 810
100 959 1013
368 1010 805
162 1010 3
162 162 13
100 162 1211
732 368 1268
796 368 1245
656 368 544
656 162 623
732 162 1
796 100 665
732 100 447
656 655 986
732 655 707
796 655 571
254 656 1218
439 656 599
370 656 557
67 656 322
254 732 949
67 732 1296
439 796 834
370 796 1179
67 796 3
87 439 1296
320 439 1241
265 439 607
94 439 392
241 439 367
87 370 1296
94 370 1280
265 370 1043
78 370 252
94 67 1297
87 67 1288
241 67 30
87 254 1288
265 254 1243
320 254 468
78 254 225
94 254 225
500 78 435
112 87 1286
500 87 448
138 87 22
170 94 1264
138 94 1
112 265 1204
170 265 911
399 265 546
500 265 531
138 265 307
500 241 1151
112 241 878
399 241 271
112 320 1259
500 320 1188
170 320 825
399 320 625
138 320 307
84 500 1152
416 138 1
84 138 3
416 112 622
84 112 1296
416 170 1075
84 170 433
344 170 303
84 399 1296
219 399 671
344 399 663
416 399 291
138 84 1296
138 219 1265
374 416 1184
326 416 672
397 416 490
374 344 868
326 344 840
101 397 1296
68 138 1296
101 374 1113
101 326 1299
