246
673 270 60
646 270 15
126 270 112
607 270 266
673 406 199
812 406 1168
646 406 628
820 406 230
126 406 1173
607 406 307
673 441 310
812 441 1168
646 441 691
820 441 568
126 441 1173
607 441 137
673 448 261
812 448 1145
646 448 464
820 448 418
126 448 1145
607 448 535
673 483 446
812 483 1035
646 483 628
820 483 379
126 483 1035
607 483 364
673 500 360
812 500 1123
646 500 628
820 500 387
126 500 1123
607 500 247
673 602 182
812 602 1168
646 602 555
820 602 461
126 602 1173
607 602 322
673 673 483
812 673 1168
646 673 143
820 673 278
126 673 1173
607 673 387
673 734 131
812 734 910
646 734 691
820 734 421
126 734 910
607 734 720
673 754 169
812 754 1098
646 754 549
820 754 568
126 754 1098
607 754 403
673 776 792
812 776 588
646 776 780
820 776 695
126 776 351
607 776 735
673 784 214
812 784 990
646 784 556
820 784 277
126 784 351
607 784 641
673 838 788
812 838 588
646 838 780
820 838 695
126 838 351
607 838 807
673 867 639
812 867 611
646 867 792
820 867 227
126 867 351
607 867 747
646 134 220
820 134 200
607 134 44
593 673 692
579 673 692
588 673 641
605 673 333
769 673 303
688 673 194
688 812 313
579 646 1047
605 646 795
593 646 763
588 646 759
688 646 613
688 820 205
769 820 2
588 126 134
605 126 757
588 607 759
579 607 643
688 607 613
605 607 572
593 607 326
769 607 168
494 593 1068
339 593 861
469 593 752
330 593 635
322 593 479
494 579 998
339 579 771
469 579 752
330 579 635
322 579 583
494 588 1100
339 588 861
469 588 752
330 588 635
322 588 479
258 588 194
469 769 139
494 605 1068
339 605 861
469 605 752
330 605 635
322 605 174
494 688 1068
339 688 861
469 688 752
330 688 635
413 339 1049
339 339 681
422 339 604
402 339 559
39 339 312
339 494 983
422 494 462
413 494 67
413 258 1106
402 258 755
39 258 616
422 258 501
402 330 912
339 330 691
422 330 642
413 330 573
39 330 312
415 330 288
422 469 980
413 469 227
402 469 40
39 322 1171
339 322 970
413 322 238
402 322 238
433 422 1180
416 422 805
380 422 656
309 422 205
380 339 1150
309 339 802
193 339 802
416 339 771
320 339 701
433 339 421
416 413 751
309 413 554
433 413 440
320 413 348
380 413 285
17 39 1299
433 402 1180
380 402 708
416 402 688
309 402 481
320 402 164
380 415 708
416 415 682
309 415 554
433 415 430
320 415 164
168 380 1089
437 380 1080
436 380 1038
415 380 633
208 380 632
298 380 253
208 433 1300
415 433 439
168 17 1297
437 17 254
436 17 504
415 17 735
298 17 3
298 309 497
415 309 491
437 309 360
436 309 360
168 309 360
437 320 907
436 320 907
168 320 907
415 320 667
298 320 590
208 320 482
168 193 1089
437 193 1080
436 193 1038
415 193 733
208 193 210
208 416 518
415 416 434
298 416 324
437 416 307
388 208 1062
342 208 1062
330 208 354
388 437 1193
342 437 1145
330 437 1068
343 437 599
388 436 1197
330 436 1135
343 436 426
342 436 401
388 415 1234
342 415 1217
330 415 1068
343 415 599
343 298 393
342 298 240
330 298 172
388 168 1189
342 168 610
330 168 650
101 330 1005
134 330 750
101 343 991
134 342 1297
96 342 792
134 388 1051
101 388 852
96 388 651
