142
601 12 1056
424 12 30
601 289 741
424 289 979
824 289 1114
601 353 545
824 353 1061
601 609 481
424 609 226
824 609 840
678 609 226
630 609 444
601 702 800
424 702 685
824 702 774
678 702 774
630 702 473
601 806 408
424 806 813
824 806 1117
678 806 875
630 806 670
601 811 372
424 811 695
824 811 852
630 811 670
601 832 408
424 832 480
824 832 523
678 832 523
630 832 670
601 913 294
424 913 644
824 913 213
630 913 80
424 802 736
824 802 371
630 802 640
824 2 1259
824 222 1231
824 268 698
630 268 62
824 930 574
626 601 1277
611 601 1125
646 601 723
646 424 1066
626 424 814
611 424 494
626 824 1177
646 824 27
626 678 1240
611 678 1190
646 678 620
626 630 1265
611 630 1010
646 630 723
483 646 1291
458 646 1119
432 646 990
232 646 703
306 646 103
483 626 1291
458 626 1119
432 626 990
232 626 333
483 611 1291
458 611 1119
432 611 990
232 611 333
306 611 109
333 458 1221
112 458 1068
139 458 1050
264 458 913
333 432 1221
139 432 1142
264 432 913
112 432 340
139 483 1229
333 483 1165
112 483 394
264 483 22
139 232 1034
264 232 775
333 232 511
333 306 1247
139 306 1227
264 306 801
405 333 1251
475 333 1099
163 333 732
364 333 695
411 333 695
364 112 796
364 139 1188
411 139 1129
163 139 1112
475 139 837
405 139 481
411 264 879
163 264 784
475 264 767
364 264 695
405 264 658
391 411 1108
267 411 452
208 411 330
381 411 295
264 411 204
391 364 1114
264 364 996
381 364 378
267 364 343
391 163 1146
264 163 684
381 163 293
391 405 1108
267 405 452
208 405 330
381 405 295
391 475 1161
264 475 430
214 208 1157
180 391 1291
346 391 334
348 391 334
180 264 1268
346 264 1199
348 264 1084
346 267 1095
348 267 1084
180 381 924
336 381 885
214 381 739
101 346 1296
101 355 1165
101 336 1296
152 214 1299
152 180 1299
152 348 1273
101 348 1153
