197
601 356 465
195 356 1023
739 356 867
601 375 108
665 375 334
739 375 504
601 419 684
665 419 516
195 419 863
739 419 422
790 419 684
630 419 319
601 541 721
665 541 516
195 541 863
739 541 422
790 541 680
630 541 151
601 632 723
665 632 516
195 632 718
739 632 422
790 632 723
630 632 387
601 680 864
665 680 516
195 680 200
739 680 789
790 680 477
601 747 638
665 747 462
195 747 504
739 747 209
790 747 796
601 753 637
665 753 516
195 753 517
739 753 641
790 753 262
630 753 142
601 776 648
665 776 524
195 776 963
739 776 886
790 776 315
630 776 229
601 867 648
665 867 570
195 867 261
739 867 886
790 867 198
630 867 784
601 973 313
195 973 22
790 973 755
601 977 823
665 977 565
790 977 388
195 9 1191
739 9 945
790 9 711
195 177 1095
739 177 838
195 276 383
715 601 1009
794 601 955
817 601 838
765 601 669
608 601 246
817 665 838
715 665 536
794 665 536
765 665 536
608 665 366
608 195 385
765 195 793
794 195 298
608 739 317
765 739 765
715 739 214
817 739 15
817 790 557
608 790 2
715 630 1009
794 630 955
765 630 922
817 630 545
608 630 474
442 794 805
432 794 897
458 794 1043
442 715 617
458 715 932
432 715 838
303 765 699
442 765 59
458 765 66
458 817 916
350 817 927
442 817 545
432 817 97
458 608 712
442 608 633
432 608 631
306 608 427
350 608 253
303 608 252
333 458 1011
16 458 916
225 458 862
264 458 859
234 458 824
16 350 1104
333 350 672
225 350 473
264 350 386
234 350 332
333 442 1011
234 442 886
225 442 862
264 442 859
16 442 542
333 432 1011
225 432 862
264 432 859
234 432 726
16 432 542
333 303 1034
16 303 969
225 303 900
234 303 751
333 306 968
225 306 750
264 306 746
234 306 270
405 333 1233
493 333 866
364 333 828
411 333 704
364 16 972
405 16 858
411 16 333
405 234 1029
493 234 866
364 234 828
411 234 480
411 264 975
493 264 856
364 264 828
405 264 781
391 264 194
493 225 856
364 225 828
411 225 704
405 225 672
391 225 323
391 364 847
368 364 406
201 364 406
267 364 245
391 411 795
324 411 504
368 411 425
267 411 402
201 411 331
208 411 288
391 391 795
208 391 549
324 391 505
368 391 425
201 391 405
391 405 795
368 405 425
267 405 402
201 405 273
208 405 243
324 405 197
368 493 784
201 493 757
379 368 700
349 368 351
348 368 344
214 208 1212
214 201 379
348 267 1014
379 267 340
355 324 1062
348 324 733
379 324 340
101 343 1051
101 349 1285
134 349 853
101 355 1146
134 214 1267
200 214 1146
101 348 1222
134 379 1240
