215
200 476 754
511 476 222
388 476 699
239 476 1196
754 476 1018
717 476 910
200 541 754
511 541 686
388 541 699
239 541 1227
754 541 1018
717 541 910
200 556 1016
511 556 246
388 556 335
239 556 846
754 556 335
717 556 659
200 603 754
511 603 428
388 603 699
239 603 1141
754 603 1018
717 603 910
200 663 849
388 663 457
239 663 849
754 663 539
717 663 470
200 673 579
511 673 247
388 673 417
239 673 569
754 673 415
717 673 579
200 687 823
511 687 573
388 687 299
239 687 979
754 687 149
717 687 659
200 734 871
511 734 131
388 734 699
239 734 1123
754 734 1018
717 734 910
200 865 983
511 865 632
388 865 845
239 865 857
754 865 421
717 865 689
200 870 983
511 870 577
388 870 578
239 870 857
754 870 726
717 870 767
200 933 393
511 933 574
754 933 419
511 35 8
239 35 1198
636 200 244
747 200 407
71 200 277
605 200 35
71 511 697
747 511 651
605 511 567
726 511 560
636 511 400
726 388 973
747 388 820
605 388 735
71 388 594
636 388 481
700 388 187
700 239 256
726 239 1295
636 239 171
700 754 314
605 754 31
747 754 141
726 754 18
700 717 78
636 717 376
747 717 125
605 717 197
726 717 11
525 747 880
461 747 921
525 71 1288
44 71 33
297 636 875
86 636 665
322 636 444
37 726 1284
86 726 635
461 726 3
525 605 1178
322 605 342
297 605 340
461 605 317
44 605 190
37 605 176
297 700 875
322 700 444
525 700 404
375 86 24
77 86 33
184 86 4
184 37 470
487 37 56
39 525 1195
487 44 337
39 322 1259
77 322 962
487 322 647
390 322 380
184 322 342
375 322 243
39 461 1089
390 461 740
415 461 740
77 461 536
375 461 258
184 461 235
375 297 502
77 297 502
39 297 383
487 297 383
184 297 272
348 487 126
407 375 1282
416 375 784
436 375 700
398 375 519
226 375 350
348 375 346
407 77 39
398 184 574
416 184 380
348 184 346
226 184 341
436 184 335
226 39 444
407 390 1260
416 390 1208
398 390 336
226 390 258
407 415 937
436 415 735
398 415 735
416 415 623
226 415 258
436 414 1109
398 414 1065
407 414 905
416 414 700
226 414 258
208 226 329
324 226 298
208 407 1297
324 407 731
424 407 405
437 407 376
436 407 376
424 348 557
436 348 544
437 348 544
324 348 361
208 348 329
424 398 798
324 398 533
208 398 449
437 398 258
436 398 258
208 436 751
324 436 731
424 436 432
424 416 747
324 416 731
437 416 320
208 416 235
388 208 1104
342 208 1104
340 208 406
330 208 406
388 424 722
342 424 722
340 424 292
330 424 292
388 436 1215
330 436 1202
340 436 597
343 436 327
342 436 257
330 437 1172
388 437 1172
342 437 1116
340 437 1116
343 437 591
342 324 996
388 324 996
330 324 381
69 343 1131
69 330 1121
134 330 862
134 342 1298
69 342 1008
134 340 1041
134 388 1236
69 388 820
