108
677 613 375
123 613 1072
234 613 400
769 613 1295
677 649 277
123 649 892
234 649 438
769 649 627
677 762 414
123 762 1072
234 762 296
769 762 1292
677 784 1024
123 784 447
234 784 470
769 784 1289
677 791 935
123 791 937
769 791 1239
677 860 935
123 860 957
234 860 799
769 860 1264
677 892 543
123 892 937
234 892 1256
769 892 1239
123 294 1125
234 294 644
769 294 1297
123 335 1270
234 335 1088
769 335 92
738 677 1196
653 677 1104
526 677 1083
653 123 7
262 123 4
308 234 556
526 234 1223
262 234 1286
738 234 352
262 769 1200
526 769 1293
122 308 1298
462 308 1282
281 308 1241
122 526 1298
462 526 1282
281 526 1241
122 738 1290
462 653 1297
122 653 1263
407 653 884
281 653 596
122 262 1298
462 262 1282
281 262 1241
407 262 106
223 122 1093
245 122 1044
375 122 897
150 122 736
375 462 1146
245 462 883
150 462 640
223 462 562
223 281 1125
245 281 1044
375 281 897
150 281 736
245 407 984
150 407 640
223 407 562
375 407 423
369 150 1274
297 150 1010
402 150 419
402 375 1261
369 375 957
297 375 903
369 223 1274
297 223 1028
297 245 1277
369 245 1264
402 245 571
273 402 1300
140 402 1300
208 402 1299
339 402 572
475 402 428
475 369 1070
273 369 978
208 369 922
339 369 559
475 297 1068
339 297 955
208 297 288
140 297 187
154 208 836
152 475 1206
154 273 836
152 273 444
152 339 1039
154 339 879
76 152 1283
162 152 964
76 154 541
