115
162 610 1015
295 610 390
368 610 980
343 610 926
162 732 237
295 732 210
368 732 886
343 732 522
162 772 932
295 772 840
368 772 625
343 772 544
162 780 885
295 780 272
368 780 887
343 780 878
162 811 932
295 811 840
368 811 1026
343 811 899
162 834 914
295 834 840
368 834 837
343 834 444
162 853 176
368 853 887
343 853 878
162 875 914
295 875 840
368 875 1010
343 875 378
162 876 932
295 876 840
368 876 85
343 876 742
162 883 932
295 883 163
368 883 421
343 883 604
343 35 2
656 162 957
751 295 1160
796 295 1160
656 295 930
796 368 1127
751 368 1019
656 368 842
751 343 1216
796 343 1114
656 343 977
112 656 1173
254 656 1076
439 656 921
31 796 1032
439 796 1092
439 751 1223
87 439 1275
320 439 1246
312 439 1163
312 112 948
375 112 376
320 112 314
87 112 299
87 31 1286
87 254 1246
320 254 740
312 254 645
311 312 696
112 312 501
311 87 18
112 87 1269
407 87 15
407 375 1295
311 375 1040
269 375 730
331 375 346
112 320 1182
311 320 696
170 320 635
140 407 1300
208 407 1298
84 407 1184
298 407 477
298 170 1238
208 170 890
84 170 584
219 170 207
84 112 1289
140 311 1002
208 311 1002
84 311 538
84 331 1287
208 331 932
140 331 556
298 331 398
84 269 1287
208 269 487
298 269 415
219 269 248
138 140 451
214 208 1168
138 208 515
326 208 354
374 208 325
138 84 1267
138 219 1201
377 219 805
374 298 818
326 298 309
101 377 874
68 138 1274
101 374 1055
68 214 935
101 214 899
101 326 1298
