171
239 35 1199
806 35 1031
239 119 624
806 119 318
754 119 1127
239 183 836
806 183 1181
536 183 815
239 476 1168
806 476 312
754 476 1168
536 476 769
239 483 1014
806 483 1119
754 483 618
536 483 400
239 512 802
806 512 598
754 512 647
536 512 217
239 769 459
806 769 633
754 769 616
536 769 320
239 806 875
806 806 679
754 806 626
536 806 235
239 816 601
806 816 526
754 816 626
536 816 855
239 839 601
806 839 356
754 839 616
536 839 859
239 853 818
806 853 356
754 853 616
536 853 320
239 886 636
806 886 367
754 886 367
536 886 784
726 239 1299
700 239 300
788 806 771
695 806 223
700 806 89
742 754 1059
700 754 239
788 754 7
726 754 4
726 536 545
742 536 511
788 536 468
700 536 402
695 536 397
322 742 999
416 742 57
460 742 24
416 695 1237
151 695 1119
353 695 1063
322 695 674
37 695 185
416 788 716
460 788 834
416 726 1020
37 726 1299
460 726 35
416 700 1006
322 700 645
151 700 334
487 416 1238
375 416 1135
394 416 1113
387 416 1080
39 416 1012
487 460 1261
39 460 1160
394 460 1110
387 460 1079
415 460 1068
375 460 296
487 37 277
487 353 1029
394 353 482
387 353 482
375 353 464
39 322 1234
387 322 734
394 322 734
487 322 644
375 322 528
375 151 771
487 151 417
394 151 353
387 151 264
348 487 44
17 487 1
407 375 1287
402 375 875
416 375 680
17 375 635
226 375 339
348 375 315
226 39 480
17 39 1296
416 394 856
402 394 581
407 394 376
193 394 227
407 415 1058
416 415 775
402 415 724
226 415 367
402 387 794
416 387 788
407 387 382
193 387 227
208 226 388
415 226 367
208 407 1298
437 407 556
436 407 556
415 407 425
424 407 425
208 402 1298
424 402 189
424 348 559
415 348 409
208 348 405
436 348 378
437 348 378
436 17 801
437 17 511
415 17 1030
436 193 1232
437 193 1214
415 193 938
424 193 867
208 193 230
424 416 590
415 416 372
437 416 349
208 416 204
388 208 1080
342 208 1080
330 208 430
340 208 430
388 424 609
342 424 609
330 424 289
340 424 234
330 436 1217
388 436 1177
340 436 759
342 436 248
388 437 1156
330 437 1156
342 437 1014
340 437 1013
388 415 1274
342 415 1252
340 415 1250
330 415 1179
134 330 849
134 342 1296
134 388 1233
134 340 1140
