61
279 316 169
359 316 600
279 541 378
359 541 260
278 541 243
279 799 286
359 799 154
278 799 1029
279 821 139
359 821 284
278 821 1029
359 891 284
278 891 421
278 51 951
791 279 1085
812 279 1085
816 279 1085
812 359 1121
791 359 1118
816 359 1108
812 278 1122
791 278 1118
816 278 1108
163 791 1040
200 791 1037
485 791 1107
200 816 349
163 816 1100
163 812 1110
200 812 1125
456 485 1044
489 163 1118
40 163 960
489 200 1120
40 200 960
107 200 501
456 200 429
464 489 589
231 489 719
172 489 412
231 107 81
464 107 880
172 40 765
464 40 367
231 456 546
464 456 1110
172 456 458
232 172 1083
223 172 998
140 172 712
140 402 1125
223 402 525
232 402 425
232 231 1083
223 231 998
140 231 535
223 464 982
232 464 996
238 140 886
76 152 1124
152 238 1125
