167
677 174 2
763 174 1230
677 465 264
763 465 1092
769 465 1001
581 465 848
677 493 831
763 493 1064
769 493 1001
581 493 420
677 513 527
763 513 527
769 513 901
581 513 952
677 566 379
763 566 607
769 566 831
581 566 831
677 613 387
763 613 523
769 613 1122
581 613 518
677 649 639
763 649 1050
769 649 903
581 649 464
677 669 133
763 669 1034
769 669 989
581 669 908
677 762 192
763 762 641
769 762 1153
581 762 727
677 886 468
763 886 813
769 886 653
581 886 529
677 892 494
763 892 714
769 892 998
581 892 529
763 306 1211
769 306 1100
769 305 908
627 677 1238
771 677 1141
653 677 931
643 677 325
771 763 1293
627 763 314
653 763 102
771 769 393
627 769 32
643 581 1261
627 581 1161
653 581 1029
771 581 220
122 643 1229
462 643 1221
373 643 1220
507 643 1019
3 643 861
304 771 774
373 771 1208
507 771 1295
3 771 24
122 627 1229
373 627 1220
3 627 1088
507 627 845
462 627 819
304 627 212
122 653 1224
462 653 1221
373 653 1071
507 653 1019
3 653 861
304 653 212
375 304 1295
245 304 1023
276 304 839
226 304 475
375 373 1295
213 373 689
276 373 544
226 373 475
245 373 283
211 122 1198
375 122 954
213 122 689
276 122 544
226 122 475
245 122 353
276 507 1110
375 462 960
245 462 693
226 462 605
276 462 201
375 3 333
276 3 2
226 3 1
297 213 1271
465 213 1257
369 213 1117
290 213 796
465 211 1122
297 211 1122
369 211 995
290 211 796
297 226 1298
290 226 1247
465 226 634
369 226 381
465 276 1173
369 276 1014
297 276 593
290 276 401
290 375 1122
297 375 1122
465 375 1062
369 375 1014
297 245 1288
465 245 1257
369 245 1048
290 245 796
475 369 1105
288 369 975
208 369 920
339 369 562
310 369 550
140 290 1226
288 290 1125
475 290 797
310 290 550
339 290 362
475 465 1221
339 465 1
339 297 876
475 297 838
288 297 587
140 297 345
238 140 1114
154 208 998
140 208 431
161 475 412
152 475 982
140 475 68
296 288 857
154 288 457
140 288 386
152 288 361
140 310 615
154 310 288
154 339 1100
161 339 975
296 339 881
152 339 658
140 339 341
179 140 1278
152 140 679
162 152 1016
179 296 623
162 161 777
152 154 1300
162 154 667
152 238 1300
