98
774 248 1104
720 248 1121
774 503 1102
720 503 1102
804 503 1034
774 511 1121
720 511 1121
804 511 1034
774 555 473
720 555 1012
804 555 891
774 610 913
720 610 913
804 610 863
774 631 876
720 631 608
804 631 510
774 667 1066
720 667 1066
804 667 1034
774 843 796
720 843 1081
804 843 390
737 774 994
779 774 1112
797 774 216
814 774 180
814 720 338
779 720 1040
779 804 997
797 804 976
479 698 809
330 698 419
217 698 368
188 698 234
217 814 28
188 814 899
479 814 316
479 797 1109
330 797 474
188 797 645
217 737 801
330 779 602
479 779 1040
76 479 776
409 479 597
413 479 103
413 330 790
409 330 790
76 330 469
409 217 714
413 217 643
76 217 159
413 188 807
409 188 802
76 188 469
408 409 976
355 409 967
436 409 567
398 409 189
436 413 1072
398 413 1067
408 413 942
355 413 335
355 76 793
436 414 1072
398 414 1067
355 414 952
408 414 543
233 436 998
255 436 934
267 436 449
310 436 261
255 398 1022
233 398 663
310 398 254
267 398 240
255 408 698
233 408 685
310 408 450
267 408 449
233 355 1028
255 355 1004
264 355 562
267 355 549
310 355 425
345 264 446
296 255 688
345 255 478
296 233 311
345 310 370
349 310 270
296 267 585
101 343 693
101 349 1095
200 296 671
101 345 634
101 374 566
