112
537 166 1087
512 166 1090
537 314 1143
769 314 2
512 314 1097
537 380 482
123 380 944
512 380 708
537 566 190
123 566 620
769 566 584
512 566 855
537 649 311
123 649 920
769 649 538
512 649 172
537 735 187
123 735 1078
769 735 1261
512 735 420
537 762 235
123 762 1078
769 762 1290
512 762 258
123 11 995
512 11 329
123 892 938
769 892 928
512 892 184
526 537 1240
308 537 872
653 537 311
653 123 2
526 769 1296
526 512 1231
308 512 959
653 512 117
281 308 1243
462 308 1238
439 308 575
281 526 1243
462 526 1238
439 526 785
462 653 1281
407 653 962
281 653 487
439 653 375
223 439 1133
245 439 1051
150 439 677
375 439 227
357 439 150
245 462 1051
375 462 1008
150 462 677
223 462 462
357 462 448
223 281 1179
245 281 1135
375 281 948
150 281 832
357 281 363
245 407 1051
150 407 677
357 407 486
223 407 462
375 407 227
369 375 851
465 375 851
297 375 791
408 375 229
465 357 1280
369 357 1267
297 357 419
408 357 419
369 150 1287
465 150 1266
297 150 973
408 150 419
369 223 1287
465 223 1070
297 223 967
408 223 777
297 245 1294
369 245 1273
465 245 1272
408 245 501
492 369 1218
208 369 731
339 369 702
374 369 460
492 408 1100
374 408 1064
140 408 890
208 408 794
339 408 691
492 465 1279
339 297 955
492 297 505
374 297 505
140 208 593
161 374 1195
152 374 421
140 374 395
161 492 1129
161 339 1062
140 339 549
152 339 523
179 140 1285
199 140 838
162 152 1026
162 161 789
