170
677 468 190
728 468 1215
438 468 367
348 468 1166
769 468 367
677 490 669
728 490 758
438 490 301
348 490 1166
769 490 863
677 516 302
728 516 758
438 516 302
348 516 1166
769 516 703
677 624 786
728 624 758
438 624 984
348 624 884
769 624 353
677 669 163
728 669 758
438 669 249
348 669 1166
769 669 541
677 709 636
728 709 1108
438 709 216
348 709 1166
769 709 1193
677 801 463
728 801 758
438 801 380
348 801 1013
769 801 289
677 894 176
728 894 758
438 894 433
348 894 1083
769 894 289
677 931 570
348 931 6
728 222 737
769 222 148
728 637 1108
438 637 275
348 637 1148
769 637 1157
653 677 1110
526 677 985
709 677 767
353 677 767
353 728 1208
709 438 903
653 438 857
353 438 674
308 438 621
526 438 161
709 348 881
653 348 857
353 348 674
308 348 621
526 348 161
526 769 1180
709 769 1174
308 769 3
122 709 1254
122 308 1256
281 308 1076
462 308 1068
334 308 174
122 526 1256
281 526 1076
462 526 1068
334 526 286
122 353 604
407 353 571
63 353 206
281 353 188
462 653 1176
122 653 1076
407 653 935
63 653 222
281 653 186
223 122 1164
375 122 966
245 122 718
238 122 641
287 122 573
245 63 1204
287 63 284
238 63 83
223 63 17
245 462 1094
375 462 1006
223 462 644
287 462 527
238 462 300
245 281 1199
223 281 1199
375 281 966
238 281 641
287 281 187
245 407 1126
223 407 644
375 407 314
238 407 277
287 407 216
223 334 867
245 334 731
287 334 561
375 334 208
402 375 1248
369 375 917
297 375 567
297 287 1151
402 287 695
369 287 637
371 287 531
369 238 1040
371 238 448
297 238 433
408 238 379
369 223 1279
408 223 744
297 223 634
371 223 345
402 223 329
369 245 1191
297 245 1151
402 245 695
371 245 531
408 245 417
208 402 1298
374 402 1027
339 402 534
424 371 1200
374 371 1050
339 371 729
208 371 406
428 371 318
208 369 867
428 369 773
339 369 529
374 369 311
374 408 1027
208 408 916
339 408 534
424 408 456
339 297 930
424 297 468
374 297 332
428 297 318
208 297 266
154 208 955
140 208 568
383 424 1140
154 424 1070
383 374 818
140 374 434
383 428 1140
154 428 1070
358 428 992
154 339 725
140 339 455
179 140 1285
134 140 967
134 358 1137
134 383 1137
162 154 694
