151
728 37 924
813 37 1285
728 100 751
813 100 1126
728 490 644
677 490 735
813 490 246
692 490 800
728 625 880
677 625 475
813 625 1114
692 625 542
728 646 1176
677 646 245
813 646 1176
692 646 289
728 694 790
677 694 757
813 694 995
692 694 355
728 701 1153
677 701 285
813 701 1153
728 821 709
677 821 880
813 821 148
692 821 493
728 892 316
677 892 553
813 892 767
692 892 154
677 361 229
813 361 1283
692 361 57
813 174 1245
692 174 27
727 728 1265
745 728 148
550 728 1
744 677 920
550 677 860
772 677 585
745 677 541
727 677 488
709 677 476
727 813 1135
560 813 151
744 813 999
550 813 1175
709 692 631
727 692 488
560 692 424
745 692 357
550 692 189
772 692 104
48 709 1150
281 709 4
48 745 1296
48 772 74
280 772 2
281 560 1168
280 560 802
13 560 668
463 560 623
48 560 411
48 727 1298
281 727 106
280 727 505
280 550 802
281 550 713
48 550 694
13 550 668
463 550 498
280 744 183
13 744 143
375 280 1203
11 280 813
30 280 603
501 280 506
501 48 1283
11 48 1273
375 48 1025
30 48 5
30 281 1242
375 281 1189
501 281 1158
11 281 496
375 13 1300
375 463 1300
11 463 153
408 30 1
407 30 4
442 375 1279
402 375 1244
407 375 1237
470 375 1051
470 501 1300
402 501 123
470 11 715
407 11 8
442 11 1
273 442 1300
140 442 1300
208 442 1300
381 442 282
267 442 227
208 407 1300
273 407 1300
140 407 1300
267 407 319
381 407 282
140 402 1300
273 402 1300
208 402 1300
381 402 282
267 402 227
208 408 1214
140 408 1142
273 408 1054
381 408 466
267 408 227
140 470 1207
238 140 1150
204 140 1300
168 140 116
168 208 1269
204 208 1025
214 208 1009
140 208 525
154 208 482
168 273 1014
214 273 1009
204 273 642
154 273 482
140 273 392
140 267 1002
204 267 610
154 267 533
214 381 634
154 381 533
140 381 427
204 381 368
152 168 1300
152 140 1000
152 214 1300
76 214 945
152 204 1300
76 152 1294
152 154 1300
76 154 759
152 238 1300
