142
390 66 731
807 66 918
390 169 721
390 197 865
807 197 819
390 443 299
346 443 376
807 443 1176
75 443 1160
390 465 282
346 465 288
807 465 1077
75 465 608
390 566 299
346 566 293
807 566 1083
75 566 1083
390 610 282
346 610 375
807 610 1093
75 610 608
390 678 299
346 678 714
807 678 1176
75 678 1160
390 883 108
346 883 344
807 883 690
75 883 897
346 14 676
346 259 1079
807 259 750
75 259 1199
346 348 135
807 348 20
75 348 1097
346 930 754
807 930 1053
75 930 1
346 1008 107
807 67 1157
75 67 916
796 390 1274
751 390 752
784 390 712
614 390 537
796 346 1018
784 346 1018
614 346 689
796 807 1244
751 807 195
784 75 1165
796 75 1266
370 784 322
142 784 432
141 784 1
370 614 1194
439 614 517
402 614 480
141 614 348
141 796 685
142 796 1059
370 796 1266
402 796 65
439 796 236
439 751 843
370 751 1180
141 751 45
142 751 61
87 439 1223
312 439 794
94 439 326
307 439 284
78 439 147
87 370 1275
94 370 1198
312 370 659
307 370 510
78 370 316
87 402 1043
312 402 794
375 402 749
78 402 370
87 141 1245
94 141 882
78 141 736
312 141 661
307 141 510
375 141 168
87 142 1208
94 142 701
312 142 659
307 142 510
78 142 215
311 78 265
408 78 5
175 312 959
112 312 555
311 312 511
112 87 1239
311 87 31
170 94 1106
250 94 874
175 94 21
175 307 1226
408 307 1149
170 307 959
250 307 950
311 307 905
112 307 379
311 375 712
112 375 363
250 375 253
170 375 253
298 175 742
208 175 362
362 175 264
219 175 205
362 112 1
298 170 1230
208 170 716
219 170 217
362 408 975
208 408 972
298 408 827
208 311 923
362 250 1133
208 250 379
219 250 232
214 208 1208
374 208 343
382 219 510
341 219 456
374 298 974
214 362 395
374 362 318
101 382 1115
68 242 1239
101 374 1112
68 214 906
101 214 692
101 341 876
