269
183 158 670
131 158 1141
183 419 1098
244 419 831
128 419 514
64 419 483
278 419 533
131 419 372
239 419 970
183 442 1099
244 442 831
128 442 872
64 442 538
278 442 556
131 442 225
239 442 569
183 476 1016
244 476 831
128 476 514
64 476 483
278 476 149
131 476 207
239 476 858
183 483 1099
244 483 831
128 483 514
64 483 483
278 483 556
131 483 438
239 483 684
183 509 926
244 509 831
128 509 731
64 509 483
278 509 556
131 509 258
239 509 744
183 516 904
244 516 831
128 516 591
64 516 483
278 516 556
131 516 251
239 516 928
183 529 1099
244 529 831
128 529 638
64 529 483
278 529 433
131 529 225
239 529 523
183 553 1099
244 553 831
128 553 514
64 553 483
278 553 196
131 553 266
239 553 523
183 594 1099
244 594 831
128 594 514
64 594 483
278 594 565
131 594 225
239 594 584
183 634 984
244 634 831
128 634 517
64 634 517
278 634 495
131 634 222
239 634 523
183 654 1099
244 654 831
128 654 713
64 654 545
278 654 149
131 654 190
239 654 523
183 673 1099
244 673 831
128 673 514
64 673 483
278 673 565
131 673 225
239 673 523
183 746 1099
244 746 831
128 746 514
64 746 483
278 746 266
131 746 353
239 746 970
183 747 1099
244 747 831
128 747 514
64 747 483
278 747 397
131 747 225
239 747 941
198 183 427
777 183 766
255 183 1063
726 183 384
656 183 8
484 183 1
255 244 945
748 244 922
777 244 977
198 244 43
777 128 305
748 128 849
255 128 144
198 128 52
255 64 906
777 64 935
198 64 743
748 64 7
777 278 970
255 278 627
198 278 584
748 278 567
656 278 466
484 278 326
726 278 267
726 131 847
748 131 1200
656 131 86
748 239 584
777 239 855
726 239 1248
484 239 108
198 656 730
326 656 536
416 656 477
154 656 366
154 198 1103
198 198 491
326 198 72
262 198 538
185 198 146
198 777 838
185 777 867
326 777 870
262 777 561
154 777 69
326 484 865
198 484 796
185 484 419
154 484 360
326 748 813
198 748 485
185 748 21
416 726 439
326 726 885
198 726 352
262 726 110
185 726 4
185 255 770
198 255 1048
326 255 58
262 255 27
154 255 39
375 416 1074
30 416 819
133 416 474
39 416 448
332 416 237
133 326 868
30 326 773
241 326 399
39 185 820
133 185 703
30 185 583
332 185 327
375 185 327
241 185 305
30 262 1158
332 262 639
39 262 362
133 262 355
375 262 247
241 262 190
375 198 1165
30 198 1163
332 198 639
107 198 515
133 198 339
241 198 236
39 198 221
375 154 791
133 154 703
30 154 454
241 154 330
332 154 322
107 154 269
114 107 327
407 107 53
114 30 613
68 30 792
408 30 1
407 30 3
407 375 1279
442 375 1263
447 375 921
402 375 856
114 375 526
114 241 1134
407 241 434
442 241 403
68 241 339
114 332 440
351 332 352
442 332 328
407 332 279
402 332 279
447 332 279
114 133 512
407 133 400
447 133 400
351 39 62
407 415 870
408 415 794
402 415 769
442 415 218
447 415 180
324 68 196
273 447 1298
208 447 1295
206 447 1020
324 447 455
424 447 426
437 447 268
436 447 268
273 442 1283
208 442 1283
206 442 987
273 114 4
424 114 34
324 351 575
436 351 471
437 351 310
424 351 232
273 351 232
208 351 229
273 407 1297
208 407 1295
206 407 682
324 407 558
436 407 428
424 407 359
437 407 302
273 402 1298
208 402 1295
206 402 1182
324 402 204
208 408 1093
206 408 1000
273 408 773
324 408 455
424 408 426
214 208 1161
214 437 1193
214 436 1193
214 273 1161
214 324 406
152 214 1298
200 214 1056
76 214 734
