344
802 478 423
657 478 387
722 478 473
683 478 468
787 478 786
189 478 157
607 478 374
781 478 514
802 481 423
657 481 658
722 481 473
683 481 375
787 481 446
189 481 220
607 481 374
781 481 446
802 508 466
657 508 491
722 508 244
683 508 220
787 508 786
189 508 361
607 508 301
781 508 303
802 530 401
657 530 387
722 530 881
683 530 220
787 530 509
189 530 380
607 530 301
781 530 379
802 553 497
657 553 225
722 553 446
683 553 241
787 553 720
189 553 361
607 553 289
781 553 305
802 562 401
657 562 387
722 562 174
683 562 220
787 562 786
189 562 180
607 562 322
781 562 486
802 593 497
657 593 419
722 593 548
683 593 755
787 593 773
189 593 361
607 593 374
781 593 366
802 599 188
657 599 419
722 599 871
683 599 556
787 599 374
189 599 149
607 599 374
781 599 188
802 677 401
657 677 520
722 677 240
683 677 220
787 677 786
189 677 380
607 677 301
781 677 472
802 680 221
657 680 580
722 680 781
683 680 188
787 680 348
189 680 375
607 680 180
781 680 348
802 720 497
657 720 387
722 720 405
683 720 220
787 720 786
189 720 361
607 720 379
781 720 619
802 754 149
657 754 419
722 754 548
683 754 142
787 754 388
189 754 308
607 754 334
781 754 330
802 776 406
722 776 539
683 776 274
787 776 657
189 776 532
607 776 658
781 776 480
802 794 222
657 794 524
722 794 241
683 794 121
787 794 657
189 794 532
607 794 658
781 794 283
802 826 406
657 826 496
722 826 539
683 826 441
787 826 657
189 826 266
607 826 182
781 826 551
802 865 406
657 865 330
722 865 539
683 865 274
787 865 593
189 865 383
607 865 457
781 865 485
802 887 175
657 887 208
722 887 369
683 887 487
787 887 657
189 887 347
607 887 724
657 86 58
787 86 1060
657 825 512
722 825 350
683 825 441
787 825 593
189 825 266
607 825 298
781 825 570
657 967 10
787 967 177
607 967 255
781 967 20
722 62 51
683 62 142
787 62 763
189 62 766
781 62 292
787 113 888
781 113 329
787 289 1189
827 802 586
686 802 456
42 802 21
686 657 459
42 657 355
805 657 355
581 657 294
658 657 227
736 657 192
677 657 164
805 722 163
581 683 981
658 683 963
677 683 666
736 683 629
42 683 473
686 683 459
805 683 401
42 787 623
805 787 443
827 787 296
805 189 916
736 189 174
581 607 841
677 607 666
736 607 629
686 607 459
42 607 324
658 607 293
827 607 270
805 607 187
827 781 285
686 781 172
736 781 19
677 781 3
35 581 1026
414 581 1021
463 581 998
54 581 658
1 581 641
355 581 286
414 658 1021
35 658 428
355 658 214
208 658 197
463 658 143
54 658 131
35 805 83
414 805 288
355 805 91
208 805 44
54 805 52
463 686 1290
414 686 849
54 686 555
35 686 248
49 686 225
208 827 97
355 827 13
355 736 501
35 736 846
208 736 305
414 677 1055
54 677 978
35 677 428
463 677 233
208 677 197
355 677 150
355 42 1
94 54 1012
412 54 29
220 54 480
94 1 681
87 1 201
94 208 714
87 208 521
390 208 305
307 208 267
220 208 219
87 49 46
94 355 714
307 35 215
87 35 5
375 414 1162
415 414 1096
390 414 1096
87 414 587
412 414 543
220 414 498
94 414 203
375 463 1294
390 463 908
415 463 484
220 463 469
412 463 280
94 463 276
385 412 1027
408 412 972
436 412 965
279 412 589
416 412 215
251 94 504
279 94 10
377 94 10
251 87 279
408 307 1093
377 307 1018
100 307 522
436 307 382
436 375 679
416 375 679
385 375 434
408 375 289
416 390 1199
385 390 936
279 390 589
408 390 476
385 415 820
408 415 817
436 415 725
416 415 722
251 415 236
377 220 1195
385 220 1156
251 220 369
436 220 237
168 100 291
298 251 514
168 251 427
267 251 417
298 408 969
402 408 683
267 408 375
233 408 272
233 385 816
298 385 374
267 385 229
168 377 1250
233 377 404
233 436 1090
298 436 977
267 436 375
402 436 299
233 416 1090
402 416 459
298 416 374
168 416 181
298 279 660
168 279 359
233 279 359
402 279 220
379 402 569
342 402 566
340 402 566
343 402 566
330 402 500
349 402 483
330 233 869
340 233 797
379 233 730
349 233 396
343 233 396
348 233 395
342 233 369
379 298 730
343 298 373
340 298 288
330 298 288
342 298 184
348 267 1077
379 267 432
330 168 475
340 168 1071
342 168 517
69 343 988
134 342 1290
133 342 1152
69 342 878
69 330 1048
134 330 750
133 349 1203
69 349 878
134 349 750
134 379 1197
133 379 796
133 340 1298
134 340 829
69 348 988
133 348 881
