147
774 192 709
766 192 1141
775 192 628
774 475 637
766 475 502
795 475 544
775 475 1099
774 503 410
766 503 403
795 503 749
775 503 749
774 559 461
766 559 878
795 559 1109
775 559 202
774 562 546
766 562 298
795 562 989
775 562 541
774 606 626
766 606 626
795 606 660
775 606 1064
774 756 969
766 756 725
795 756 925
775 756 443
774 769 470
766 769 743
795 769 892
775 769 1101
774 839 728
766 839 743
795 839 892
775 839 1101
774 856 752
766 856 743
795 856 892
775 856 1052
737 774 1172
704 774 49
821 766 541
752 766 504
737 766 92
737 795 279
821 795 232
704 775 802
752 775 591
466 821 820
521 821 8
431 821 22
229 821 2
229 752 13
431 752 3
466 704 828
217 704 118
431 704 2
521 704 12
217 737 1214
466 737 935
229 737 81
403 229 895
413 229 869
409 229 641
409 466 971
413 217 683
409 217 589
403 217 559
409 431 955
415 431 920
413 431 873
403 431 604
414 431 222
413 521 132
409 521 802
403 521 2
414 463 1290
390 463 1000
409 463 710
415 463 710
413 463 381
403 463 182
416 403 1247
412 403 1221
398 403 1009
436 403 407
408 403 349
416 409 1247
412 409 1221
408 409 1047
436 409 469
398 409 161
412 413 1187
398 413 1187
416 413 1174
436 413 1089
408 413 1034
416 390 1247
412 390 1221
398 390 719
408 390 349
436 390 88
412 415 1014
416 415 1014
436 415 903
398 415 903
408 415 816
436 414 1089
398 414 1059
416 414 880
412 414 761
408 414 349
255 408 874
208 408 806
233 408 768
267 408 290
233 436 1112
255 436 1083
208 436 832
267 436 290
255 398 1182
233 398 737
208 398 486
233 416 1112
208 416 513
255 412 1182
233 412 552
267 412 290
208 412 249
214 208 1126
342 208 857
330 208 371
214 255 504
330 233 770
368 233 687
379 233 558
368 267 581
379 267 409
134 330 919
134 342 1287
152 342 1109
134 368 1287
152 368 840
152 214 1300
134 214 1199
76 214 816
134 379 1211
