215
170 204 5
253 204 216
239 204 37
131 204 333
136 204 26
170 410 362
253 410 844
239 410 424
754 410 473
131 410 366
136 410 844
170 439 1130
253 439 465
239 439 335
754 439 630
131 439 675
136 439 719
170 447 451
253 447 701
239 447 438
754 447 491
131 447 248
136 447 701
170 476 442
253 476 239
239 476 768
754 476 653
131 476 239
136 476 559
170 483 539
253 483 256
239 483 801
754 483 312
131 483 414
136 483 373
170 487 339
253 487 889
239 487 436
754 487 404
131 487 390
136 487 889
170 557 708
253 557 806
239 557 528
754 557 473
131 557 434
136 557 806
170 599 266
253 599 819
239 599 744
754 599 388
131 599 554
136 599 819
170 645 947
253 645 886
239 645 464
754 645 464
136 645 886
170 770 976
253 770 648
239 770 484
754 770 212
131 770 815
136 770 292
170 852 816
253 852 816
239 852 491
131 852 863
136 852 730
253 400 201
239 400 506
754 400 580
131 400 760
136 400 201
253 777 1009
239 777 387
754 777 242
131 777 693
136 777 292
239 35 1063
131 35 850
136 35 357
748 170 1213
716 170 325
579 170 357
729 253 1218
742 253 264
726 253 15
748 239 680
726 239 1236
716 239 153
579 239 3
729 754 488
742 754 600
634 754 130
726 754 17
726 131 1028
748 131 1206
742 131 7
726 136 1193
716 136 658
185 716 983
294 716 321
150 716 96
9 716 346
294 579 691
322 579 524
9 579 491
416 579 399
150 579 268
185 579 240
9 748 479
97 748 621
185 748 10
322 742 978
416 742 37
416 726 613
294 726 131
9 726 14
185 726 7
150 729 383
416 729 85
97 729 6
416 634 1092
9 634 894
322 634 747
185 634 299
487 9 216
375 416 1057
487 416 1044
39 416 807
29 416 690
375 294 652
77 294 652
487 294 490
390 294 306
415 294 276
39 294 226
39 185 1125
77 185 948
29 185 779
487 185 527
375 185 388
39 97 173
29 150 779
39 150 690
77 150 690
487 150 550
39 322 1187
77 322 948
487 322 440
375 322 440
29 322 274
17 487 2
407 375 1222
402 375 794
416 375 643
436 375 637
17 375 571
226 375 385
402 77 242
407 77 41
17 39 1235
226 39 512
226 29 902
407 390 1204
402 390 1172
416 390 1138
408 390 332
226 390 281
407 415 907
402 415 676
436 415 676
416 415 661
408 415 631
226 415 281
208 407 1233
324 407 735
437 407 396
436 407 396
208 226 402
324 226 303
208 402 1233
324 402 356
208 408 957
324 408 627
437 17 446
436 17 744
208 436 834
324 436 746
324 416 746
437 416 274
208 416 245
388 208 1053
342 208 1053
340 208 419
330 208 419
330 436 1145
388 436 1136
340 436 591
342 436 263
388 437 1073
330 437 1073
342 437 1019
340 437 1019
342 324 921
388 324 921
330 324 420
69 330 1122
134 330 825
134 342 1238
69 342 1011
134 340 986
134 388 1172
69 388 831
