195
728 37 966
813 37 1220
728 62 1128
813 62 1083
314 62 987
728 100 950
813 100 938
728 451 884
654 451 467
813 451 706
314 451 679
293 451 292
728 540 935
813 540 1108
314 540 138
293 540 247
728 543 1159
654 543 374
813 543 1190
314 543 312
293 543 505
728 625 824
654 625 375
813 625 923
314 625 766
293 625 386
728 690 376
654 690 184
813 690 639
314 690 163
293 690 254
728 701 884
654 701 374
813 701 1154
314 701 738
293 701 505
728 733 549
654 733 467
813 733 907
314 733 312
293 733 575
728 799 719
813 799 485
314 799 492
293 799 339
728 826 1030
654 826 156
813 826 485
314 826 492
293 826 339
728 878 378
654 878 215
813 878 299
293 878 1033
728 887 499
654 887 417
293 887 1033
813 361 1222
321 728 629
799 728 1243
727 728 1277
321 654 794
691 654 697
799 654 664
727 654 343
550 654 343
586 654 311
321 813 30
799 813 1198
727 813 1263
550 813 1265
691 813 99
727 314 1244
799 314 912
550 314 909
321 314 744
586 314 564
691 314 485
727 293 1162
550 293 876
321 293 700
586 293 564
691 293 385
799 293 370
147 321 727
90 321 618
48 321 366
48 799 1091
147 799 1097
442 799 232
147 691 678
90 691 586
442 691 281
463 691 281
48 691 203
147 727 1102
48 727 1298
147 550 977
48 550 833
442 550 413
463 550 271
90 550 271
147 586 1107
48 586 792
442 586 792
90 586 586
463 586 380
21 90 941
403 90 5
375 48 779
11 48 1298
415 48 1
375 442 906
415 442 654
21 442 563
412 442 547
403 442 294
11 29 306
21 29 955
11 147 735
375 147 686
21 147 403
412 147 288
415 147 278
375 463 1299
21 463 869
412 463 547
415 463 251
403 463 209
398 403 979
408 403 618
402 403 311
436 403 311
175 403 142
470 11 907
402 375 1075
470 375 1002
398 375 664
436 375 523
408 375 246
408 415 1031
402 415 872
398 415 706
436 415 706
408 412 958
436 412 957
402 412 957
398 412 957
175 412 229
470 21 788
408 21 459
436 21 78
398 21 62
175 21 13
233 175 1119
264 175 974
374 175 584
208 175 522
140 175 428
360 175 193
140 402 1300
208 402 1300
374 402 1128
360 402 802
233 402 256
208 408 983
140 408 842
374 408 836
233 408 700
360 408 148
140 470 1052
208 436 1053
140 436 1053
233 436 1044
374 436 930
374 398 1224
140 398 915
208 398 854
233 398 528
238 140 937
312 208 720
312 360 495
346 360 434
312 233 598
349 233 329
346 374 336
389 264 1160
346 264 1122
348 264 1046
134 389 614
134 346 936
134 349 807
152 312 1299
152 348 1298
152 238 1300
