125
121 35 405
756 35 1071
121 501 898
24 501 566
754 501 766
756 501 450
121 506 718
24 506 852
223 506 293
754 506 807
756 506 945
121 633 921
24 633 1101
223 633 664
754 633 255
121 770 1147
24 770 742
223 770 863
754 770 759
756 770 475
121 772 1147
24 772 742
223 772 818
754 772 822
756 772 475
121 777 1147
24 777 549
223 777 184
754 777 727
756 777 475
121 878 909
24 878 871
223 878 517
754 878 997
756 878 475
121 886 430
24 886 328
223 886 235
754 886 1091
756 886 475
756 234 591
706 121 1241
752 121 483
742 121 509
758 121 398
557 121 1
706 24 1285
758 24 1295
557 24 6
557 223 926
821 223 1288
557 754 319
706 754 1288
742 754 547
758 754 266
557 756 608
821 756 1204
706 756 1284
200 821 18
365 821 22
281 742 306
416 742 29
460 742 18
200 758 205
299 758 1
460 752 26
299 557 1272
365 557 1232
281 557 953
200 557 777
416 557 485
299 706 1239
460 706 550
281 706 19
416 706 26
487 416 1172
375 416 973
30 416 711
487 460 1215
375 460 284
107 460 236
30 200 1182
107 200 789
375 200 379
487 200 379
487 299 1161
375 299 805
30 299 805
107 299 700
30 365 1066
375 365 1017
487 365 974
107 365 916
30 281 1232
375 281 1017
487 281 974
107 281 197
127 487 1280
348 487 24
407 375 1273
442 375 1270
402 375 1029
139 375 609
127 375 415
139 107 1288
127 107 1292
407 107 41
348 30 636
407 30 1
208 442 1289
206 442 1160
208 407 1298
206 407 873
424 407 397
437 407 310
208 402 1298
206 402 1259
424 127 13
208 348 506
437 348 377
206 348 331
424 348 267
76 216 1298
152 216 1217
76 152 1298
