228
718 32 250
360 32 861
306 32 133
718 228 66
239 228 528
58 228 56
718 443 169
239 443 1246
58 443 453
209 443 521
360 443 418
306 443 522
718 531 637
239 531 891
58 531 206
209 531 829
360 531 205
306 531 370
718 657 270
239 657 476
58 657 453
209 657 521
360 657 418
306 657 476
718 775 1170
239 775 464
58 775 464
209 775 938
360 775 726
306 775 1110
718 780 981
239 780 517
58 780 813
209 780 689
360 780 557
306 780 557
718 786 331
239 786 892
58 786 1005
209 786 160
360 786 297
306 786 438
718 806 299
239 806 917
58 806 839
209 806 154
360 806 302
306 806 965
718 809 1072
239 809 689
58 809 901
209 809 630
360 809 282
306 809 355
718 822 845
239 822 892
58 822 1060
209 822 845
360 822 151
306 822 760
718 831 1148
239 831 495
58 831 510
209 831 160
360 831 600
306 831 417
718 852 772
239 852 718
58 852 645
209 852 772
360 852 378
306 852 799
239 476 1175
58 476 160
209 476 965
360 476 750
306 476 342
729 718 599
605 718 648
726 718 77
726 239 1294
748 239 665
716 239 181
748 58 1275
711 209 1191
716 209 1102
729 209 1164
748 360 911
716 360 823
726 360 589
711 360 589
729 360 308
711 306 955
748 306 866
605 306 831
716 306 823
729 306 472
726 306 385
185 716 1136
9 716 675
150 716 120
228 716 50
185 711 709
150 711 496
478 711 1070
297 711 373
228 711 35
9 748 971
285 748 1037
185 748 83
297 748 2
478 605 982
185 605 861
297 605 487
228 605 423
285 605 167
297 729 908
478 729 1111
285 729 224
150 729 487
285 726 1147
9 726 210
185 726 69
183 9 386
246 478 341
183 478 3
39 228 1096
77 228 942
183 228 594
154 228 460
263 228 337
39 185 1150
77 185 942
375 185 559
154 185 519
183 185 361
246 185 271
77 150 913
39 150 913
263 150 659
183 150 594
154 150 535
154 285 503
263 285 412
183 297 594
77 297 580
375 297 580
154 297 460
263 297 409
416 375 687
436 375 608
68 375 383
348 375 382
226 375 381
226 246 647
388 246 392
348 246 369
68 246 352
388 77 6
436 183 681
356 183 681
348 183 524
68 183 174
416 183 174
68 263 779
436 263 727
356 263 727
348 263 602
388 263 456
226 263 389
226 39 538
68 154 679
436 154 616
356 154 616
388 154 486
348 154 382
436 415 660
416 415 631
226 415 308
402 68 184
324 68 523
417 388 1217
324 388 598
208 388 451
402 388 232
324 356 755
402 356 730
402 348 1100
417 348 1100
324 348 378
208 348 306
324 436 850
208 436 845
402 436 345
417 436 322
324 416 850
417 416 478
402 416 410
208 416 410
417 226 1274
402 226 542
208 226 306
324 226 280
342 402 726
379 402 584
330 402 482
343 402 476
349 402 407
342 208 1063
330 208 426
330 417 1177
379 417 1059
342 417 726
343 417 346
349 417 242
342 324 873
379 324 601
349 324 594
343 324 441
330 324 402
69 343 1180
69 330 1147
134 330 976
134 342 1299
69 342 1075
69 349 1122
134 349 976
134 379 1252
