89
677 269 2
763 269 25
677 493 595
763 493 776
769 493 834
677 613 720
763 613 720
769 613 1296
677 649 723
763 649 1191
769 649 1191
677 701 600
763 701 1041
769 701 1276
677 762 629
763 762 543
769 762 1297
677 780 1021
763 780 587
769 780 1133
677 821 1230
763 821 211
769 821 1247
769 305 1211
627 677 1268
771 677 1264
653 677 959
771 763 1298
653 763 250
627 763 187
771 769 342
627 769 2
304 771 1136
507 771 1300
507 627 1067
462 627 755
304 627 450
462 653 1266
507 653 1036
304 653 450
281 653 367
375 304 1299
287 304 1229
245 304 1199
287 507 14
375 462 1070
245 462 997
287 462 736
223 462 594
223 281 1224
245 281 1132
375 281 914
287 281 367
297 287 1286
465 287 1286
369 287 776
297 375 1205
465 375 1179
369 375 1179
369 223 1300
297 223 1272
465 223 894
297 245 1299
465 245 1287
369 245 1279
492 369 1250
339 369 740
374 369 464
255 369 234
492 465 1293
339 465 3
339 297 1174
492 297 470
374 297 470
140 297 182
255 297 164
161 255 1212
152 255 623
296 255 597
161 374 1289
152 374 556
161 492 1271
296 492 22
161 339 1212
296 339 1060
152 339 623
162 152 1193
179 296 763
162 161 838
