111
388 459 419
815 459 1290
294 459 1025
388 539 253
278 539 742
815 539 1218
294 539 509
388 541 401
278 541 373
815 541 859
294 541 601
388 575 555
278 575 437
815 575 1246
294 575 746
388 784 666
278 784 207
294 784 1108
388 821 837
278 821 1038
815 821 257
294 821 1164
388 849 837
278 849 1038
815 849 306
294 849 1043
388 887 687
278 887 1038
815 887 665
294 887 1096
812 388 1006
823 388 839
680 388 711
560 388 564
812 278 1251
560 278 811
680 278 711
823 278 536
823 815 1223
812 294 1251
680 294 831
560 294 612
823 294 393
301 823 1249
200 823 1137
163 823 13
163 812 1109
200 812 1278
200 680 1186
281 680 583
301 680 179
200 560 1228
281 560 1172
301 560 935
163 560 921
30 200 1233
107 200 460
360 200 306
375 200 189
30 163 1258
375 163 813
272 163 790
107 163 361
360 163 306
30 281 1256
375 281 945
272 281 739
360 281 250
30 301 853
360 301 842
375 301 804
272 301 790
408 107 1
196 30 33
196 272 559
408 272 448
402 272 312
402 375 1251
196 375 636
416 375 448
412 375 262
196 360 559
408 360 375
208 408 1189
381 408 981
140 408 963
140 402 1300
208 402 1300
381 402 819
140 416 963
208 416 368
381 416 368
140 196 1202
381 196 949
208 196 882
140 412 1240
381 412 819
238 140 1184
168 140 98
168 208 1254
214 208 1075
140 208 488
214 381 623
140 381 554
184 140 1281
152 140 957
152 168 1300
184 152 832
152 214 1300
184 214 454
152 238 1300
