176
419 167 268
810 167 1218
419 222 148
482 222 445
810 222 1088
646 222 140
419 354 546
482 354 3
810 354 1026
646 354 84
419 463 399
482 463 820
810 463 1244
646 463 568
613 463 371
419 675 891
482 675 268
810 675 981
646 675 537
613 675 646
419 776 646
482 776 850
810 776 678
646 776 766
419 784 761
482 784 362
810 784 973
646 784 265
613 784 200
419 844 1001
482 844 773
810 844 942
419 870 761
482 870 698
810 870 682
646 870 614
613 870 584
419 878 761
482 878 498
810 878 970
646 878 150
613 878 725
419 879 761
482 879 698
810 879 902
646 879 145
613 879 725
419 885 761
482 885 498
810 885 888
646 885 345
613 885 128
419 927 23
482 927 256
810 927 829
646 927 168
613 927 696
482 126 712
810 126 78
646 126 583
613 126 71
810 186 1050
646 186 445
613 186 72
742 419 1268
79 419 1224
605 419 276
677 419 273
742 482 1268
79 482 1224
605 482 351
677 482 311
79 810 857
742 810 212
742 646 1273
79 646 1219
605 646 845
742 613 1268
79 613 1219
677 613 965
605 613 404
322 742 1164
364 742 1035
371 742 8
322 79 1142
364 79 1262
371 79 133
322 677 1070
364 677 675
371 677 458
35 677 381
495 677 152
35 605 1022
364 605 672
322 605 514
495 605 451
371 605 277
39 371 1122
130 371 1122
387 371 737
422 371 192
39 495 920
39 364 1227
387 364 1175
130 364 1144
422 364 538
415 364 211
422 35 168
39 322 1227
130 322 1144
387 322 1126
422 322 203
380 422 837
309 422 189
17 422 99
17 39 1299
380 402 893
309 402 486
320 402 387
17 402 123
380 387 893
320 387 584
193 387 346
320 130 1138
17 130 852
380 130 271
309 130 252
380 415 893
309 415 641
320 415 555
437 380 1201
436 380 1166
415 380 789
298 380 314
436 17 681
437 17 423
415 17 958
298 17 7
437 309 629
436 309 629
415 309 629
298 309 582
437 320 1065
436 320 1065
415 320 908
298 320 738
437 193 1201
436 193 1166
415 193 917
388 436 1229
379 436 1039
340 436 903
343 436 633
342 436 438
388 437 1264
340 437 1238
342 437 1235
343 437 758
388 415 1264
340 415 1252
342 415 1235
343 415 758
379 298 893
343 298 559
342 298 337
340 298 255
95 343 985
134 342 1299
133 342 1265
95 342 1165
134 379 1247
133 379 894
133 340 1300
134 340 784
95 388 1279
134 388 1073
