172
162 57 1007
197 57 901
162 337 1148
197 337 631
162 664 884
197 664 884
343 664 889
162 742 1024
197 742 963
343 742 858
162 748 972
197 748 963
343 748 858
162 811 1075
197 811 991
343 811 863
162 834 1075
197 834 602
343 834 711
162 876 1075
197 876 1036
343 876 892
197 923 951
343 923 845
780 162 1196
656 162 221
669 162 476
695 197 485
780 197 1220
743 197 176
780 343 891
743 343 824
669 343 613
656 343 492
695 343 219
168 656 861
254 656 485
439 656 479
206 656 346
168 669 694
206 669 634
255 669 588
439 669 479
350 669 373
168 743 736
206 743 13
255 743 2
168 695 861
206 695 591
255 695 588
254 695 485
439 695 377
350 695 373
52 695 310
206 780 756
52 780 794
255 780 472
254 780 44
350 780 3
439 780 1
344 255 1029
87 255 789
233 255 647
312 255 246
147 255 232
375 255 232
87 439 1155
147 439 1008
312 439 877
87 350 1075
375 350 562
344 350 491
312 350 289
344 206 1029
233 206 894
87 206 789
375 206 409
312 206 246
233 168 894
87 168 726
375 168 622
344 168 567
87 254 947
344 254 491
312 254 345
375 254 330
233 254 316
344 52 842
375 52 4
407 375 1285
311 375 651
331 375 551
381 375 476
251 375 283
285 375 269
251 87 393
381 87 18
407 87 49
311 87 11
285 87 4
311 312 600
251 312 500
285 312 295
381 233 756
311 233 651
407 233 427
285 233 400
251 233 347
407 147 834
311 147 651
331 147 529
251 147 500
381 147 476
351 147 406
285 147 286
311 344 1156
381 344 476
351 344 378
285 344 269
331 344 269
84 285 979
273 285 386
298 285 307
273 407 1300
208 407 1300
84 407 833
298 407 616
429 407 246
84 351 1076
273 351 428
298 351 318
429 351 301
428 351 301
298 251 607
428 251 443
273 251 417
84 251 326
208 311 979
429 311 792
84 311 326
84 331 1149
208 331 739
298 331 303
429 331 253
219 331 253
298 381 607
273 381 231
214 208 1199
382 84 2
377 219 468
382 219 414
214 273 1199
355 298 319
355 428 890
382 428 860
336 428 725
214 428 653
377 428 578
214 429 1068
355 429 998
382 429 798
336 429 725
377 429 417
101 382 1078
101 355 1020
101 336 1243
101 377 790
152 377 790
152 214 1300
68 214 586
101 214 575
152 195 668
