237
87 100 1031
754 100 1092
613 100 300
87 334 5
754 334 187
820 334 1026
613 334 84
779 334 318
87 419 674
665 419 282
754 419 1130
820 419 706
613 419 646
779 419 491
87 429 227
665 429 571
806 429 668
754 429 1068
820 429 373
613 429 258
779 429 280
87 476 410
665 476 443
806 476 442
754 476 1024
820 476 841
613 476 646
779 476 831
87 535 596
665 535 571
806 535 755
754 535 679
820 535 373
613 535 255
779 535 280
87 541 169
665 541 571
806 541 688
754 541 1168
820 541 373
613 541 285
779 541 280
87 608 402
665 608 278
806 608 622
754 608 1146
820 608 715
613 608 646
779 608 482
87 747 276
665 747 443
806 747 442
754 747 1002
820 747 916
613 747 646
779 747 130
87 770 283
665 770 359
806 770 261
754 770 796
820 770 308
613 770 452
779 770 737
87 773 652
665 773 121
806 773 760
754 773 1075
820 773 395
613 773 113
779 773 294
87 777 283
665 777 359
806 777 261
754 777 900
613 777 119
779 777 162
87 789 652
665 789 359
754 789 1075
820 789 308
613 789 226
779 789 373
665 183 16
806 183 810
779 183 170
665 205 2
806 205 984
754 205 256
779 205 503
806 972 348
754 972 968
473 87 16
79 87 10
700 87 1
700 665 1138
473 665 594
752 665 538
742 665 501
789 665 277
700 806 55
752 806 5
742 754 1058
789 754 113
700 754 165
605 754 16
473 754 17
726 754 3
752 820 954
726 820 925
473 820 396
79 820 168
742 613 1233
79 613 844
700 613 323
789 613 277
605 613 158
752 613 106
473 613 70
742 779 77
789 779 334
752 779 557
364 742 467
322 742 1067
416 742 6
322 79 1137
364 79 967
364 752 28
9 789 1217
69 789 8
9 473 987
416 473 823
463 473 310
69 473 274
364 473 199
416 605 1095
322 605 465
364 605 225
463 605 213
463 700 1285
322 700 681
416 700 608
364 700 234
416 726 673
9 726 58
375 416 1066
39 416 973
29 416 648
39 364 1207
29 364 628
375 364 414
77 364 295
39 322 1204
77 322 1109
375 322 335
375 463 1299
414 463 1289
77 463 1110
415 463 367
39 463 314
29 463 283
407 77 37
320 77 1
407 375 1283
416 375 723
436 375 691
17 375 610
17 39 1297
408 29 1
407 415 980
408 415 910
416 415 653
436 415 636
320 415 212
436 414 1121
407 414 750
416 414 733
193 414 646
408 414 357
320 414 291
208 407 1300
324 407 668
437 407 385
436 407 385
415 407 306
208 408 973
324 408 603
415 408 528
436 17 752
415 17 929
437 17 439
436 320 982
437 320 982
415 320 822
324 320 651
208 320 291
436 193 1225
437 193 1214
415 193 794
324 193 672
208 193 218
208 436 808
324 436 668
415 436 250
324 416 668
437 416 386
208 416 329
415 416 329
388 208 1127
342 208 1127
330 208 423
340 208 423
388 436 1196
330 436 1194
340 436 737
349 436 606
342 436 294
388 437 1166
330 437 1166
340 437 1112
342 437 1112
349 437 606
388 415 1267
342 415 1257
340 415 1245
330 415 1169
349 415 606
388 324 1001
342 324 1001
134 342 1300
69 342 1012
69 330 1115
134 330 897
69 349 1012
134 349 897
134 388 1239
69 388 843
134 340 1107
