92
557 447 993
170 447 656
131 447 352
800 447 953
557 542 993
170 542 580
131 542 273
800 542 953
557 624 442
170 624 870
131 624 720
800 624 1112
557 694 993
170 694 703
131 694 668
800 694 1112
557 739 556
170 739 703
131 739 668
800 739 1112
557 803 941
170 803 1058
131 803 1000
557 865 940
170 865 184
131 865 409
800 865 226
170 228 1112
131 228 1129
800 228 652
758 557 1158
726 557 333
716 557 247
758 170 1190
716 170 695
726 131 1118
716 800 422
758 800 16
25 716 1047
259 716 74
25 758 935
97 758 1174
164 758 30
259 726 1218
497 726 26
164 726 67
107 25 1300
107 259 922
413 259 541
412 259 301
412 497 2
107 97 874
30 97 10
412 97 7
403 97 1
107 164 1263
30 164 926
412 164 801
403 164 629
413 164 362
139 107 1300
416 403 1268
398 403 1029
68 403 125
416 413 1229
398 413 1193
308 413 849
68 30 1083
26 30 618
398 412 1131
416 412 339
308 412 339
324 68 315
336 68 4
336 26 219
168 26 7
324 308 1107
336 308 576
208 308 482
168 308 478
336 139 716
324 139 106
324 398 610
208 398 575
324 416 632
208 416 415
336 416 319
342 208 1070
342 336 1201
342 324 869
342 168 581
152 342 1055
