185
34 400 900
209 400 272
31 400 437
306 400 279
29 400 596
34 483 705
209 483 725
31 483 399
306 483 279
29 483 1076
237 483 532
34 490 677
209 490 564
31 490 399
306 490 279
29 490 564
237 490 605
34 531 416
209 531 725
31 531 521
306 531 418
29 531 1120
237 531 698
34 617 457
209 617 725
31 617 399
306 617 516
29 617 805
237 617 624
34 681 416
209 681 416
31 681 521
306 681 418
29 681 986
237 681 744
34 708 619
209 708 638
31 708 399
306 708 532
29 708 759
237 708 532
34 730 814
209 730 725
31 730 521
306 730 418
29 730 977
237 730 205
34 761 552
209 761 725
31 761 521
306 761 418
29 761 1159
237 761 297
34 851 147
209 851 262
31 851 842
306 851 696
29 851 851
237 851 547
34 852 277
209 852 800
31 852 996
306 852 503
29 852 223
237 852 634
209 183 696
31 183 651
306 183 695
777 34 534
711 34 1271
761 34 394
777 209 914
711 209 1286
761 209 7
777 31 671
761 31 1216
711 31 986
790 31 3
761 306 1280
711 306 1169
777 306 1051
790 306 321
711 29 935
589 29 530
777 29 150
761 29 177
589 237 284
761 237 1279
790 237 711
777 237 89
185 777 1220
297 777 505
150 777 273
231 777 2
150 711 505
231 711 286
82 711 1210
297 711 190
185 711 296
69 711 76
69 761 1161
297 761 234
231 761 6
69 790 303
82 790 215
297 589 1177
69 589 495
82 589 350
231 589 282
154 185 656
375 185 424
121 69 1213
43 69 1298
121 150 644
154 150 501
43 150 318
375 150 280
0 150 223
121 297 715
43 297 550
0 297 542
375 297 474
154 297 384
0 231 794
154 231 706
43 231 706
121 231 706
375 231 426
43 82 1221
121 82 1292
408 43 13
68 0 268
226 0 2
416 375 683
436 375 668
398 375 534
226 375 297
68 154 676
408 154 535
436 154 535
398 154 535
408 415 921
416 415 725
436 415 621
398 415 621
226 415 298
324 68 388
417 226 1286
208 226 396
324 226 267
208 408 973
324 408 643
208 398 502
324 398 492
417 398 418
437 398 281
436 398 281
208 436 862
324 436 733
417 436 212
324 416 733
208 416 415
417 416 402
342 208 1047
340 208 368
330 208 368
330 437 1148
342 437 1076
340 437 1076
349 437 581
330 417 1203
342 417 609
340 417 448
349 417 236
330 436 1203
349 436 581
340 436 448
342 436 306
342 324 842
349 324 500
134 330 907
134 342 1300
152 342 1168
134 349 907
134 340 1027
