237
183 462 233
239 462 1273
806 462 662
754 462 1076
155 462 300
183 476 574
249 476 144
239 476 1235
806 476 130
754 476 1076
155 476 1082
183 483 524
249 483 346
239 483 1162
806 483 934
754 483 384
155 483 1089
183 541 531
239 541 1276
806 541 182
754 541 1076
155 541 521
183 608 369
249 608 196
239 608 1271
806 608 839
754 608 1076
155 608 369
183 734 225
249 734 318
239 734 1236
806 734 848
754 734 1076
155 734 617
183 754 386
249 754 196
239 754 1042
806 754 901
754 754 429
155 754 1042
183 773 124
249 773 620
239 773 755
806 773 998
754 773 639
155 773 1006
183 788 881
249 788 743
239 788 1087
806 788 166
754 788 639
155 788 760
183 794 920
249 794 723
239 794 723
754 794 639
155 794 167
183 806 881
249 806 743
239 806 1087
806 806 680
754 806 297
183 861 423
249 861 267
239 861 612
754 861 639
155 861 1006
249 163 17
239 163 1224
806 163 1067
239 376 635
806 376 82
700 183 260
726 183 799
298 249 811
726 249 47
695 249 3
340 249 15
726 239 1296
700 239 148
636 239 60
340 239 18
298 239 3
695 806 112
298 806 599
636 806 254
700 806 49
700 754 215
726 754 15
298 754 7
695 155 148
700 155 367
726 155 1282
658 155 177
636 155 10
340 155 22
86 340 1228
46 340 1014
457 340 720
353 340 710
37 340 607
416 340 149
46 298 1264
86 298 946
353 298 710
37 298 640
416 298 560
457 298 156
457 636 763
86 636 714
416 636 656
463 636 260
353 636 223
457 658 1150
416 658 1129
353 658 959
86 658 501
37 658 231
416 695 1129
457 695 989
353 695 959
86 695 569
463 695 454
37 695 231
463 700 1272
416 700 614
457 700 236
457 726 105
416 726 596
37 726 1298
86 726 697
375 416 1087
39 416 723
414 416 192
77 86 25
375 86 29
184 86 2
184 46 39
184 37 588
375 457 1289
390 457 987
77 457 612
184 457 281
375 353 488
184 353 321
375 463 1299
414 463 1292
390 463 987
77 463 925
415 463 390
184 463 227
407 375 1281
447 375 965
402 375 828
416 375 768
436 375 691
398 375 486
385 375 288
402 77 271
407 77 52
398 184 624
416 184 445
436 184 416
385 39 12
407 390 1278
402 390 1250
416 390 1157
385 390 803
398 390 242
407 415 1072
402 415 797
398 415 797
436 415 797
385 415 787
416 415 743
436 414 1049
398 414 1014
402 414 985
416 414 723
385 414 699
407 414 699
208 447 1293
324 447 502
424 447 502
437 447 256
436 447 129
208 407 1293
324 407 686
424 407 545
437 407 345
436 407 345
208 402 1293
324 402 306
208 385 1111
324 385 686
424 385 566
208 436 925
324 436 686
424 436 382
424 398 775
208 398 635
324 398 483
437 398 283
436 398 283
424 416 698
324 416 686
437 416 256
208 416 242
388 208 1000
342 208 1000
330 208 405
340 208 405
379 424 1058
342 424 608
388 424 608
330 424 293
340 424 293
388 436 1161
330 436 1155
379 436 1007
340 436 453
342 436 217
388 437 1110
330 437 1110
342 437 1006
340 437 1006
342 324 923
388 324 923
379 324 525
69 330 1098
134 330 873
134 342 1293
69 342 1027
134 340 1034
134 388 1223
69 388 870
134 379 1234
