214
665 35 12
806 35 1172
239 35 1060
155 35 100
665 163 4
806 163 1230
239 163 919
665 183 31
806 183 1216
239 183 525
155 183 824
665 370 32
239 370 164
155 370 381
665 400 313
806 400 1072
754 400 967
239 400 649
155 400 645
665 418 413
806 418 1184
754 418 644
239 418 649
665 462 413
806 462 736
754 462 1049
239 462 1049
155 462 220
665 487 278
806 487 971
754 487 457
239 487 649
155 487 491
665 511 313
806 511 1246
754 511 894
239 511 894
155 511 489
665 555 309
806 555 1257
754 555 457
239 555 649
155 555 727
665 574 390
806 574 1125
754 574 1180
239 574 1119
155 574 1073
665 681 390
806 681 1257
754 681 554
239 681 200
665 754 408
806 754 1228
754 754 714
239 754 649
155 754 511
665 769 681
806 769 977
754 769 645
239 769 297
155 769 977
665 774 283
806 774 914
754 774 717
239 774 578
155 774 914
806 167 1220
754 167 1086
806 322 174
754 322 1186
700 665 1186
752 665 473
726 665 355
742 665 285
788 665 285
145 665 148
788 806 802
145 806 1007
700 806 51
706 806 157
752 806 1
742 754 878
145 754 1005
706 754 836
700 754 238
788 754 8
726 754 2
726 239 1267
700 239 389
752 239 143
752 155 416
726 155 1224
700 155 484
145 155 4
322 742 900
416 742 60
460 742 15
460 752 5
460 706 646
322 706 369
37 706 120
416 706 177
69 706 25
353 706 5
460 788 874
416 788 445
69 145 60
322 145 1
463 700 1271
416 700 793
322 700 405
416 726 824
37 726 1289
460 726 13
487 416 1160
375 416 1118
39 416 798
487 460 1181
415 460 1087
39 460 1030
375 460 233
487 37 330
487 353 997
375 353 373
487 69 907
39 322 1183
77 322 1071
487 322 637
375 322 637
375 463 1296
414 463 1293
77 463 1072
415 463 279
39 463 249
348 487 16
407 375 1293
447 375 1072
416 375 723
402 375 678
436 375 637
17 375 496
402 77 172
407 77 47
17 39 1295
407 415 1027
408 415 821
402 415 817
436 415 817
416 415 677
436 414 1066
402 414 865
416 414 610
407 414 564
408 414 359
208 447 1297
424 447 528
415 447 309
437 447 288
208 407 1297
424 407 429
437 407 393
436 407 393
415 407 201
208 408 1140
424 408 552
415 408 309
437 348 537
208 348 531
436 348 526
424 348 412
415 17 760
437 17 347
436 17 611
208 402 1297
424 402 93
208 436 882
424 436 239
424 416 537
208 416 329
437 416 288
214 208 1233
388 208 1061
342 208 1061
330 208 356
340 208 356
388 424 655
342 424 655
330 424 327
340 424 327
214 437 1225
330 437 1127
388 437 1127
340 437 1013
342 437 1013
214 436 1225
388 436 1199
330 436 1177
340 436 527
342 436 192
388 415 1260
342 415 1256
340 415 1227
330 415 1140
214 415 462
69 330 1104
134 330 893
134 342 1297
69 342 993
134 214 1277
200 214 1231
134 388 1235
69 388 817
134 340 1106
