274
449 5 45
776 5 1152
557 5 45
581 5 2
726 5 969
358 5 19
449 67 9
776 67 313
726 67 893
807 67 719
449 207 316
557 207 493
701 207 187
449 276 8
776 276 859
557 276 629
449 566 182
776 566 557
557 566 431
701 566 268
581 566 589
726 566 884
358 566 363
807 566 393
449 610 137
557 610 163
701 610 153
581 610 655
726 610 678
358 610 344
807 610 851
449 798 402
776 798 397
557 798 397
701 798 433
581 798 561
726 798 300
358 798 655
807 798 132
449 826 147
776 826 147
557 826 328
701 826 703
581 826 264
726 826 133
358 826 745
807 826 132
449 883 353
776 883 151
557 883 866
701 883 457
581 883 221
726 883 236
358 883 181
807 883 305
449 887 269
776 887 494
557 887 328
701 887 755
581 887 608
358 887 745
807 887 460
449 957 321
776 957 984
581 957 2
776 210 2
776 513 374
701 513 418
581 513 794
726 513 678
358 513 378
807 513 678
776 714 557
557 714 359
701 714 213
581 714 589
726 714 884
358 714 363
807 714 384
776 900 850
358 900 2
776 945 564
557 945 844
701 945 373
807 945 2
776 1016 174
701 1016 119
358 1016 14
557 204 925
581 204 486
358 204 64
807 204 5
701 230 641
726 230 654
581 995 516
807 995 70
769 449 566
711 449 482
651 449 432
643 449 351
709 449 317
711 776 890
643 776 180
651 776 53
709 557 854
711 557 482
627 557 426
643 557 340
769 557 314
651 557 288
643 701 1002
709 701 768
651 701 580
627 701 435
711 701 328
769 701 290
643 581 1037
709 581 1003
651 581 580
769 581 439
627 581 435
711 581 243
709 726 808
769 726 638
711 726 162
627 726 111
709 358 639
651 358 621
769 358 618
711 358 500
643 358 384
627 358 249
651 807 573
122 709 1121
76 709 170
402 709 144
1 709 2
463 643 1195
122 643 953
52 643 563
1 643 386
330 643 370
402 643 334
76 711 1223
330 711 62
52 769 125
402 769 805
122 769 621
1 769 5
463 627 1229
122 627 875
1 627 707
76 627 479
330 627 278
68 651 1072
122 651 855
76 651 807
1 651 707
402 651 376
330 651 278
463 651 172
87 1 216
413 1 9
375 122 911
50 122 703
413 122 333
76 122 326
78 122 230
50 91 2
50 330 807
307 330 728
413 330 666
412 330 534
76 330 477
78 330 313
87 330 308
307 76 248
76 76 1102
78 76 787
413 402 885
375 402 739
50 402 600
87 402 333
412 402 267
78 402 267
78 68 528
87 68 299
413 68 1
307 52 94
50 52 376
375 463 1294
50 463 400
413 463 387
412 463 211
408 78 34
433 78 167
307 78 81
68 78 68
52 50 1215
175 50 510
408 50 93
433 87 73
408 413 1152
465 413 560
175 413 364
433 413 309
307 413 177
175 307 1180
408 307 1180
465 307 622
307 307 603
52 307 234
68 307 234
52 375 817
465 375 584
68 76 40
408 412 927
52 412 454
433 412 443
307 412 270
175 412 263
465 412 229
310 68 16
264 68 7
264 175 907
310 175 879
298 175 501
208 175 366
202 175 302
264 307 784
208 307 703
310 307 591
202 307 449
339 307 267
360 307 267
208 408 891
298 408 705
310 408 396
339 408 386
208 433 1298
310 433 396
339 433 171
264 52 36
339 52 9
360 52 2
339 465 1
214 202 772
346 202 273
326 360 1051
346 360 349
214 360 297
214 208 1131
408 208 1118
326 208 497
374 208 441
214 310 719
379 310 347
346 310 220
374 298 999
379 298 562
408 298 283
326 298 282
346 264 1101
379 264 371
379 339 365
101 346 1289
123 346 879
101 379 907
101 374 1074
101 214 679
123 214 535
101 326 1295
101 408 1295
96 408 704
