173
271 410 660
440 410 502
769 410 475
202 410 289
581 410 1033
267 410 916
271 514 660
440 514 502
769 514 589
202 514 589
581 514 842
267 514 808
271 654 386
440 654 502
769 654 503
202 654 656
581 654 1092
267 654 808
271 661 660
440 661 670
769 661 121
202 661 640
581 661 1092
267 661 808
271 710 467
440 710 502
769 710 419
202 710 155
581 710 1092
267 710 808
271 712 660
440 712 502
769 712 830
202 712 854
581 712 1092
267 712 808
440 303 707
581 303 84
769 792 1068
202 792 439
581 792 159
267 792 1187
738 271 1063
627 271 953
653 271 926
677 271 270
585 271 225
738 440 1067
653 440 926
585 440 317
677 440 268
627 440 87
585 769 18
627 769 46
738 202 16
738 581 1227
627 581 1088
585 581 1088
653 581 1027
677 581 146
627 267 1074
738 267 1074
585 267 619
677 267 348
653 267 116
122 738 1232
373 738 1293
169 738 53
46 738 3
463 627 1282
373 627 1255
122 627 1199
414 627 727
169 627 337
46 627 286
463 653 1241
373 653 1179
122 653 1172
169 653 889
414 653 757
414 677 1091
122 677 433
463 677 433
46 677 286
169 677 283
373 677 245
373 585 1272
122 585 1199
414 585 728
375 373 1289
213 373 732
276 373 580
245 373 198
375 122 990
213 122 732
276 122 580
245 122 183
242 46 801
412 46 12
245 46 4
375 169 1088
276 169 816
242 169 482
375 414 1272
245 414 486
412 414 474
242 414 424
276 414 349
375 463 1300
242 463 424
276 463 229
213 463 152
412 463 135
465 213 1238
297 213 1184
408 213 530
402 213 239
297 276 1171
465 276 1145
408 276 854
355 276 854
402 276 640
402 375 1255
465 375 1076
297 375 815
408 375 218
465 242 1145
297 242 972
402 242 643
355 242 289
402 412 1076
408 412 873
355 412 873
297 412 343
465 412 343
297 245 1215
465 245 1191
402 245 605
408 245 458
140 402 1300
208 402 1297
339 402 547
267 402 349
303 402 272
324 402 198
140 408 897
208 408 897
339 408 547
324 408 431
267 408 349
267 465 7
339 465 2
339 297 865
267 297 656
303 297 625
324 297 169
208 355 892
303 355 697
140 355 697
339 355 649
267 355 473
324 355 371
140 208 405
152 303 624
140 303 290
140 267 951
152 267 244
152 339 624
140 339 383
140 324 437
179 140 1260
199 140 761
162 152 861
