106
87 633 1231
183 633 1114
388 633 328
754 633 983
87 770 600
183 770 1113
388 770 824
754 770 500
87 772 594
183 772 583
388 772 824
754 772 815
87 779 1058
183 779 1121
388 779 563
754 779 746
87 806 1058
183 806 1121
388 806 824
754 806 465
87 829 686
183 829 686
388 829 824
754 829 742
255 87 979
54 87 1147
758 87 275
54 183 574
255 183 1252
758 183 210
255 388 1180
54 388 1174
758 388 392
675 388 202
54 754 837
758 754 165
675 754 12
281 675 1020
416 675 921
395 675 407
267 758 31
395 758 3
281 255 1226
267 255 408
267 54 1192
281 54 892
395 54 11
487 416 1159
30 416 1092
375 416 1023
487 395 1136
107 395 891
30 395 780
104 395 545
375 395 545
30 281 1220
375 281 1013
487 281 961
104 281 344
30 267 1019
487 267 907
104 267 344
407 107 34
348 487 206
181 30 624
291 30 1097
348 30 886
407 375 1280
402 375 1009
416 375 622
348 375 415
196 375 310
402 104 1166
291 104 144
140 407 1300
208 407 1299
324 407 546
381 407 385
140 291 1053
324 291 436
140 402 1300
208 402 1299
381 402 385
324 402 224
208 348 591
324 348 298
140 416 630
324 416 546
208 416 531
381 416 339
140 181 602
208 181 591
381 181 212
208 196 800
140 196 800
381 196 648
214 208 1172
238 140 1179
214 381 867
214 324 293
152 214 1300
76 214 1033
76 216 1299
152 216 1188
152 238 1300
76 238 722
