109
605 197 352
774 197 1293
725 197 2
605 399 469
774 399 1144
725 399 918
795 399 939
605 506 723
774 506 1145
725 506 425
795 506 649
605 562 469
774 562 831
725 562 809
795 562 1101
605 594 469
774 594 1210
725 594 853
795 594 914
605 631 469
774 631 1144
725 631 918
795 631 722
605 695 555
774 695 1144
725 695 918
795 695 1017
605 760 615
774 760 1183
725 760 1181
795 760 1011
605 787 766
774 787 1080
725 787 741
795 787 496
605 856 589
774 856 1054
725 856 777
795 856 962
703 605 936
737 605 274
779 605 106
737 774 1006
779 774 1128
737 725 31
779 795 510
737 795 161
466 779 1113
466 703 1224
189 703 1025
431 703 632
466 737 1134
403 349 797
409 349 778
412 349 584
407 349 389
407 466 64
409 466 1043
412 466 529
407 189 803
409 189 778
412 189 361
407 431 1233
409 431 1060
403 431 587
412 431 472
416 403 1247
398 403 1019
436 403 514
408 403 381
416 409 1189
408 409 1104
436 409 577
398 409 234
416 407 889
408 407 836
436 407 577
398 407 401
436 414 1146
398 414 1117
416 414 949
408 414 381
436 412 1146
398 412 1117
408 412 988
416 412 584
140 398 730
208 398 457
199 398 229
267 398 183
140 408 1070
208 408 1014
199 408 640
267 408 360
140 416 730
208 416 308
140 436 771
208 436 771
267 436 360
199 436 229
238 140 1109
214 208 1096
152 199 536
152 264 370
76 152 1259
152 214 1300
76 214 907
152 238 1300
76 238 574
