200
665 35 9
806 35 972
131 35 693
514 35 1
665 119 53
806 119 241
754 119 1206
613 119 301
665 205 5
806 205 1231
754 205 434
131 205 139
665 370 39
613 370 229
514 370 324
665 406 523
806 406 1049
754 406 933
131 406 230
613 406 351
514 406 377
665 437 250
806 437 1075
754 437 1075
131 437 214
613 437 224
514 437 377
665 476 525
806 476 261
754 476 886
131 476 275
514 476 377
665 506 483
806 506 934
754 506 934
131 506 223
613 506 501
514 506 459
665 769 751
806 769 698
754 769 931
131 769 359
665 777 514
806 777 550
754 777 951
131 777 418
613 777 151
514 777 314
665 815 377
806 815 248
754 815 951
131 815 572
613 815 513
514 815 395
665 817 514
806 817 692
754 817 1096
131 817 418
613 817 119
514 817 314
665 820 401
806 820 541
754 820 698
131 820 633
613 820 487
514 820 387
665 824 274
806 824 584
754 824 951
131 824 544
613 824 160
514 824 296
806 972 822
754 972 1013
754 300 1238
613 300 280
514 300 336
700 665 1268
581 665 824
742 665 664
789 665 327
726 665 142
700 806 159
706 806 382
789 754 148
700 754 472
742 754 1227
706 754 1046
581 754 268
726 754 6
726 131 1106
742 131 71
742 613 1287
581 613 907
700 613 595
789 613 327
706 613 127
742 514 1207
700 514 1088
789 514 715
726 514 715
706 514 357
322 742 1087
82 742 106
416 742 29
460 742 10
322 581 594
322 706 488
460 706 830
416 706 140
37 706 40
37 726 1263
416 726 782
82 726 547
9 726 61
460 726 35
9 789 1231
416 700 743
322 700 594
487 416 1222
39 416 1097
375 416 1054
29 416 790
487 9 608
487 460 1229
39 460 1198
29 460 685
487 37 423
39 322 1183
487 322 677
375 322 592
412 322 462
107 322 361
487 82 1
107 82 1
100 487 188
241 487 12
407 107 103
407 375 1296
17 375 802
241 375 390
226 375 227
17 39 1299
226 39 523
100 39 13
226 29 936
408 412 922
241 412 785
17 412 460
407 412 407
226 412 351
168 100 321
208 226 376
415 226 279
208 407 1298
436 407 457
437 407 457
415 407 334
208 408 1061
415 408 552
437 17 493
436 17 834
415 17 906
168 17 1299
436 193 1248
437 193 1229
168 193 1212
415 193 735
208 193 209
436 241 1248
437 241 1229
168 241 1212
415 241 735
388 208 1169
342 208 1169
340 208 465
330 208 465
388 436 1234
330 436 1226
340 436 833
342 436 227
330 437 1176
388 437 1176
342 437 1119
340 437 1119
388 415 1285
342 415 1275
340 415 1272
330 415 1205
342 168 577
330 168 664
340 168 1240
388 168 1269
134 342 1299
69 342 958
69 330 1098
134 330 869
134 388 1244
69 388 880
134 340 1125
