115
419 32 1
810 32 615
613 32 24
419 734 547
370 734 683
810 734 1186
613 734 322
419 776 808
370 776 500
810 776 785
419 780 789
370 780 845
810 780 637
419 870 789
370 870 750
810 870 336
613 870 590
419 878 789
370 878 529
810 878 951
613 878 822
419 879 789
370 879 232
810 879 946
613 879 960
419 885 789
370 885 643
810 885 894
810 267 32
613 267 873
613 270 991
742 419 1281
749 419 1047
605 419 420
606 419 390
742 370 1281
749 370 1047
606 370 995
605 370 363
749 810 1237
742 810 144
742 613 1274
605 613 617
749 613 365
606 613 154
508 749 285
364 749 574
371 749 9
322 606 965
364 606 953
371 606 924
322 742 1146
364 742 860
371 742 15
364 605 543
371 605 496
322 605 493
508 605 137
206 508 376
175 508 22
39 371 1243
244 371 1235
206 371 1064
175 371 421
183 371 407
39 364 1267
206 364 1064
244 364 458
39 322 1267
206 322 1064
244 322 458
183 322 290
17 183 987
438 183 966
320 183 744
193 183 472
320 206 1204
438 206 944
193 206 424
17 39 1299
320 244 1204
17 244 873
438 244 485
17 175 1240
320 175 1155
193 175 1094
438 175 324
415 438 1166
436 438 1010
437 438 829
402 438 367
415 17 1065
436 17 961
437 17 633
436 320 1215
437 320 1215
415 320 1031
402 320 305
437 193 1252
436 193 1244
415 193 935
340 402 942
379 402 891
388 402 788
388 436 1257
379 436 1201
340 436 1027
388 437 1258
340 437 1231
388 415 1285
340 415 1278
134 379 1244
95 388 1281
134 388 1211
134 340 1054
