320
181 148 647
601 148 361
792 148 663
284 148 15
63 148 505
151 148 436
8 148 7
181 263 397
601 263 205
792 263 49
209 263 228
186 263 6
151 263 958
181 386 440
601 386 334
792 386 669
284 386 166
63 386 325
209 386 268
186 386 515
151 386 494
8 386 276
181 430 316
601 430 403
792 430 618
284 430 460
63 430 259
209 430 284
186 430 330
151 430 330
8 430 198
181 513 385
601 513 288
792 513 682
284 513 460
63 513 232
209 513 268
186 513 515
151 513 633
8 513 621
181 524 440
601 524 375
792 524 669
284 524 142
63 524 164
209 524 479
186 524 814
151 524 367
8 524 931
181 538 316
601 538 353
792 538 464
284 538 460
63 538 214
209 538 479
186 538 373
151 538 557
8 538 353
181 540 834
601 540 410
792 540 874
63 540 399
209 540 496
186 540 454
151 540 586
8 540 514
181 613 331
601 613 464
792 613 669
284 613 290
63 613 373
209 613 268
186 613 515
151 613 387
8 613 192
181 630 834
601 630 161
792 630 874
284 630 460
63 630 314
209 630 304
186 630 250
151 630 586
8 630 137
181 633 485
601 633 337
792 633 669
284 633 460
63 633 399
209 633 297
186 633 691
151 633 375
8 633 337
181 643 606
601 643 346
792 643 682
284 643 460
63 643 232
209 643 241
186 643 161
151 643 606
8 643 570
181 645 438
601 645 375
792 645 669
284 645 212
63 645 399
209 645 479
186 645 641
151 645 401
8 645 641
181 671 498
601 671 232
792 671 682
284 671 460
63 671 294
209 671 294
186 671 515
151 671 521
8 671 202
181 687 834
601 687 280
792 687 874
284 687 460
63 687 175
209 687 311
186 687 515
151 687 586
8 687 280
181 705 338
601 705 396
792 705 382
284 705 232
63 705 171
209 705 496
186 705 306
151 705 396
8 705 396
181 867 386
601 867 276
792 867 203
284 867 153
63 867 137
209 867 698
151 867 736
8 867 168
601 62 268
792 62 294
8 62 133
792 224 738
284 224 168
63 224 451
209 224 19
284 905 588
209 905 821
151 905 316
8 905 330
754 181 1241
794 181 429
715 601 983
794 601 569
611 601 472
729 601 269
752 601 269
754 601 135
752 792 395
754 792 795
611 792 240
794 792 129
736 792 10
729 284 739
754 284 568
752 284 454
794 284 450
715 284 439
611 284 362
736 284 257
729 63 563
736 63 394
794 63 1
736 209 1003
754 209 521
729 209 910
754 186 448
736 151 1016
729 151 15
754 8 73
611 8 217
794 8 97
736 8 395
752 8 2
498 754 983
92 754 1248
458 754 139
152 754 33
92 794 242
458 794 661
498 794 18
463 794 9
152 794 2
473 715 863
458 715 481
49 715 85
152 715 2
498 715 5
92 752 44
4 752 223
473 752 7
473 736 953
498 736 346
4 736 1259
463 611 1170
483 611 848
458 611 653
4 611 422
473 611 259
92 611 200
498 611 152
152 729 1065
39 498 486
11 498 939
375 473 25
333 458 818
78 458 617
264 458 451
375 458 441
39 458 441
412 458 332
39 4 811
78 4 251
39 152 642
412 152 287
78 152 262
333 152 212
375 152 207
333 483 734
412 483 225
78 483 33
264 483 6
78 49 1192
11 92 1282
264 92 127
39 92 9
375 463 1298
333 463 688
264 463 451
412 463 332
415 463 252
405 333 954
408 333 942
411 333 358
364 333 313
100 333 287
100 78 748
411 78 272
408 78 38
436 375 579
398 375 492
17 375 452
411 375 229
411 11 4
411 264 487
364 264 313
405 264 291
100 264 271
17 39 1285
100 39 77
436 412 863
398 412 863
408 412 859
411 412 417
405 412 280
17 412 221
408 415 996
436 415 656
398 415 656
405 415 265
411 415 171
264 364 770
402 364 509
168 364 363
267 364 312
208 364 244
208 411 550
267 411 430
168 100 205
208 405 550
267 405 430
208 408 908
402 408 641
267 408 430
168 17 1283
267 17 53
208 398 503
402 398 465
208 436 778
267 436 430
402 436 261
330 208 339
379 402 688
349 402 473
330 402 459
343 402 449
330 168 545
348 264 1141
379 264 428
359 264 386
348 267 1078
379 267 428
359 267 365
101 359 1275
134 359 1199
101 343 946
101 330 980
134 330 795
101 349 1275
134 349 795
134 379 1199
152 348 1276
101 348 1037
