218
107 60 257
763 60 742
769 60 994
726 60 337
267 60 461
107 200 695
605 200 9
107 305 49
769 305 503
107 385 715
677 385 272
605 385 406
763 385 933
769 385 513
726 385 406
267 385 438
107 630 756
677 630 287
605 630 311
763 630 969
769 630 613
726 630 500
267 630 497
107 777 148
677 777 760
605 777 348
763 777 350
769 777 1017
726 777 223
107 784 128
677 784 896
605 784 485
763 784 176
769 784 1004
267 784 128
107 868 195
677 868 369
605 868 369
763 868 176
769 868 1022
726 868 138
267 868 195
107 884 726
677 884 785
605 884 139
763 884 640
769 884 319
726 884 247
267 884 354
107 889 726
677 889 716
605 889 348
763 889 415
769 889 1004
726 889 138
267 889 292
107 983 58
677 983 243
605 983 4
726 983 857
677 782 896
605 782 348
763 782 274
769 782 790
726 782 247
677 825 292
605 825 254
763 825 640
769 825 964
726 825 112
267 825 303
677 844 896
605 844 348
763 844 145
769 844 680
726 844 244
677 871 896
605 871 485
763 871 762
769 871 989
726 871 112
680 107 678
627 107 264
709 107 133
627 677 1066
771 677 858
653 677 848
709 677 675
769 677 560
680 677 286
627 605 1066
653 605 1038
709 605 504
680 605 438
769 605 191
771 605 128
771 763 1233
709 763 674
627 763 198
653 763 92
771 769 474
709 769 1191
627 769 14
680 769 11
769 726 502
709 726 1046
627 726 77
627 267 941
771 267 941
709 267 854
680 267 545
769 267 303
653 267 303
317 709 7
507 771 1256
373 771 936
304 771 789
155 769 969
507 769 5
463 627 1276
373 627 1034
414 627 655
507 627 579
155 627 312
304 627 147
463 653 1253
373 653 830
414 653 818
507 653 702
155 653 312
304 653 265
414 680 655
507 680 607
155 680 312
375 304 1271
415 304 785
143 304 439
174 304 203
375 373 1271
415 373 785
271 317 789
375 317 710
415 317 710
143 317 413
50 507 36
143 507 7
271 507 1
271 155 789
143 155 552
50 155 551
174 155 246
375 414 1228
415 414 1030
174 414 484
50 414 399
143 414 210
375 463 1299
50 463 399
415 463 330
143 463 305
175 50 630
408 50 92
297 375 901
465 375 869
408 375 245
465 271 1098
175 271 1018
408 271 716
276 271 438
297 174 1121
408 174 687
175 174 687
276 174 357
465 174 265
297 143 901
408 143 476
276 143 464
175 143 424
465 143 256
297 415 1051
408 415 855
465 415 806
276 415 429
175 415 288
310 175 1046
303 175 613
339 175 327
208 175 299
339 276 997
303 276 683
310 276 651
208 408 743
339 408 658
310 408 629
339 297 997
303 297 459
310 297 275
208 297 207
339 465 1
154 208 993
374 208 353
161 360 878
296 360 505
154 360 415
161 303 1017
154 303 833
374 303 815
296 303 505
154 339 1066
161 339 1017
296 339 871
70 296 806
70 374 601
123 161 898
162 161 898
70 161 806
70 154 806
123 154 558
