173
733 391 667
24 391 849
170 391 782
223 391 710
280 391 820
504 391 607
733 422 667
24 422 151
170 422 333
223 422 333
280 422 667
504 422 151
733 480 337
24 480 337
170 480 146
223 480 337
280 480 650
504 480 607
733 483 837
24 483 743
170 483 790
223 483 828
280 483 790
504 483 275
733 591 807
24 591 810
170 591 316
223 591 807
280 591 174
504 591 329
733 603 667
170 603 824
223 603 181
280 603 155
504 603 607
733 604 737
24 604 737
170 604 922
223 604 737
280 604 922
504 604 275
733 665 559
24 665 452
170 665 402
223 665 559
280 665 266
504 665 607
733 811 1092
170 811 312
223 811 899
280 811 587
504 811 699
733 821 1092
24 821 128
170 821 1104
223 821 899
280 821 274
504 821 258
733 883 1092
24 883 337
170 883 1104
223 883 150
280 883 354
504 883 203
24 365 552
223 365 77
504 365 74
758 733 1194
560 733 417
516 733 59
557 733 44
758 24 1292
557 24 23
758 170 887
516 170 747
557 223 852
516 223 1149
560 223 249
823 223 54
557 280 925
516 280 851
823 280 807
560 280 710
758 280 410
557 504 753
516 504 651
560 504 569
823 504 534
758 504 396
2 823 1143
32 516 1205
108 516 1198
380 516 939
478 516 657
97 758 1051
2 758 1284
108 758 7
463 557 898
32 557 744
380 557 513
108 557 328
478 557 310
2 557 220
97 557 209
32 560 955
380 560 939
108 560 786
463 560 720
97 560 331
478 560 310
105 32 1007
105 478 846
412 478 304
107 2 1299
107 97 855
412 97 10
412 108 6
105 380 781
107 380 615
375 380 298
412 380 260
375 463 1299
390 463 911
415 463 306
107 463 287
412 463 287
139 107 1296
442 375 1283
402 375 1006
416 375 812
436 375 593
134 375 592
139 375 252
402 412 876
436 412 876
442 412 413
416 412 278
134 105 1188
416 390 1239
402 390 1234
442 390 734
402 415 848
416 415 733
436 415 595
208 442 1289
206 442 944
324 442 263
324 134 36
208 402 1300
206 402 1174
402 402 394
324 402 263
324 139 56
206 436 1107
208 436 947
324 436 536
402 436 187
206 416 1270
324 416 536
208 416 394
402 416 377
214 208 1187
342 208 999
214 402 1125
342 402 419
342 324 739
214 324 400
342 168 661
342 206 1154
152 342 1158
152 214 1300
76 214 1000
76 152 1295
