143
234 418 1039
806 418 1039
754 418 836
126 418 292
234 439 885
806 439 1040
754 439 1040
126 439 1021
234 446 1192
806 446 1139
754 446 886
126 446 219
234 483 1192
806 483 1139
754 483 980
126 483 862
234 501 751
806 501 751
754 501 980
126 501 862
234 504 1066
806 504 1174
754 504 675
126 504 381
234 526 695
806 526 514
754 526 1083
126 526 514
234 555 1066
806 555 1164
754 555 649
126 555 408
234 773 276
806 773 834
754 773 1030
126 773 1110
234 777 709
806 777 866
754 777 885
126 777 1110
234 878 460
754 878 1012
126 878 872
806 35 1131
145 234 1052
117 234 1137
706 234 99
706 806 554
117 806 1210
145 806 1219
742 754 1142
145 754 1221
706 754 1284
675 754 21
675 126 788
117 126 1177
145 126 10
416 675 890
395 675 297
178 675 145
322 742 1153
416 742 24
178 742 88
322 706 466
416 706 68
178 117 733
280 117 1296
395 117 134
322 117 108
416 117 193
395 145 130
178 145 1266
322 145 5
487 416 1275
375 416 1137
39 416 992
29 416 736
375 280 1238
487 280 1072
107 280 897
39 280 241
487 395 1275
375 395 986
107 395 732
39 395 161
487 178 1275
29 178 641
375 178 402
107 178 351
39 322 1153
487 322 957
375 322 957
107 322 487
29 322 297
348 487 49
17 487 3
407 107 61
407 375 1288
402 375 744
17 375 678
348 375 261
226 375 261
17 39 1298
226 39 451
226 29 910
208 226 477
415 226 264
208 407 1299
436 407 446
437 407 446
415 407 341
208 402 1299
415 17 877
436 17 839
437 17 545
437 348 461
436 348 461
208 348 422
415 348 335
436 193 1240
437 193 1214
415 193 824
208 193 322
388 208 1084
342 208 1084
340 208 515
330 208 515
330 436 1234
388 436 1187
340 436 753
342 436 290
388 437 1153
330 437 1153
342 437 1044
340 437 1044
388 415 1265
342 415 1251
340 415 1240
330 415 1196
134 342 1299
134 330 869
134 340 1136
134 388 1244
