343
788 405 645
355 405 546
59 405 645
812 405 827
453 405 521
305 405 935
788 406 300
355 406 517
59 406 838
376 406 327
812 406 827
453 406 417
305 406 935
788 415 829
355 415 413
59 415 711
376 415 207
812 415 827
453 415 344
305 415 935
788 441 801
355 441 413
59 441 838
376 441 128
812 441 827
453 441 553
305 441 935
788 492 829
355 492 413
59 492 711
376 492 316
812 492 827
453 492 344
305 492 935
788 502 829
355 502 413
59 502 711
376 502 346
812 502 827
453 502 344
305 502 935
788 510 704
355 510 413
59 510 838
376 510 163
812 510 660
453 510 344
305 510 343
788 580 316
355 580 517
59 580 838
376 580 345
812 580 827
453 580 579
305 580 935
788 602 456
355 602 272
59 602 838
376 602 574
812 602 827
453 602 272
305 602 935
788 634 462
355 634 310
59 634 474
376 634 316
812 634 827
453 634 404
305 634 935
788 673 572
355 673 241
59 673 394
812 673 827
453 673 394
305 673 935
788 674 542
355 674 621
59 674 542
376 674 128
812 674 860
453 674 344
305 674 935
788 690 538
355 690 621
59 690 273
376 690 273
812 690 860
453 690 168
305 690 935
788 734 634
355 734 621
59 734 634
376 734 366
812 734 827
453 734 344
305 734 935
788 754 664
355 754 664
59 754 664
376 754 366
812 754 827
453 754 344
305 754 935
788 776 103
59 776 485
376 776 429
812 776 288
453 776 633
305 776 376
788 788 474
355 788 123
59 788 403
376 788 107
812 788 123
453 788 633
305 788 376
788 842 306
355 842 148
59 842 210
812 842 593
453 842 766
305 842 551
788 873 306
355 873 275
59 873 272
812 873 275
453 873 633
305 873 590
796 788 341
610 788 797
651 788 4
605 788 2
605 355 745
610 355 644
796 355 547
636 355 439
651 355 366
680 355 259
605 59 553
651 59 1000
680 59 24
636 59 1
651 376 774
605 376 549
796 376 446
680 376 379
610 376 351
636 376 173
796 812 502
636 812 171
651 453 770
796 453 687
636 453 604
610 453 529
605 453 257
680 453 176
651 305 894
610 305 823
636 305 752
680 305 379
605 305 227
796 305 147
62 610 1250
1 610 1030
403 610 637
256 610 543
297 610 531
258 610 232
494 610 175
62 636 1250
297 636 1059
1 636 1030
469 636 633
494 636 440
403 636 135
256 636 135
1 796 353
256 796 47
62 651 1154
1 651 1030
403 651 637
256 651 543
297 651 531
494 651 440
469 651 440
258 651 132
62 680 1250
1 680 1030
469 680 876
297 680 531
256 680 407
1 605 843
469 605 789
494 605 712
62 605 385
256 605 327
297 605 273
337 1 321
87 1 382
413 1 53
413 494 76
413 258 977
87 258 648
337 258 648
402 258 569
313 258 317
413 403 895
402 403 785
87 403 598
415 403 446
313 403 364
337 403 187
313 469 1187
337 469 698
413 469 110
412 469 396
402 469 2
402 62 686
412 62 86
413 62 2
412 256 928
87 256 657
402 256 530
337 256 446
313 256 298
313 297 907
413 297 466
402 297 466
412 297 389
87 297 262
320 337 782
433 337 566
309 337 560
222 337 421
408 337 375
180 337 375
208 337 375
175 337 375
433 87 107
320 87 4
408 413 1145
208 413 545
433 413 398
309 413 364
320 413 318
180 413 183
175 413 148
433 402 1209
408 402 833
208 402 545
180 402 411
309 402 403
175 402 132
433 313 553
180 313 547
222 313 421
208 313 375
408 313 350
175 313 287
408 412 868
208 412 551
433 412 411
320 412 399
180 412 327
408 415 1145
208 415 551
309 415 364
180 415 327
222 415 301
433 415 280
320 415 220
344 208 829
298 208 604
229 208 568
168 208 474
208 208 451
229 175 1103
298 175 641
208 175 453
168 175 274
266 175 274
344 175 218
208 408 987
298 408 757
229 408 380
266 408 343
208 433 1299
344 433 809
229 433 380
266 433 205
344 309 548
229 309 518
298 309 346
266 309 250
208 320 652
229 320 644
168 320 493
298 320 459
229 222 855
208 222 839
344 222 771
298 222 494
266 222 288
208 180 985
344 180 592
298 180 501
168 180 474
229 180 250
214 208 1171
388 208 777
324 208 442
340 208 405
374 208 405
340 229 572
374 229 572
324 229 439
388 229 439
214 229 349
374 298 952
343 298 237
388 298 196
374 266 1260
214 266 656
374 344 735
214 344 656
349 344 331
388 344 255
324 168 1023
388 168 1124
340 168 1055
101 343 1026
101 349 1283
133 349 1107
101 374 980
133 374 634
133 324 811
96 324 735
101 324 593
101 214 650
101 388 1003
96 388 735
133 340 1300
101 340 591
