303
146 155 931
802 155 4
161 155 7
85 155 28
9 155 255
159 155 824
146 236 787
802 236 353
148 236 4
161 236 589
85 236 623
9 236 42
159 236 558
146 358 828
802 358 233
148 358 27
161 358 131
85 358 242
9 358 220
159 358 2
146 404 293
802 404 341
148 404 921
161 404 407
85 404 682
9 404 407
159 404 664
146 406 955
802 406 345
148 406 794
161 406 364
85 406 961
9 406 110
159 406 664
146 423 955
802 423 413
148 423 921
161 423 364
85 423 961
9 423 498
159 423 153
146 426 624
802 426 219
148 426 587
161 426 364
85 426 790
9 426 300
159 426 249
146 462 952
802 462 413
148 462 1054
161 462 751
85 462 1072
9 462 780
159 462 264
146 535 591
148 535 606
161 535 477
85 535 585
9 535 498
159 535 251
146 559 514
802 559 157
148 559 685
161 559 693
85 559 772
9 559 989
146 720 319
802 720 427
148 720 437
161 720 653
85 720 262
9 720 410
159 720 606
146 721 952
802 721 345
148 721 1054
161 721 477
85 721 1098
9 721 905
159 721 287
146 730 756
802 730 206
148 730 1074
161 730 477
85 730 756
9 730 498
159 730 664
146 737 955
802 737 345
148 737 1054
161 737 428
85 737 1098
9 737 361
159 737 287
146 741 955
802 741 127
148 741 492
161 741 364
85 741 961
9 741 945
159 741 292
146 826 513
802 826 344
148 826 405
161 826 465
85 826 244
9 826 252
159 826 731
146 853 513
802 853 215
161 853 588
85 853 244
9 853 753
159 853 731
146 967 376
161 967 816
802 987 601
161 987 374
159 987 151
148 211 186
161 211 60
85 211 2
9 211 35
159 211 77
328 146 130
783 146 107
79 146 87
677 146 3
747 146 7
747 802 699
79 148 249
783 148 712
716 148 276
328 148 246
783 161 1072
328 161 980
716 161 404
747 161 535
677 161 228
716 85 571
747 85 829
783 85 209
605 85 149
328 9 206
716 9 1043
783 9 362
747 9 20
801 9 3
783 159 324
148 747 753
35 747 1240
19 747 31
364 716 142
148 716 953
19 716 2
148 783 323
47 783 1086
463 783 26
41 783 7
19 328 979
148 328 820
1 328 380
35 328 365
54 328 338
47 328 294
41 328 294
364 328 249
364 79 1196
1 79 127
41 79 8
54 801 994
54 677 894
41 677 891
35 677 474
364 677 199
463 677 121
35 605 1014
41 605 895
1 605 579
148 605 361
463 605 355
47 605 330
54 605 321
364 605 232
94 54 993
412 54 52
94 1 612
87 1 215
77 1 255
7 1 22
7 19 90
18 19 5
7 148 878
18 148 363
412 148 250
87 148 235
375 41 89
412 41 230
415 41 15
412 364 948
94 364 615
77 364 399
87 364 378
18 364 346
7 364 346
18 35 1114
87 35 11
77 35 1
77 47 1299
87 47 165
412 47 23
375 463 1287
77 463 1119
415 463 511
7 463 278
412 463 278
87 463 162
94 463 145
250 94 697
244 94 23
377 94 9
175 94 12
408 94 1
244 87 239
407 87 77
320 87 4
407 77 28
100 77 7
250 7 226
244 7 1227
407 375 1270
17 375 476
100 18 638
408 412 912
407 412 515
244 412 341
320 412 329
17 412 287
407 415 901
408 415 897
320 415 166
168 100 308
298 175 812
358 175 759
267 175 507
208 175 363
168 175 357
208 407 1292
298 407 787
358 407 632
267 407 377
168 250 993
358 250 686
208 250 350
208 408 970
298 408 941
358 408 743
267 408 377
208 244 439
298 244 423
358 244 389
168 17 1285
267 17 42
358 17 40
298 17 10
208 320 611
298 320 607
168 320 520
358 320 303
168 377 1256
367 208 610
363 208 531
330 208 393
340 208 393
340 358 686
330 358 686
379 358 642
363 358 458
349 358 456
379 298 654
343 298 326
363 298 159
330 298 159
340 298 159
379 267 408
363 267 375
367 168 747
340 168 1068
330 168 464
69 363 1020
101 343 1025
69 343 997
69 330 1097
101 330 1016
134 330 749
101 349 1282
69 349 896
134 349 749
134 379 1209
101 379 555
134 340 619
69 367 711
