232
183 35 122
184 35 1110
239 35 941
806 35 553
131 35 738
183 319 3
184 319 517
131 319 1
183 410 683
184 410 683
239 410 475
806 410 360
131 410 360
754 410 425
183 428 384
184 428 857
239 428 347
806 428 857
131 428 511
754 428 511
183 439 465
184 439 1016
239 439 195
806 439 680
131 439 559
754 439 680
183 476 516
184 476 818
239 476 831
806 476 384
131 476 331
754 476 620
183 483 549
184 483 599
239 483 574
806 483 732
131 483 442
754 483 424
183 490 564
184 490 1083
239 490 263
806 490 500
131 490 442
754 490 517
183 506 677
184 506 677
239 506 507
806 506 628
131 506 241
754 506 628
183 512 465
184 512 388
239 512 452
806 512 270
131 512 557
754 512 557
183 599 661
184 599 679
239 599 765
806 599 679
131 599 390
754 599 418
183 645 713
184 645 723
239 645 497
754 645 497
183 760 149
184 760 497
239 760 831
806 760 500
131 760 497
183 794 788
184 794 1145
239 794 181
131 794 496
754 794 605
183 803 327
184 803 692
239 803 369
131 803 362
754 803 293
183 820 926
184 820 1031
239 820 475
806 820 725
131 820 475
754 820 165
183 865 382
184 865 1031
239 865 563
806 865 205
131 865 161
754 865 293
184 791 1145
239 791 181
806 791 490
131 791 702
754 791 393
726 183 883
700 183 348
758 183 95
726 184 1099
748 184 698
758 184 12
700 239 254
726 239 1275
748 239 531
636 239 138
579 239 1
636 806 351
748 806 89
700 806 69
726 131 1101
748 131 1187
636 131 62
742 131 6
700 754 233
742 754 706
729 754 310
758 754 186
726 754 27
322 579 628
416 579 575
9 579 344
150 579 318
416 636 684
322 636 628
202 636 199
322 742 1159
416 742 40
25 748 1212
9 748 537
150 748 3
150 758 687
25 758 817
37 726 1165
202 726 141
416 726 612
9 726 29
416 700 680
322 700 628
150 729 415
25 729 110
416 729 105
37 729 1
375 416 1134
39 416 937
107 202 945
375 202 685
184 202 685
184 37 553
107 25 961
375 25 601
39 322 1229
107 322 491
184 322 412
375 322 349
107 150 675
39 150 527
407 107 71
407 375 1287
416 375 765
402 375 722
17 375 656
436 375 647
398 375 514
226 375 378
17 184 1044
408 184 639
398 184 527
416 184 432
436 184 321
226 184 299
226 39 466
17 39 1297
407 415 978
408 415 738
416 415 731
436 415 666
402 415 666
398 415 666
226 415 270
417 226 1285
402 226 496
208 226 424
208 407 1296
436 407 385
437 407 385
417 407 385
402 407 226
208 402 1296
402 402 756
208 408 1021
402 408 909
437 17 470
436 17 729
417 398 558
208 398 546
402 398 422
437 398 194
208 436 843
417 436 286
402 436 202
417 416 558
437 416 348
402 416 286
208 416 286
342 402 698
340 402 541
330 402 440
388 208 1168
342 208 1168
330 208 414
340 208 414
330 437 1147
388 437 1147
342 437 1106
340 437 1106
330 436 1230
388 436 1224
340 436 609
342 436 256
330 417 1230
342 417 698
340 417 609
134 342 1300
69 342 1061
69 330 1145
134 330 911
134 340 1136
134 388 1262
69 388 877
