118
304 35 546
443 35 826
806 35 750
304 400 744
443 400 988
806 400 1112
754 400 1123
304 501 448
443 501 802
754 501 927
613 501 249
304 516 559
443 516 787
806 516 280
754 516 910
613 516 725
304 539 744
443 539 988
806 539 1136
754 539 663
304 625 744
443 625 844
806 625 844
754 625 686
613 625 566
304 746 666
443 746 546
806 746 546
754 746 894
304 747 559
443 747 395
806 747 479
754 747 783
613 747 479
304 870 480
806 870 463
754 870 639
613 870 753
443 119 286
806 119 76
754 119 1153
613 119 749
443 770 680
806 770 209
754 770 680
613 770 672
822 304 954
789 304 880
742 304 712
789 443 1147
822 443 812
742 443 712
822 806 830
789 754 546
742 754 1184
742 613 1206
789 613 770
822 613 244
322 742 934
416 742 30
460 742 11
460 822 200
416 822 1087
404 822 392
9 789 1189
39 460 1179
487 460 1163
29 460 868
375 460 171
487 9 459
487 416 1155
39 416 1142
29 416 1070
375 416 1014
39 404 1179
487 404 1163
375 404 1014
39 322 1162
487 322 529
375 322 361
438 487 95
241 487 37
241 375 703
438 375 436
226 375 236
226 39 673
226 29 1065
415 438 1142
436 438 1028
437 438 852
407 438 777
407 226 723
415 226 505
436 226 358
436 193 1192
437 193 1183
415 193 1001
407 193 802
436 241 1192
437 241 1183
415 241 1001
407 241 802
388 437 1139
340 437 1065
379 436 1163
388 436 1133
340 436 958
379 407 1163
340 407 958
388 407 215
340 415 1196
388 415 1196
150 379 1204
134 379 1152
150 388 1181
134 388 1152
134 340 1151
150 340 1151
