133
149 787 859
411 787 818
270 787 721
376 787 167
576 787 563
149 788 270
411 788 818
270 788 721
376 788 145
576 788 724
149 842 859
411 842 818
270 842 721
376 842 109
576 842 620
149 846 779
411 846 818
270 846 721
376 846 584
576 846 563
149 865 664
411 865 818
270 865 721
376 865 584
576 865 568
149 866 859
411 866 818
270 866 721
376 866 123
576 866 563
111 149 643
79 149 848
158 149 909
111 411 606
79 411 592
158 411 502
605 411 430
79 270 959
605 270 772
111 270 725
158 270 725
79 376 961
111 376 662
158 376 662
605 376 561
79 576 999
158 576 748
605 576 653
111 576 175
469 111 1043
439 111 298
469 79 612
364 79 1035
142 79 137
446 79 13
469 605 991
142 605 641
364 605 366
446 158 489
469 158 1051
387 439 835
417 439 562
422 439 428
402 439 306
417 446 1028
402 446 864
387 446 835
422 446 428
422 469 988
417 469 1000
402 469 2
387 364 971
422 364 524
402 364 205
415 364 177
387 142 971
402 142 950
422 142 851
415 142 259
433 422 1002
309 422 202
433 417 629
320 417 541
309 417 326
433 402 1002
309 402 409
408 402 222
320 402 216
438 402 74
408 387 616
438 387 530
320 387 443
433 387 385
408 415 765
309 415 461
433 415 362
320 415 216
417 438 1015
415 438 977
436 438 522
298 438 431
437 438 341
298 408 820
415 408 750
415 433 750
417 433 325
415 309 605
298 309 421
437 309 305
436 309 305
415 320 921
436 320 759
437 320 759
298 320 491
417 320 120
342 437 937
324 437 937
340 437 937
324 436 851
340 436 673
342 436 252
342 417 695
340 417 673
324 417 254
340 415 1037
342 415 1013
324 415 996
342 298 242
324 298 113
340 298 113
133 342 1026
133 324 706
133 340 1055
