164
87 100 1252
754 100 1269
87 406 656
438 406 177
806 406 926
754 406 907
87 476 503
438 476 685
806 476 278
754 476 1038
87 747 446
806 747 631
754 747 1113
87 770 854
438 770 566
806 770 486
754 770 1089
87 777 854
806 777 486
754 777 1089
87 779 1088
438 779 484
806 779 186
754 779 908
87 806 1088
438 806 484
806 806 479
754 806 1089
87 824 1088
438 824 484
806 824 479
754 824 762
87 829 962
438 829 704
806 829 479
754 829 908
87 850 854
806 850 877
754 850 1233
87 911 738
438 911 1020
145 87 1297
338 87 123
700 87 1
742 438 1207
338 438 1095
145 438 1026
675 438 224
669 438 131
145 806 1267
700 806 77
145 754 1246
742 754 1086
338 754 67
700 754 142
669 754 1
675 754 1
416 669 983
281 669 683
353 669 445
164 669 440
416 675 1170
353 675 1146
164 675 732
281 675 683
281 742 227
416 742 13
267 145 1110
164 145 114
416 700 968
267 700 458
267 338 1077
281 338 1062
353 338 272
416 338 143
164 338 143
487 416 1282
375 416 1125
39 416 938
29 416 854
30 416 664
487 353 1198
29 353 948
30 353 661
375 353 365
30 281 1173
487 281 1173
375 281 1041
487 267 1248
30 267 673
375 267 221
487 164 1217
29 164 748
30 164 545
39 164 384
348 487 141
17 487 3
407 375 1290
402 375 775
17 375 601
348 375 527
226 375 374
196 375 374
348 30 1060
226 30 110
196 30 7
17 39 1296
226 39 534
226 29 962
208 226 380
415 226 290
208 407 1299
436 407 560
437 407 560
424 407 449
415 407 310
208 402 1299
424 402 202
415 17 892
437 17 548
436 17 816
424 348 440
437 348 430
436 348 430
208 348 407
415 348 290
437 193 1230
436 193 1228
415 193 791
424 193 670
208 193 268
208 196 805
424 196 398
415 196 280
342 208 1100
388 208 1100
330 208 392
340 208 392
379 424 1080
388 424 699
342 424 699
330 424 280
340 424 280
330 436 1222
388 436 1191
379 436 1025
340 436 718
342 436 237
330 437 1106
388 437 1106
342 437 1043
340 437 1007
342 415 1264
388 415 1261
340 415 1247
330 415 1200
134 342 1300
69 342 1019
69 330 1103
134 330 903
134 388 1226
69 388 888
134 340 1179
134 379 1226
