163
183 204 285
37 204 387
183 257 1127
24 257 462
306 257 970
183 423 686
24 423 311
360 423 796
306 423 499
37 423 777
183 476 490
24 476 787
360 476 796
306 476 270
37 476 284
183 506 759
24 506 884
360 506 310
306 506 196
37 506 275
183 531 476
24 531 846
360 531 218
306 531 353
37 531 202
183 781 789
24 781 630
360 781 423
306 781 272
37 781 637
183 803 428
24 803 763
360 803 207
306 803 427
37 803 848
183 843 690
24 843 803
360 843 739
306 843 232
37 843 846
183 849 393
24 849 316
360 849 510
37 849 765
183 855 893
24 855 932
360 855 207
306 855 218
37 855 925
183 865 700
24 865 630
360 865 457
306 865 182
37 865 990
183 933 83
24 933 956
306 933 3
758 183 391
706 24 1155
758 24 1286
711 24 35
758 360 1092
711 360 852
706 360 852
789 360 843
761 360 686
758 306 1212
711 306 1131
706 306 932
761 306 871
789 306 235
711 37 862
706 37 386
150 711 815
76 711 1275
315 711 228
315 761 1159
150 761 2
294 758 387
150 758 1121
315 758 117
198 758 71
294 706 445
150 706 5
76 706 11
315 706 2
294 789 975
76 789 266
150 789 66
107 294 1191
104 294 1090
154 294 832
184 294 643
375 294 506
30 294 410
154 76 555
107 76 139
184 76 90
107 150 1061
154 150 846
30 150 410
104 150 292
184 150 292
154 315 1243
107 315 1021
104 315 1021
30 315 524
375 315 317
30 198 1144
375 198 1105
184 198 1095
104 198 853
154 198 710
107 198 417
139 107 1241
11 107 1294
416 375 728
436 375 579
139 375 481
68 375 424
11 375 337
348 375 336
348 30 622
68 30 1055
408 30 4
11 184 944
68 184 891
408 184 667
416 184 417
348 184 336
436 184 277
139 154 1155
68 154 891
436 154 442
408 154 442
348 154 336
11 154 307
139 104 1279
408 104 13
324 68 328
402 68 68
208 408 963
402 408 802
324 408 711
402 348 1051
208 348 475
324 348 253
324 139 212
168 139 1
324 416 806
402 416 409
208 416 409
208 436 907
324 436 806
402 436 271
324 11 13
208 11 2
342 402 608
342 208 1075
342 322 1064
342 168 663
342 324 925
152 342 1162
