151
601 439 155
351 439 898
716 439 878
601 540 675
351 540 688
716 540 702
601 607 675
716 607 1180
601 755 660
351 755 847
716 755 660
601 806 384
351 806 979
716 806 459
601 821 272
716 821 1003
601 826 264
351 826 878
716 826 632
601 858 384
351 858 877
716 858 824
351 99 963
351 172 449
351 194 464
716 194 510
351 250 851
716 250 227
351 846 877
716 846 1002
716 210 801
716 219 1127
626 601 1271
691 601 1186
611 601 1139
646 601 880
691 351 768
626 351 518
611 351 518
611 716 1206
186 691 1250
483 691 1109
411 691 1092
458 691 819
463 691 819
227 691 493
483 646 1290
186 646 1250
458 646 1126
463 646 1113
411 646 1092
227 646 885
483 626 1290
458 626 1126
463 626 1113
411 626 955
227 626 885
186 626 482
483 611 1290
458 611 1126
463 611 1113
186 611 474
411 611 436
227 611 277
333 458 1150
139 458 1060
172 458 622
300 458 548
325 458 499
172 483 484
139 483 1194
333 483 974
325 483 500
300 483 373
333 411 1150
325 411 1044
172 411 977
139 411 961
300 411 548
333 186 1195
139 186 1185
325 186 563
172 186 407
300 186 303
139 227 957
300 227 571
325 227 563
333 227 563
172 227 407
333 463 1150
139 463 961
300 463 548
408 333 1160
439 333 915
355 333 831
307 333 443
441 333 375
408 300 1221
439 300 862
307 300 818
355 300 712
441 300 638
441 139 1028
408 139 936
355 139 712
307 139 509
441 172 1028
307 172 818
439 172 753
355 172 287
307 325 937
441 325 918
408 325 699
355 325 699
374 441 1266
391 441 734
360 441 465
303 441 297
303 307 851
391 307 762
267 307 508
360 307 507
374 408 966
267 408 401
391 408 288
360 408 256
374 439 1239
267 439 401
360 439 385
303 439 297
374 355 1235
391 355 704
303 355 526
267 355 508
345 360 668
346 360 384
374 360 261
345 374 1123
368 374 720
346 374 344
374 303 1134
345 303 668
346 267 919
368 267 615
101 346 1285
134 346 1058
101 355 995
134 368 1298
101 368 878
101 374 959
101 345 959
