256
680 395 405
678 395 376
634 395 720
655 395 367
612 395 132
156 395 496
680 453 205
64 453 1008
678 453 898
634 453 239
655 453 292
612 453 399
156 453 332
680 500 770
64 500 249
678 500 480
634 500 257
655 500 472
612 500 627
156 500 678
680 594 405
64 594 722
678 594 210
634 594 623
655 594 292
612 594 566
156 594 347
680 758 405
64 758 699
678 758 699
634 758 608
655 758 286
612 758 232
156 758 234
680 795 521
64 795 940
678 795 368
634 795 677
655 795 463
612 795 433
156 795 702
680 798 273
64 798 530
678 798 297
634 798 484
655 798 723
612 798 315
156 798 661
680 800 345
678 800 439
634 800 709
655 800 709
156 800 360
680 815 437
64 815 239
678 815 439
634 815 571
655 815 723
612 815 433
156 815 451
680 836 98
678 836 439
634 836 931
655 836 723
612 836 147
156 836 622
680 853 242
678 853 376
634 853 649
655 853 625
612 853 544
156 853 1002
680 872 98
64 872 596
634 872 641
655 872 723
612 872 264
156 872 350
680 884 466
64 884 610
678 884 402
634 884 1008
655 884 868
612 884 79
156 884 958
64 696 731
678 696 255
634 696 788
655 696 472
612 696 359
156 696 773
64 819 610
678 819 137
634 819 641
655 819 535
612 819 325
156 819 958
64 857 560
634 857 259
655 857 723
612 857 308
156 857 895
64 858 239
678 858 439
634 858 813
655 858 813
612 858 544
156 858 372
64 867 537
678 867 340
634 867 641
655 867 723
612 867 128
156 867 275
678 142 792
678 886 439
634 886 641
655 886 723
612 886 544
156 886 474
678 892 439
634 892 513
655 892 723
612 892 510
156 892 482
357 680 1024
643 680 1024
724 680 1006
776 680 817
825 680 198
801 680 167
724 64 1234
357 678 1204
643 678 1141
776 678 1047
724 678 1021
801 678 743
825 678 500
776 634 935
643 634 607
825 634 547
801 634 500
724 634 471
801 655 918
825 655 763
724 655 394
776 655 387
643 655 262
724 612 1266
801 612 1098
357 612 1084
643 612 1084
776 612 932
825 612 169
724 156 1246
776 156 577
68 825 1196
286 825 1297
287 825 3
287 776 592
443 776 1058
68 776 912
424 776 1020
287 643 1221
41 643 963
424 643 841
68 643 289
286 724 595
287 724 1085
41 724 1217
443 724 169
68 801 823
424 801 122
41 357 1110
286 357 1069
443 357 1034
68 357 512
287 357 439
375 424 794
77 424 581
178 424 419
94 424 351
375 286 948
178 286 605
129 286 486
77 286 369
375 443 1293
178 443 419
192 443 273
129 443 186
375 287 615
77 287 606
178 287 312
375 41 165
178 41 451
192 41 93
192 68 90
208 178 442
311 178 292
170 178 257
175 192 1125
208 192 907
442 192 391
170 192 355
351 192 256
442 375 1282
311 375 830
351 375 261
311 129 835
442 129 522
175 129 516
170 129 408
351 129 256
170 94 1058
175 94 5
351 94 3
442 77 115
289 208 1152
298 208 685
208 208 427
416 208 294
208 442 1297
416 442 1100
298 442 893
298 351 438
208 351 355
416 351 322
298 170 1190
416 170 741
208 170 690
208 311 1090
416 311 238
289 175 1022
416 175 695
298 175 664
208 175 586
408 208 1129
326 208 597
374 208 429
374 416 910
326 416 403
341 416 141
374 298 869
408 298 481
326 298 481
382 298 230
326 289 993
408 289 980
382 289 526
341 289 508
374 289 324
101 382 1180
101 341 982
101 374 1135
101 326 1289
101 408 1281
