259
239 400 420
332 400 821
806 400 703
360 400 420
136 400 172
37 400 418
58 400 348
239 409 675
806 409 714
360 409 445
136 409 564
37 409 435
58 409 675
239 437 795
332 437 562
806 437 824
136 437 201
37 437 482
239 476 744
332 476 445
360 476 557
136 476 428
37 476 682
58 476 319
239 487 519
332 487 242
806 487 412
360 487 445
136 487 805
37 487 481
58 487 482
239 488 312
332 488 386
806 488 785
360 488 275
136 488 724
37 488 528
58 488 348
239 546 545
332 546 221
806 546 545
360 546 361
136 546 739
37 546 224
58 546 278
239 555 809
332 555 298
806 555 809
360 555 361
136 555 718
37 555 439
58 555 276
239 588 519
332 588 241
806 588 442
360 588 446
136 588 729
37 588 481
58 588 420
239 589 322
332 589 178
360 589 358
136 589 757
37 589 322
58 589 369
239 599 792
332 599 239
806 599 714
360 599 445
136 599 735
37 599 166
58 599 792
239 754 772
806 754 395
360 754 445
136 754 724
37 754 716
58 754 772
239 803 440
332 803 295
360 803 226
136 803 465
37 803 635
58 803 498
239 865 714
360 865 336
136 865 514
37 865 703
58 865 699
748 239 598
726 239 1300
700 239 176
716 239 110
636 239 120
748 332 821
726 332 821
716 332 587
789 332 541
790 332 341
71 332 302
700 332 267
636 332 163
636 806 340
700 806 26
748 806 116
790 806 44
790 360 917
789 360 793
748 360 737
716 360 587
726 360 515
71 360 311
636 360 305
700 360 201
716 136 713
726 136 1268
700 136 24
636 136 232
789 136 89
726 37 1161
716 37 383
636 37 54
71 37 11
790 58 545
748 58 1194
299 71 647
326 71 357
139 71 9
9 716 493
185 716 987
350 716 1
297 636 932
198 636 541
416 636 456
299 636 345
9 748 651
198 748 140
326 748 542
185 748 8
297 748 1
139 790 509
350 790 526
416 726 350
299 726 567
9 726 49
326 726 662
198 726 129
185 726 3
9 789 1231
185 789 13
297 700 932
299 700 730
416 700 468
185 700 319
350 700 245
487 9 121
375 350 830
184 350 324
375 416 1086
487 416 1028
39 416 796
184 326 408
487 299 987
154 299 896
184 299 818
375 299 670
39 299 395
39 185 1134
487 185 506
375 185 457
154 185 457
184 185 457
375 198 1181
184 198 1044
154 198 492
39 198 395
487 198 230
375 297 448
487 297 376
154 297 365
39 297 357
184 297 324
154 139 953
184 139 818
487 139 686
375 139 670
348 487 101
407 375 1284
416 375 741
17 375 651
436 375 607
348 375 262
17 184 925
408 184 587
416 184 382
436 184 284
348 184 262
17 39 1296
407 390 1262
416 390 1169
408 390 370
356 390 316
407 415 994
408 415 799
416 415 663
436 415 645
377 154 1092
408 154 620
356 154 620
436 154 620
348 154 262
208 407 1297
324 407 764
436 407 329
437 407 329
208 408 990
324 408 699
437 348 563
436 348 518
208 348 448
324 348 290
437 17 352
168 17 1296
436 17 681
324 356 707
437 356 563
436 356 518
208 436 781
324 436 764
324 416 764
208 416 362
437 416 272
168 377 1286
437 377 446
436 377 324
324 377 290
342 208 1134
340 208 411
330 208 411
330 436 1214
340 436 572
343 436 423
342 436 289
330 437 1145
340 437 1135
342 437 1135
343 437 696
342 324 988
343 324 506
330 324 385
330 168 693
340 168 1177
342 168 632
69 343 1152
69 330 1170
134 330 910
134 342 1300
69 342 1067
134 340 962
