93
677 385 222
170 385 1049
234 385 1161
677 682 272
170 682 733
234 682 837
677 774 408
170 774 947
234 774 1153
677 910 3
170 910 1036
234 910 1238
170 108 1278
234 108 727
170 213 1282
234 213 541
170 323 1140
234 323 962
170 329 1115
234 329 1220
738 677 1135
653 677 1132
168 677 759
168 170 1290
168 234 1255
738 234 745
122 738 1254
373 738 1197
163 738 73
25 738 25
122 653 1214
373 653 1049
25 653 975
3 653 901
25 168 1300
375 373 1295
213 373 773
245 373 283
23 373 260
211 122 1205
375 122 1090
213 122 773
23 122 463
245 122 267
23 25 1300
375 25 304
23 163 1135
375 163 775
375 3 477
23 3 52
465 211 1008
297 211 1008
408 211 267
465 213 1211
297 213 1207
408 213 629
402 213 171
402 375 1272
465 375 1048
297 375 510
465 23 1144
465 245 1211
297 245 1207
402 245 560
408 245 525
140 402 1300
208 402 1296
339 402 716
475 402 445
492 402 282
140 408 1119
208 408 1119
492 408 867
339 408 716
475 408 493
492 465 1177
475 465 1193
475 297 968
339 297 548
492 297 309
140 297 256
208 297 182
238 140 1115
154 208 929
152 475 1242
377 492 1
154 339 783
152 339 678
152 377 1226
152 154 1300
162 154 609
162 152 851
152 238 1300
