175
24 16 158
360 16 860
24 211 1255
272 211 661
476 211 733
24 400 677
272 400 109
360 400 533
476 400 358
37 400 921
24 428 803
272 428 123
360 428 481
476 428 684
37 428 921
24 531 736
360 531 177
476 531 386
37 531 487
24 604 743
272 604 185
360 604 117
476 604 291
37 604 921
24 674 380
272 674 223
360 674 662
476 674 241
37 674 921
24 761 736
272 761 394
360 761 496
476 761 306
37 761 360
24 770 893
272 770 418
360 770 827
476 770 396
37 770 325
24 785 1022
272 785 95
360 785 173
476 785 148
37 785 1149
24 812 750
272 812 158
360 812 732
476 812 614
37 812 1044
24 828 168
272 828 168
360 828 732
476 828 742
37 828 1149
758 24 1299
711 24 37
758 272 1229
711 272 1086
605 272 911
703 272 507
758 360 1229
711 360 914
703 360 443
758 476 1229
711 476 919
703 476 689
605 476 517
711 37 889
703 37 10
297 703 798
150 703 634
185 703 524
294 703 235
150 711 1084
185 711 429
297 711 280
150 758 1211
294 758 380
185 605 888
297 605 435
294 605 273
104 294 1277
154 294 1071
184 294 945
187 294 560
260 294 513
375 294 387
154 185 953
260 185 875
184 185 755
104 185 750
187 185 560
375 185 387
154 150 1036
260 150 875
187 150 412
104 150 243
184 150 164
260 297 875
154 297 747
187 297 747
104 297 436
375 297 372
184 297 372
226 187 924
436 187 640
388 187 452
68 187 385
226 260 924
68 260 514
388 260 496
348 260 228
436 375 640
68 375 531
226 375 364
348 375 322
408 375 282
68 184 790
408 184 694
388 184 475
226 184 380
436 184 343
348 184 322
356 184 307
68 154 790
436 154 708
356 154 708
408 154 708
388 154 496
348 154 322
408 104 14
324 68 540
402 68 195
267 68 2
417 226 1268
402 226 639
208 226 273
324 226 251
417 388 1203
324 388 666
267 388 454
208 388 454
402 388 280
402 408 881
324 408 807
208 408 797
267 408 406
324 356 839
267 356 665
402 356 664
208 356 167
402 348 1140
417 348 1140
324 348 424
267 348 315
208 348 235
324 436 947
208 436 864
267 436 406
417 436 388
402 436 289
330 208 392
379 402 670
330 402 504
349 402 397
330 417 1149
379 417 1113
349 417 344
379 267 627
379 324 627
349 324 627
330 324 395
134 330 956
134 349 956
134 379 1256
