115
806 406 1267
131 406 1075
806 444 242
131 444 525
806 476 469
131 476 1163
806 501 348
131 501 1068
806 777 643
131 777 1097
806 817 1023
131 817 1097
19 806 440
271 806 1021
589 806 931
632 806 70
271 131 10
19 131 2
589 131 2
416 19 3
460 19 270
289 19 57
299 19 9
416 589 1210
460 589 1071
289 589 941
299 271 1247
289 271 1180
460 271 891
416 632 1273
487 460 1292
39 460 1214
360 460 759
375 460 260
487 416 1290
375 416 1146
39 416 997
360 416 908
487 289 1223
360 289 1094
39 289 611
375 289 478
487 299 1288
77 299 722
39 299 476
360 299 351
375 299 282
348 487 74
335 487 6
17 487 1
407 375 1292
402 375 846
17 375 630
185 375 589
226 375 443
348 375 246
402 77 287
407 77 38
226 39 498
17 39 1298
185 39 6
348 360 946
185 360 262
208 335 898
424 335 408
407 335 302
407 226 397
208 226 392
208 407 1299
436 407 738
437 407 675
407 407 604
424 407 427
424 348 408
208 348 365
436 348 306
437 348 306
437 17 508
436 17 752
208 402 1299
424 402 202
208 185 898
407 185 397
424 185 303
388 208 1046
342 208 1046
340 208 474
330 208 474
379 424 1129
388 424 678
342 424 678
330 424 266
388 437 1140
330 437 1140
342 437 1035
340 437 1017
388 436 1217
330 436 1204
379 436 1107
340 436 721
342 436 172
330 407 1204
379 407 1107
340 407 721
342 407 571
388 407 179
134 342 1300
152 342 1072
69 342 889
69 330 1074
134 330 842
134 340 1198
134 388 1217
69 388 909
134 379 1217
