146
806 163 1263
717 163 1248
806 476 511
717 476 1188
754 476 1188
806 769 665
717 769 1061
754 769 821
806 773 436
717 773 237
754 773 1102
806 780 517
717 780 1194
754 780 890
806 788 564
717 788 1118
754 788 688
806 853 484
717 853 1166
754 853 583
806 856 503
717 856 1194
754 856 599
806 963 643
717 963 1059
754 963 1
717 815 1097
754 815 844
717 840 1194
754 840 1079
822 806 550
594 717 882
752 717 25
726 717 7
669 754 80
726 754 9
322 669 998
416 669 829
353 669 630
86 669 579
391 669 415
416 822 1232
353 822 12
391 752 567
86 726 346
391 726 376
416 726 735
9 726 19
416 594 1117
353 594 1112
322 594 998
391 594 396
487 9 739
487 416 1286
387 416 1102
394 416 1100
375 416 1016
375 86 28
487 353 1205
394 353 315
387 353 315
375 353 302
487 322 1055
387 322 959
394 322 936
375 322 429
487 391 1252
415 391 458
375 391 374
414 391 213
348 487 20
407 375 1289
447 375 1144
416 375 717
436 375 717
398 375 560
348 375 355
416 394 837
436 394 720
398 394 720
447 394 720
407 394 371
398 387 996
436 387 996
416 387 837
447 387 517
407 387 371
407 415 1089
398 415 795
436 415 795
416 415 690
436 414 1131
398 414 1088
407 414 837
416 414 751
208 447 1300
424 447 421
415 447 421
437 447 331
436 447 170
208 407 1300
424 407 518
436 407 388
437 407 388
415 407 292
437 348 618
436 348 618
424 348 512
208 348 432
415 348 316
424 398 832
208 398 455
415 398 261
208 436 786
424 436 403
424 416 655
437 416 331
415 416 285
208 416 232
342 208 1100
388 208 1100
330 208 358
340 208 358
388 436 1246
330 436 1181
379 436 1042
340 436 654
342 436 221
388 437 1204
342 437 1156
340 437 1156
330 437 1154
388 415 1276
340 415 1256
342 415 1242
330 415 1154
379 424 1109
342 424 709
388 424 709
340 424 292
330 424 292
134 342 1300
134 330 872
134 388 1255
134 340 1096
134 379 1259
