165
240 0 1013
601 0 909
240 51 1
712 51 958
240 460 490
601 460 414
335 460 320
636 460 273
712 460 941
630 460 125
240 609 587
601 609 587
335 609 315
712 609 1182
630 609 359
240 705 442
601 705 427
335 705 597
636 705 449
712 705 1157
630 705 652
240 792 806
601 792 164
335 792 567
636 792 806
712 792 113
630 792 643
240 802 520
335 802 567
636 802 366
712 802 597
630 802 881
240 867 571
601 867 368
335 867 553
636 867 277
712 867 597
630 867 985
240 886 520
601 886 506
335 886 553
636 886 422
712 886 597
630 886 193
240 891 518
601 891 550
335 891 553
636 891 499
712 891 597
630 891 193
240 893 290
601 893 512
335 893 222
636 893 222
630 893 541
335 177 67
636 177 599
794 240 756
715 240 1051
775 240 1217
715 601 1227
794 601 1151
775 601 455
648 601 174
794 335 1095
775 335 1095
715 335 1095
648 335 618
715 636 1227
794 636 1151
775 636 681
648 636 572
794 712 1017
715 712 1119
775 712 952
715 630 1227
794 630 1151
775 630 795
648 630 174
432 794 1135
458 794 1222
442 794 1113
303 794 1
458 648 1001
432 648 1001
442 648 727
303 648 454
432 715 1104
442 715 860
458 715 1056
458 775 966
442 775 493
303 775 908
333 458 1222
112 458 1122
234 458 1039
264 458 969
333 442 1222
112 442 1122
234 442 1077
264 442 969
333 432 1222
264 432 969
112 432 864
234 432 864
333 303 1235
112 303 1013
234 303 930
405 333 1259
493 333 1036
364 333 706
411 333 556
405 234 1175
493 234 1034
364 234 706
411 234 339
493 112 664
364 112 835
493 264 1026
411 264 939
405 264 874
364 264 706
391 264 245
391 411 935
368 411 624
267 411 508
201 411 472
208 411 181
424 411 176
391 364 916
368 364 585
424 364 573
201 364 566
391 391 935
368 391 624
201 391 472
208 391 428
424 391 428
391 405 935
368 405 624
424 405 616
267 405 508
201 405 361
208 405 181
368 493 985
201 493 871
359 368 905
363 368 790
379 368 748
349 368 531
363 208 422
379 424 941
349 424 255
359 201 905
363 201 378
363 267 638
379 267 417
359 267 377
69 363 1076
69 359 1299
134 359 1241
69 343 1076
69 349 952
134 349 835
134 379 1241
