181
148 186 1061
646 186 546
613 186 45
148 215 90
149 215 343
812 215 777
148 270 69
646 270 62
613 270 625
148 284 719
812 284 3
646 284 87
148 406 605
149 406 583
812 406 934
646 406 631
613 406 321
148 419 192
149 419 201
812 419 716
646 419 596
613 419 656
148 476 512
149 476 211
812 476 873
646 476 631
613 476 305
148 483 577
149 483 398
812 483 690
646 483 575
613 483 247
148 688 177
149 688 428
812 688 809
646 688 504
613 688 252
148 746 215
149 746 449
812 746 994
646 746 575
148 776 408
149 776 519
812 776 551
646 776 750
148 839 356
149 839 684
812 839 813
646 839 446
613 839 176
148 847 436
149 847 684
812 847 457
646 847 750
613 847 175
149 267 56
812 267 1059
613 267 510
79 148 799
742 148 1001
742 149 1134
79 149 1025
79 812 392
742 646 1154
79 646 1093
605 646 909
606 646 165
742 613 1154
79 613 1093
605 613 558
322 606 1038
339 606 972
364 606 959
494 606 672
469 606 552
371 606 538
364 742 925
322 742 1110
494 742 98
469 742 25
371 742 5
494 79 258
322 79 1090
364 79 1142
371 79 64
469 79 78
339 79 19
339 605 972
494 605 796
364 605 598
469 605 552
322 605 503
371 605 223
387 339 642
402 339 546
422 339 422
39 339 412
183 339 317
422 494 475
39 371 1066
387 371 614
183 371 317
422 371 205
422 469 1008
402 469 21
39 364 1118
387 364 1059
422 364 568
402 364 189
415 364 184
39 322 1118
387 322 1034
402 322 211
183 322 211
380 422 758
309 422 155
17 422 78
17 183 800
438 183 647
320 183 640
380 183 376
193 183 314
17 39 1192
380 402 785
309 402 404
320 402 380
380 387 785
320 387 637
438 387 538
193 387 292
380 415 785
320 415 566
309 415 529
437 380 1064
436 380 1054
415 380 800
415 438 1030
436 438 708
424 438 656
437 438 533
436 17 631
415 17 924
437 17 411
415 309 734
436 309 551
437 309 551
436 320 974
437 320 974
415 320 865
424 320 216
437 193 1064
436 193 1054
415 193 864
424 193 514
379 424 1007
388 424 438
330 424 438
324 424 438
340 424 243
388 437 1140
324 437 1096
340 437 1096
330 437 1009
388 436 1136
330 436 1086
379 436 997
324 436 944
340 436 774
388 415 1172
340 415 1165
324 415 1125
330 415 1009
69 330 1050
95 330 839
134 330 638
134 379 1122
95 324 1179
95 388 1179
134 388 1039
69 388 649
134 340 761
