181
114 407 748
128 407 730
64 407 670
612 407 253
431 407 415
156 407 772
114 408 731
128 408 464
64 408 731
612 408 238
431 408 238
156 408 753
114 453 633
128 453 652
64 453 950
612 453 352
431 453 188
156 453 349
114 487 585
128 487 642
64 487 297
612 487 489
431 487 642
156 487 771
114 582 633
128 582 726
64 582 161
612 582 454
431 582 431
156 582 484
114 616 664
128 616 543
64 616 664
612 616 683
431 616 511
156 616 511
114 625 615
128 625 220
64 625 411
612 625 439
431 625 218
156 625 593
114 740 641
128 740 881
64 740 194
612 740 253
431 740 366
156 740 839
114 796 668
128 796 658
64 796 612
612 796 584
431 796 636
156 796 1088
114 798 402
128 798 404
64 798 665
612 798 421
156 798 953
114 831 496
128 831 686
612 831 238
431 831 737
156 831 861
114 857 406
128 857 734
64 857 327
612 857 664
431 857 431
156 857 853
114 887 209
128 887 180
64 887 476
612 887 766
431 887 445
156 887 1136
114 892 279
128 892 734
612 892 657
431 892 445
156 892 844
128 286 150
64 286 307
156 286 1058
128 795 658
64 795 536
612 795 584
431 795 327
156 795 846
556 114 655
697 114 910
516 114 1206
631 114 134
780 114 58
781 128 424
556 128 1134
780 128 17
781 64 1113
697 64 19
780 612 1119
516 612 1088
697 612 1037
631 612 295
781 612 295
556 612 173
516 431 1197
781 431 1101
780 431 918
556 431 733
631 431 386
780 156 925
556 156 491
631 156 18
287 697 1203
68 697 694
52 697 655
32 697 250
320 697 238
32 516 1227
287 516 856
320 516 812
52 516 285
68 516 285
32 556 1103
287 556 879
320 556 812
68 556 285
320 780 544
287 780 1178
52 780 763
32 780 665
68 780 20
320 781 777
52 781 922
287 781 503
68 781 67
68 631 1242
287 631 350
32 631 310
52 631 266
320 631 238
241 32 1042
178 32 15
241 287 1027
375 287 1002
178 287 302
241 320 949
375 320 897
147 320 438
178 320 195
375 68 4
375 52 40
351 178 462
263 178 462
285 178 272
263 241 558
351 241 262
402 375 1203
263 375 881
285 375 792
351 375 534
351 147 891
285 147 407
263 147 260
416 285 867
208 351 510
297 351 411
416 351 369
208 402 1295
297 402 873
416 402 296
416 263 566
297 263 224
326 208 404
374 208 347
326 297 745
374 416 604
326 416 319
101 374 1012
101 326 1250
215 326 415
