107
622 457 677
651 457 288
763 457 1189
622 800 598
651 800 383
763 800 903
622 812 833
651 812 668
763 812 776
622 815 1069
651 815 1092
763 815 802
622 820 642
651 820 1092
763 820 1074
622 879 1069
651 879 1077
763 879 274
771 622 1191
631 622 1107
682 622 1011
820 622 966
769 622 675
771 651 1200
820 651 890
631 651 877
769 651 675
682 651 471
771 763 1204
279 820 11
153 820 11
507 820 1
507 771 1203
153 771 552
385 771 26
279 769 369
279 682 867
153 682 770
385 682 444
507 682 187
279 631 867
153 631 770
507 631 498
385 631 444
143 507 31
143 153 938
199 153 621
373 153 571
413 153 480
143 279 938
373 279 908
199 279 621
413 385 989
143 385 938
373 385 637
199 385 621
175 199 1156
408 199 1156
297 199 1039
337 199 762
408 413 1047
297 413 1009
175 413 575
337 413 241
408 373 1169
175 373 1168
337 373 762
297 143 1089
337 143 988
175 143 384
408 143 188
310 175 1110
229 175 1024
208 175 367
430 175 307
430 337 1180
229 337 719
208 337 606
310 337 318
310 408 779
208 408 704
229 408 480
430 408 438
310 297 428
208 297 301
430 297 255
214 208 765
374 208 329
355 208 220
355 430 1106
336 430 1028
374 430 981
214 430 790
336 229 1007
355 229 693
374 229 440
214 229 352
336 310 1007
214 310 515
355 310 204
101 336 1189
69 336 1156
69 355 1190
101 355 1018
101 374 992
69 374 840
101 214 777
