115
800 483 852
82 483 1059
209 483 1057
306 483 375
800 528 962
82 528 827
209 528 1057
306 528 599
800 531 643
82 531 1131
209 531 1057
306 531 739
800 547 1008
82 547 827
209 547 673
306 547 599
800 566 962
82 566 827
209 566 754
306 566 779
800 678 455
82 678 1131
209 678 787
306 678 455
800 734 894
82 734 801
209 734 678
306 734 668
800 761 643
82 761 1131
209 761 1057
306 761 739
800 851 887
82 851 394
209 851 546
306 851 704
800 887 922
82 887 439
209 887 199
306 887 439
82 167 1124
209 167 1077
711 800 625
711 82 1227
823 82 1004
761 82 1276
729 82 493
729 209 1155
711 209 1286
761 209 19
761 306 1246
823 306 1217
711 306 1206
729 306 455
98 823 322
98 761 1220
69 761 1138
150 761 1
69 711 72
478 711 1265
76 711 1266
98 711 520
150 711 647
478 729 1277
150 729 704
76 729 9
98 729 5
43 478 254
403 478 234
412 478 427
403 98 135
154 98 2
43 76 206
154 76 191
43 69 1294
403 150 777
263 150 632
154 150 416
412 150 240
436 412 1045
398 412 1045
408 412 1005
416 412 395
412 412 395
408 43 31
416 403 1277
412 403 1256
398 403 1004
408 403 441
436 403 304
68 263 1096
436 263 570
408 263 570
398 263 570
68 154 821
436 154 548
408 154 548
398 154 548
324 68 302
264 68 2
208 408 984
324 408 583
208 436 872
324 436 617
208 398 594
324 398 583
324 416 617
208 416 498
324 412 338
208 412 214
342 208 982
342 329 1189
342 324 711
76 271 1139
152 342 1158
