232
718 204 331
200 204 657
183 204 85
239 204 38
501 204 737
806 204 570
718 429 145
200 429 899
183 429 549
239 429 899
501 429 481
806 429 757
155 429 128
718 437 625
200 437 1107
183 437 151
239 437 960
501 437 424
806 437 612
718 439 133
200 439 383
183 439 522
239 439 523
501 439 424
806 439 671
155 439 367
718 603 340
200 603 819
183 603 321
239 603 819
501 603 481
806 603 399
155 603 138
718 663 625
200 663 897
183 663 697
239 663 584
501 663 424
806 663 574
155 663 728
718 673 209
200 673 856
183 673 697
239 673 302
501 673 424
806 673 487
155 673 856
718 687 456
200 687 1000
183 687 697
239 687 644
501 687 542
155 687 899
718 883 279
200 883 298
183 883 377
239 883 425
501 883 243
806 883 816
155 883 187
200 370 977
239 370 153
501 370 96
155 370 227
200 541 1079
183 541 522
239 541 960
501 541 424
806 541 365
155 541 469
200 933 841
183 933 26
806 933 384
183 35 44
239 35 886
806 35 597
155 35 68
16 718 1223
11 718 225
726 718 111
747 718 395
805 200 306
16 200 800
71 200 165
747 200 223
701 200 2
726 183 669
11 183 1074
747 183 547
16 183 3
726 239 1259
11 239 8
701 501 811
805 501 676
747 501 598
11 501 455
71 501 443
726 501 416
16 501 344
805 806 108
16 806 159
11 806 241
726 155 1209
701 155 283
747 155 25
71 155 5
85 747 766
461 747 753
525 747 767
12 747 115
292 71 946
525 71 1275
315 701 780
85 701 765
34 701 765
12 701 353
525 701 339
292 701 217
461 701 170
292 805 1121
315 805 700
12 805 16
34 16 581
12 16 1135
315 16 328
34 726 126
315 726 5
85 11 1163
292 11 1134
315 11 364
525 11 78
34 11 11
461 11 4
360 12 35
243 12 119
30 12 20
39 525 1206
360 525 4
146 525 75
146 292 760
360 292 752
30 292 607
243 292 472
39 292 311
375 292 281
414 315 597
30 315 483
375 315 281
243 315 211
146 315 211
375 34 337
146 34 3
39 461 1083
146 461 914
415 461 697
243 461 591
243 85 648
30 85 730
146 85 174
360 85 3
407 375 1288
416 375 649
436 375 649
17 375 481
348 375 323
348 30 531
407 30 1
408 30 1
224 146 1139
407 146 969
306 146 413
348 146 323
224 243 1169
407 243 969
306 243 419
17 39 1297
348 360 584
436 360 276
224 360 239
407 415 990
408 415 878
416 415 720
436 415 714
224 415 606
306 415 372
436 414 1080
416 414 654
407 414 596
306 414 510
408 414 352
224 414 215
208 407 1296
437 407 377
436 407 377
208 224 1157
168 224 655
436 224 432
437 224 432
208 408 955
168 17 1298
436 17 605
437 17 331
437 348 471
208 348 414
436 348 412
208 436 735
208 416 352
437 416 249
342 208 1070
340 208 426
330 208 426
330 436 1187
349 436 655
340 436 513
343 436 363
342 436 294
330 437 1147
342 437 1125
340 437 1125
343 437 671
349 437 655
330 168 599
342 168 572
340 168 1167
69 330 1124
134 330 805
134 342 1300
69 342 974
69 343 1052
69 349 974
134 349 805
134 340 1017
