209
72 426 514
769 426 270
701 426 257
726 426 1159
377 426 489
72 458 514
769 458 436
191 458 379
701 458 436
726 458 1249
377 458 576
72 474 514
769 474 303
191 474 506
701 474 137
726 474 1232
377 474 710
72 475 273
769 475 474
191 475 273
701 475 389
726 475 877
377 475 710
72 507 514
769 507 262
701 507 148
726 507 1240
377 507 693
72 549 514
769 549 699
191 549 917
701 549 543
726 549 1245
377 549 258
72 557 514
769 557 753
701 557 543
726 557 1254
377 557 423
72 583 514
769 583 303
191 583 350
701 583 386
726 583 847
377 583 710
72 694 514
769 694 312
191 694 438
701 694 137
726 694 1217
377 694 693
72 778 604
769 778 712
191 778 709
701 778 211
726 778 925
377 778 218
72 880 604
769 880 502
191 880 502
701 880 670
726 880 949
377 880 293
72 1000 569
191 1000 55
769 890 447
191 890 311
701 890 670
726 890 958
377 890 351
774 72 1140
737 72 17
709 769 1225
820 769 101
801 769 157
801 191 704
774 191 52
820 191 25
709 191 191
709 701 711
737 701 603
815 701 508
774 701 498
820 701 291
709 726 995
815 726 545
774 726 52
801 726 53
815 377 885
820 377 795
801 377 795
709 377 733
737 377 688
774 377 239
218 820 467
153 820 13
153 709 276
217 774 1102
217 815 964
218 815 659
414 815 65
218 801 665
217 801 193
153 737 911
217 737 1116
218 737 606
414 737 57
375 304 1264
245 304 856
296 304 828
143 304 505
287 304 485
143 153 759
245 153 640
373 153 516
287 153 411
375 153 242
245 218 983
373 218 786
143 218 572
296 218 432
287 218 411
245 217 983
373 217 664
296 217 569
375 217 234
143 52 124
375 52 4
375 414 1232
373 414 659
245 414 443
287 414 410
402 375 1105
297 375 741
465 375 618
276 375 156
408 373 1148
175 373 1148
276 373 995
151 373 991
402 373 798
465 373 256
465 287 1213
297 287 1178
402 287 477
276 287 172
175 287 159
151 296 1045
297 296 907
465 296 496
151 143 1138
297 143 790
402 143 477
408 143 451
276 143 422
175 143 388
465 143 237
465 245 1226
297 245 1178
276 245 553
402 245 477
408 245 370
175 245 244
255 175 1046
233 175 998
310 175 870
298 175 540
374 175 482
339 175 169
255 276 1089
233 276 998
339 276 793
310 276 442
298 276 309
374 402 1058
298 402 712
339 402 466
255 402 384
233 402 255
310 402 214
374 408 861
298 408 647
339 408 466
310 408 419
233 408 316
255 408 316
233 151 418
255 151 484
310 151 102
339 297 793
233 297 377
255 297 259
374 297 244
298 297 217
339 465 7
403 255 230
336 310 662
154 310 382
355 298 273
154 339 1076
415 339 479
169 382 1163
152 154 1300
169 154 958
134 336 1243
169 336 686
169 355 756
169 415 1273
134 403 796
