143
107 128 490
123 128 1193
107 305 283
769 305 1157
107 493 829
677 493 722
123 493 829
769 493 829
107 613 995
677 613 356
123 613 959
769 613 1289
107 617 995
677 617 405
123 617 959
769 617 1289
107 649 292
677 649 381
123 649 702
769 649 1038
107 684 995
677 684 405
123 684 959
769 684 1289
107 780 1001
677 780 1079
123 780 667
769 780 1001
107 821 839
677 821 912
123 821 555
769 821 1252
107 833 1136
677 833 912
123 833 406
769 833 1221
107 845 985
677 845 1079
123 845 716
769 845 1252
107 876 592
677 876 1079
123 876 491
769 876 1210
123 967 5
769 967 1237
336 107 1244
627 107 53
709 107 23
627 677 1128
653 677 1044
709 677 757
771 677 742
336 123 527
771 123 4
653 123 4
709 769 1110
771 769 160
627 769 3
122 709 1271
507 771 1197
122 627 1191
462 627 1108
507 627 478
462 653 1288
122 653 1119
407 653 792
507 653 656
281 653 375
462 336 1215
122 336 1189
281 336 1026
507 336 300
407 336 195
375 122 955
245 122 798
150 122 637
287 122 593
239 122 255
287 507 25
239 507 1
375 462 1036
245 462 675
150 462 569
287 462 448
239 462 239
375 281 955
245 281 798
150 281 637
239 281 626
287 281 274
245 407 721
239 407 646
150 407 569
375 407 430
287 407 234
369 150 1240
465 150 1198
297 150 901
402 150 311
402 375 1261
369 375 882
465 375 882
297 375 757
465 287 1160
297 287 1158
402 287 981
369 287 791
297 245 1242
369 245 1240
465 245 1191
402 245 883
369 239 1220
465 239 1106
297 239 352
140 402 1300
273 402 1300
208 402 1299
374 402 999
339 402 600
273 369 904
208 369 904
339 369 820
374 369 255
273 465 147
339 465 1
339 297 913
374 297 391
208 297 338
154 208 826
140 208 557
161 374 1068
152 374 701
154 273 826
154 339 925
161 339 881
152 339 762
140 339 439
179 140 1246
199 140 697
162 152 971
162 161 852
162 154 562
