187
239 35 1107
806 35 1133
131 35 903
136 35 473
239 121 22
131 121 735
239 163 1000
806 163 1223
239 183 595
806 183 1211
136 183 14
239 407 364
806 407 1145
131 407 618
754 407 618
136 407 619
239 437 1161
806 437 1040
131 437 232
754 437 1120
136 437 357
239 476 995
806 476 138
131 476 472
754 476 995
136 476 619
239 549 787
806 549 1230
131 549 543
754 549 706
136 549 787
239 608 1126
806 608 1176
131 608 366
754 608 1120
136 608 619
239 725 914
806 725 542
131 725 177
754 725 542
136 725 863
239 753 1154
806 753 164
131 753 543
754 753 1120
136 753 748
806 919 1156
136 919 1087
806 925 403
136 925 744
726 239 1292
700 239 271
788 806 674
711 806 479
700 806 29
726 131 1227
604 131 274
669 131 6
700 754 225
669 754 36
726 754 55
711 754 72
788 754 7
726 136 1255
604 136 705
711 136 25
700 136 9
463 669 789
416 669 772
34 669 492
69 669 185
69 761 975
82 711 1145
416 711 79
69 711 111
34 711 10
9 604 1091
416 604 772
463 604 368
82 604 317
416 788 431
9 788 344
416 726 708
37 726 1273
9 726 37
82 726 603
34 726 56
463 700 1283
416 700 676
34 700 312
487 9 447
487 416 1180
375 416 1099
39 416 673
487 37 311
121 37 1
487 69 864
121 69 1010
474 69 43
487 34 547
375 34 457
121 82 1286
474 82 623
487 82 1
375 463 1299
414 463 1295
77 463 1061
415 463 329
348 487 21
407 77 55
407 375 1295
416 375 717
436 375 645
398 375 452
17 375 441
17 39 1299
377 474 151
407 474 20
407 415 955
408 415 840
436 415 820
398 415 820
416 415 666
407 121 1
398 414 1080
436 414 1061
416 414 601
407 414 521
408 414 317
208 407 1299
298 407 868
362 407 861
436 407 327
437 407 327
362 408 1085
208 408 1068
298 408 902
168 17 1298
436 17 576
437 17 295
298 17 4
437 348 508
208 348 502
298 348 455
436 348 439
362 348 393
362 398 1085
208 398 577
362 416 1085
208 416 302
298 416 251
298 436 902
208 436 852
168 377 1283
362 377 393
437 377 391
298 377 361
436 377 261
388 208 1071
340 208 355
330 208 355
388 436 1224
330 436 1169
349 436 512
340 436 509
343 436 266
388 437 1139
330 437 1124
340 437 1061
343 437 556
349 437 512
343 298 321
340 298 238
330 298 238
340 362 398
330 362 398
330 168 573
388 168 1205
340 168 1184
69 343 1102
69 330 1112
134 330 907
134 340 1012
134 388 1210
69 388 771
69 349 997
134 349 907
