272
665 154 310
57 154 242
754 154 270
779 154 3
665 205 2
754 205 204
779 205 439
665 439 407
443 439 209
57 439 1065
754 439 782
820 439 212
613 439 681
779 439 238
19 439 738
665 462 345
443 462 345
57 462 301
754 462 1051
820 462 847
613 462 588
779 462 209
19 462 225
665 463 407
443 463 489
57 463 329
754 463 879
820 463 939
613 463 212
779 463 757
19 463 623
665 476 407
443 476 209
57 476 301
754 476 841
820 476 939
613 476 588
779 476 757
19 476 473
665 512 523
443 512 170
57 512 923
754 512 704
820 512 528
613 512 681
779 512 335
19 512 625
665 541 523
57 541 480
754 541 1041
820 541 528
613 541 379
779 541 325
19 541 386
665 545 138
57 545 911
754 545 1086
820 545 1086
613 545 588
779 545 757
665 608 353
443 608 406
57 608 306
754 608 970
820 608 693
613 608 588
779 608 613
19 608 186
665 777 339
57 777 351
754 777 778
613 777 163
19 777 177
665 810 555
443 810 196
57 810 615
754 810 778
820 810 196
613 810 142
779 810 327
19 810 260
665 824 338
443 824 247
57 824 351
754 824 778
613 824 163
19 824 156
665 862 555
443 862 285
57 862 132
754 862 697
820 862 285
613 862 163
19 862 392
665 865 339
57 865 397
754 865 690
613 865 145
779 865 327
19 865 392
57 972 2
754 972 858
820 972 1
19 972 358
820 204 753
779 204 850
700 665 1168
581 665 795
742 665 541
752 665 388
789 665 319
726 665 156
789 443 980
742 443 601
605 443 538
700 443 387
752 443 354
726 443 335
581 443 215
726 57 970
581 754 229
742 754 1078
700 754 212
789 754 190
605 754 25
726 754 4
752 820 955
581 820 160
726 820 680
742 613 1233
581 613 714
789 613 319
700 613 236
605 613 164
752 613 114
789 779 467
752 779 586
742 779 92
789 19 831
726 19 325
605 19 244
322 742 961
364 742 320
416 742 11
35 581 946
463 581 752
322 581 524
364 581 168
527 752 1294
364 752 21
19 789 1
416 605 1080
35 605 940
90 605 737
322 605 335
463 605 233
364 605 159
463 700 1266
416 700 589
90 700 566
322 700 524
35 700 334
19 700 279
364 700 168
416 726 718
37 726 1140
375 416 1093
39 416 1035
487 416 974
29 416 780
414 416 127
487 90 90
77 90 2
487 37 59
375 19 3
375 527 145
414 527 392
29 527 27
77 527 274
39 364 1220
487 364 571
29 364 571
375 364 432
77 364 326
375 35 2
77 35 2
39 322 1199
77 322 1122
487 322 710
29 322 278
375 322 241
375 463 1298
414 463 1290
77 463 1085
415 463 327
29 463 247
39 463 209
407 487 1
17 487 1
407 77 45
407 375 1289
17 375 737
436 375 690
398 375 524
226 375 307
17 39 1299
226 39 535
226 29 941
407 415 976
408 415 856
436 415 691
398 415 691
226 415 392
436 414 1154
398 414 1088
193 414 715
407 414 713
226 414 392
408 414 383
208 407 1294
417 407 417
436 407 417
437 407 417
415 407 320
417 226 1290
415 226 287
208 226 271
208 408 908
415 408 509
437 17 457
436 17 768
415 17 913
436 193 1244
437 193 1212
415 193 769
417 193 617
208 193 152
208 436 819
415 436 246
417 436 193
417 398 577
208 398 544
415 398 490
437 398 209
436 398 209
388 208 1128
340 208 476
330 208 476
388 437 1156
330 437 1156
340 437 1090
343 437 669
388 436 1217
330 436 1215
379 436 1077
340 436 738
343 436 393
330 417 1215
379 417 1077
340 417 738
343 417 254
340 415 1268
388 415 1262
330 415 1173
343 415 669
69 330 1103
134 330 891
69 343 1098
134 340 1098
134 388 1226
69 388 921
134 379 1226
