90
774 446 826
751 446 484
795 446 1162
774 506 745
751 506 549
795 506 447
774 557 873
751 557 549
795 557 873
774 669 1239
751 669 549
795 669 353
774 789 790
751 789 1060
795 789 1187
774 856 886
751 856 1060
795 856 1165
774 867 726
751 867 788
795 867 703
751 906 1064
795 906 52
795 81 1284
18 774 598
779 774 1270
18 751 364
779 795 354
758 795 302
821 795 47
466 821 817
229 821 2
229 758 33
466 758 53
63 18 1299
499 18 891
229 18 196
504 18 174
466 779 707
499 779 1065
76 63 1293
328 63 598
76 229 952
409 229 465
328 229 440
391 229 401
409 499 620
76 499 1214
391 499 564
409 466 784
391 466 748
409 504 318
76 504 609
391 504 288
328 504 687
5 328 856
416 409 1099
408 409 1081
436 409 620
5 409 336
398 409 174
416 391 813
436 391 620
408 391 591
398 391 174
5 76 1298
436 414 1183
398 414 1168
416 414 816
408 414 417
5 414 336
265 408 898
140 408 808
324 408 665
267 408 358
265 398 898
324 398 592
140 398 501
267 398 210
140 436 801
324 436 592
267 436 358
265 416 898
324 416 592
140 416 501
267 5 72
238 140 1077
200 271 1252
76 271 1186
200 238 1121
