145
751 503 302
774 503 728
720 503 728
795 503 890
751 610 763
774 610 825
720 610 763
795 610 787
751 778 515
774 778 680
720 778 945
795 778 974
751 803 337
774 803 1174
720 803 1128
795 803 353
751 837 887
774 837 758
720 837 1128
795 837 924
751 843 781
774 843 1172
720 843 1128
795 843 379
751 845 885
774 845 1242
795 845 974
751 870 312
774 870 946
720 870 945
795 870 478
751 878 312
774 878 1061
720 878 459
795 878 974
751 885 818
774 885 1105
720 885 599
795 885 974
720 81 677
795 81 1239
774 751 877
737 774 823
779 774 1222
750 774 17
797 774 129
774 774 77
823 774 103
779 720 1137
797 720 1
774 720 18
797 795 566
779 795 402
737 795 56
499 823 5
499 750 829
475 750 2
372 774 1089
217 774 885
258 774 35
475 774 4
258 797 11
431 797 134
372 797 95
499 797 30
499 779 794
258 779 946
372 779 208
475 779 5
217 737 922
475 737 615
499 737 9
413 258 1035
409 258 672
391 258 596
414 258 259
409 475 320
391 475 301
413 475 312
409 499 745
391 499 591
413 217 763
391 217 596
409 217 540
413 431 921
409 431 880
414 431 249
391 431 221
409 372 583
391 372 520
413 372 421
414 463 1293
409 463 741
391 463 563
413 463 443
439 409 1259
416 409 1182
408 409 1103
436 409 645
398 409 225
436 413 1206
398 413 1193
416 413 1097
408 413 1055
439 413 431
439 391 1259
416 391 817
436 391 645
408 391 633
398 391 225
436 414 1206
398 414 1193
439 414 1051
416 414 840
408 414 430
374 408 988
255 408 728
267 408 372
374 398 1214
255 398 1100
267 398 205
374 416 1147
255 416 217
255 436 1019
374 436 1019
267 436 372
374 439 1214
255 439 1100
267 439 372
348 255 771
152 255 330
368 374 881
152 374 623
379 374 320
348 264 1188
379 264 498
368 264 374
348 267 935
368 267 662
379 267 498
76 152 1247
134 368 1298
152 368 736
134 379 1211
152 348 1285
