184
388 205 36
806 205 1177
754 205 496
388 291 247
754 291 1268
175 291 493
155 291 6
388 437 847
806 437 909
754 437 1280
175 437 697
388 446 575
806 446 912
754 446 1052
175 446 250
388 476 847
806 476 130
754 476 1194
175 476 392
155 476 392
388 501 847
806 501 597
754 501 1140
175 501 276
155 501 724
388 753 847
806 753 287
754 753 1280
175 753 276
155 753 287
388 770 932
806 770 405
754 770 955
175 770 573
155 770 658
388 772 932
806 772 395
754 772 969
175 772 573
155 772 399
388 806 932
806 806 566
754 806 955
175 806 814
388 846 932
754 846 955
175 846 573
155 846 577
806 35 800
155 35 117
754 100 1219
155 100 484
754 271 1279
175 271 571
155 271 279
155 370 343
375 388 1135
742 388 847
726 388 771
822 388 650
761 388 327
700 388 283
822 806 744
700 806 92
742 754 917
375 754 1216
700 754 219
726 754 1
375 175 1187
822 175 1290
700 175 13
761 175 83
726 155 1272
700 155 636
375 155 150
457 761 1
416 761 5
457 742 1082
82 742 142
281 742 88
416 742 97
416 822 1260
281 822 224
457 822 183
353 822 1
416 375 953
353 375 671
37 375 410
457 375 366
281 375 365
463 700 1261
416 700 1062
457 700 385
353 700 191
416 726 1103
82 726 622
37 726 1283
457 726 137
375 416 1119
39 416 795
29 416 672
375 457 1292
77 457 686
29 457 672
29 353 800
375 353 433
375 281 1085
77 281 357
415 281 260
375 463 1299
77 463 1057
415 463 275
29 463 275
407 375 1294
447 375 1033
402 375 842
416 375 675
436 375 630
17 375 472
226 375 309
402 77 273
407 77 53
17 39 1295
226 39 504
226 29 900
407 415 1093
402 415 809
416 415 771
436 415 731
226 415 287
447 415 170
208 226 432
208 447 1298
424 447 452
415 447 395
437 447 273
436 447 157
208 407 1298
437 407 511
436 407 511
424 407 472
415 407 180
415 17 836
436 17 634
437 17 382
208 402 1298
424 402 148
208 436 1011
424 436 201
424 416 492
437 416 273
208 416 222
342 208 1000
388 208 1000
340 208 345
330 208 345
330 436 1192
388 436 1182
379 436 1047
340 436 565
342 436 200
330 437 1094
388 437 1094
342 437 963
340 437 963
342 415 1251
388 415 1242
340 415 1225
330 415 1156
379 415 317
379 424 1078
342 424 715
388 424 715
340 424 284
330 424 284
69 330 1080
134 330 861
134 342 1299
152 342 1098
69 342 964
134 379 1230
134 388 1226
69 388 877
134 340 1096
