297
827 406 474
709 406 380
215 406 639
149 406 474
754 406 639
188 406 512
827 425 594
438 425 306
709 425 698
215 425 282
149 425 523
754 425 523
613 425 153
188 425 394
827 467 289
709 467 698
215 467 282
149 467 429
754 467 455
188 467 455
827 476 421
438 476 326
709 476 698
215 476 552
149 476 398
754 476 552
188 476 362
827 483 322
438 483 306
709 483 698
215 483 319
149 483 326
754 483 329
613 483 170
188 483 362
827 531 214
438 531 188
709 531 698
215 531 282
149 531 371
754 531 351
613 531 424
188 531 362
827 539 352
438 539 179
709 539 698
215 539 237
149 539 448
754 539 349
188 539 362
827 660 265
438 660 217
709 660 698
215 660 236
149 660 371
754 660 329
613 660 330
188 660 362
827 669 190
438 669 326
709 669 698
215 669 237
149 669 326
754 669 551
613 669 184
188 669 412
827 747 537
709 747 154
215 747 282
149 747 813
754 747 459
613 747 424
188 747 194
827 755 250
438 755 175
709 755 698
215 755 421
149 755 326
754 755 329
613 755 174
188 755 394
827 772 476
709 772 431
215 772 403
149 772 1105
754 772 363
613 772 635
188 772 326
827 832 476
438 832 201
709 832 190
215 832 349
149 832 349
613 832 172
188 832 589
827 870 160
438 870 322
709 870 472
215 870 346
149 870 613
754 870 614
613 870 552
188 870 589
827 886 918
438 886 304
709 886 623
215 886 346
149 886 481
754 886 239
613 886 376
188 886 589
438 35 266
188 35 583
438 770 229
215 770 616
149 770 1128
754 770 236
613 770 552
188 770 329
438 869 229
215 869 616
149 869 986
754 869 552
613 869 333
188 869 879
709 300 61
149 300 562
754 300 836
613 300 270
188 300 10
742 827 942
788 827 98
605 827 7
742 438 1171
605 438 522
700 438 478
739 438 367
606 438 362
788 438 263
79 438 231
742 709 1198
788 709 608
79 709 2
79 215 599
606 215 221
742 215 1219
700 215 130
788 215 441
605 215 52
739 215 12
79 149 770
742 149 1280
700 149 390
739 754 845
742 754 1241
700 754 395
605 754 16
788 754 9
742 613 1277
739 613 1149
79 613 1017
700 613 418
788 613 372
605 613 122
606 613 100
742 188 1286
700 188 91
512 742 743
364 742 469
140 742 1214
322 742 1136
416 742 8
322 606 1101
416 606 723
140 606 642
364 606 580
512 606 464
463 606 269
364 79 1151
322 79 1221
512 739 525
140 739 927
364 788 147
416 788 559
512 788 221
416 605 933
35 605 777
322 605 695
512 605 464
364 605 276
140 605 206
463 605 167
463 700 1287
322 700 828
416 700 668
140 700 642
512 700 370
35 700 366
364 700 230
39 416 1056
375 416 1002
394 416 961
29 416 779
487 416 714
29 140 733
394 140 708
375 140 466
487 140 349
77 140 341
375 512 416
39 512 672
487 512 65
29 512 84
394 512 1
39 364 1236
394 364 1223
487 364 544
29 364 544
375 364 458
375 35 4
39 322 1268
77 322 1059
394 322 759
487 322 503
375 322 408
375 463 1297
77 463 1088
39 463 401
29 463 375
415 463 375
17 487 5
407 375 1292
442 375 1284
17 375 745
320 375 262
407 77 60
442 77 22
226 39 398
17 39 1299
226 29 809
442 394 915
407 394 546
320 394 345
193 394 298
407 415 1101
365 415 422
226 415 317
320 415 224
208 226 469
208 407 1293
437 407 421
436 407 421
415 407 380
208 442 1283
415 442 1053
437 442 229
436 365 858
437 365 858
415 365 851
208 365 705
415 17 934
436 17 775
437 17 429
436 320 1012
437 320 1012
415 320 851
208 320 270
436 193 1217
437 193 1194
415 193 841
208 193 262
388 208 1077
342 208 1077
330 208 411
340 208 411
388 437 1191
330 437 1144
342 437 1057
340 437 1057
330 436 1200
388 436 1174
379 436 1087
340 436 842
342 436 352
340 415 1275
388 415 1273
342 415 1240
330 415 1144
134 342 1299
152 342 1073
69 342 906
69 330 1075
134 330 797
134 379 1209
134 388 1209
69 388 853
134 340 1044
