225
677 422 587
183 422 223
258 422 337
815 422 427
313 422 187
294 422 472
330 422 284
677 459 587
183 459 801
258 459 284
815 459 1191
313 459 138
294 459 425
330 459 120
677 541 587
183 541 294
258 541 289
815 541 759
313 541 263
294 541 187
330 541 289
677 603 215
183 603 414
258 603 337
815 603 1172
313 603 187
294 603 523
330 603 501
677 776 582
183 776 395
258 776 111
815 776 453
313 776 387
294 776 594
330 776 603
677 781 582
183 781 395
258 781 726
815 781 623
313 781 605
294 781 594
330 781 603
677 784 582
183 784 395
258 784 134
313 784 573
294 784 726
330 784 603
677 821 582
183 821 568
815 821 247
313 821 605
294 821 702
330 821 603
677 834 582
183 834 503
258 834 162
815 834 247
313 834 605
294 834 594
330 834 603
677 845 582
183 845 244
258 845 726
313 845 128
294 845 672
330 845 603
677 849 582
183 849 792
258 849 193
815 849 209
313 849 387
294 849 635
330 849 603
677 859 582
183 859 510
258 859 485
815 859 261
313 859 573
294 859 681
330 859 603
677 887 582
258 887 663
815 887 705
313 887 387
294 887 715
330 887 603
677 895 384
183 895 306
258 895 485
815 895 147
313 895 537
294 895 384
330 895 384
183 539 372
258 539 259
815 539 1082
313 539 149
294 539 167
330 539 189
183 604 388
258 604 259
815 604 1024
313 604 149
294 604 386
330 604 421
183 774 774
815 774 607
313 774 387
330 774 579
258 100 89
313 100 595
330 100 848
823 677 901
678 677 428
589 677 396
701 677 163
560 677 163
255 183 1184
823 183 124
255 258 966
823 258 853
589 258 759
701 258 758
678 258 539
560 258 259
823 815 1012
255 815 989
701 815 9
255 313 1113
560 313 924
701 313 758
589 313 703
678 313 530
823 313 493
255 294 1124
701 294 758
823 294 726
678 294 369
560 294 259
589 294 184
255 330 835
823 330 738
589 330 703
701 330 570
560 330 259
678 330 219
416 701 943
281 701 550
463 701 289
4 701 289
4 678 573
416 678 478
463 678 186
281 678 186
416 589 715
4 589 573
463 589 403
281 589 315
281 560 1156
463 560 278
4 560 222
281 255 1149
4 255 27
375 416 702
375 281 1027
107 281 321
375 463 1300
414 463 1294
390 463 968
415 463 343
408 107 2
402 375 1140
436 375 582
416 375 582
398 375 514
402 390 1260
416 390 1259
408 390 419
398 390 282
416 415 851
408 415 817
436 415 759
402 415 759
398 415 759
402 414 1195
436 414 1128
398 414 1097
416 414 824
408 414 419
140 402 1300
208 402 1299
206 402 1234
196 402 684
381 402 282
208 408 1155
140 408 1102
206 408 1019
381 408 448
206 436 1155
208 436 1033
140 436 1033
381 436 282
206 398 1285
140 398 852
208 398 758
381 398 257
206 416 1285
140 416 852
208 416 461
381 416 282
238 140 1106
168 140 161
168 208 1202
214 208 1130
342 208 771
214 196 481
214 381 688
342 206 1018
152 342 1171
152 168 1300
152 214 1300
76 214 748
76 152 1272
152 238 1300
