148
20 155 668
795 155 1104
29 155 122
20 476 464
82 476 618
795 476 547
306 476 533
29 476 981
20 483 464
82 483 916
795 483 865
306 483 213
29 483 981
20 500 442
82 500 972
795 500 547
306 500 533
29 500 135
20 531 464
82 531 811
795 531 811
306 531 584
29 531 981
20 761 464
82 761 1028
795 761 1028
306 761 656
29 761 981
20 811 881
306 811 1072
29 811 1129
20 820 1035
82 820 766
795 820 456
306 820 421
29 820 866
20 821 1048
82 821 324
306 821 1145
29 821 1071
20 902 234
82 902 981
795 902 1119
190 20 1150
360 20 81
711 20 145
761 20 1
711 82 1218
761 82 1296
190 82 87
758 795 294
761 795 1293
360 795 261
761 306 1294
758 306 1137
711 306 1055
190 306 540
360 306 123
190 29 572
711 29 921
761 29 771
69 360 1177
109 360 1065
520 360 594
315 360 449
297 360 430
69 761 1144
315 761 1134
297 761 291
520 761 2
109 190 1190
520 190 1223
315 190 402
297 190 3
315 711 460
520 711 232
297 711 360
69 711 77
315 758 549
105 109 1056
43 109 1292
263 109 107
43 315 1234
107 315 608
263 315 523
105 315 292
375 315 283
43 69 1299
105 69 9
263 297 741
43 297 607
375 297 481
105 297 423
43 520 1085
107 520 193
105 520 545
263 520 81
385 107 1
408 43 3
402 375 866
416 375 732
436 375 673
398 375 494
408 263 627
398 263 627
436 263 627
348 263 558
402 263 307
348 105 60
408 415 853
385 415 704
402 415 695
416 415 667
436 415 655
398 415 655
206 408 1071
208 408 917
324 408 636
208 385 1004
206 385 783
324 385 696
417 385 253
417 348 1068
324 348 446
208 348 354
437 348 273
206 348 230
208 402 1297
206 402 1258
324 402 323
206 398 1280
208 398 613
324 398 521
417 398 405
206 436 1146
208 436 912
324 436 696
417 436 200
206 416 1280
324 416 696
208 416 412
417 416 405
342 208 1031
342 417 600
342 437 1056
342 324 772
342 206 1197
152 342 1173
