186
24 205 2
717 205 654
29 205 629
24 400 271
332 400 927
272 400 337
209 400 386
717 400 345
29 400 614
24 476 400
332 476 763
272 476 337
209 476 818
717 476 763
29 476 1052
24 483 578
332 483 924
272 483 213
209 483 818
717 483 298
29 483 864
24 531 400
332 531 623
272 531 262
209 531 818
717 531 262
29 531 940
24 760 400
332 760 361
272 760 381
209 760 818
29 760 1052
24 761 400
332 761 623
209 761 818
717 761 269
29 761 1052
24 852 134
332 852 633
272 852 708
209 852 301
717 852 717
29 852 192
24 881 554
332 881 850
272 881 180
209 881 386
717 881 717
29 881 640
332 228 540
717 228 716
29 228 1248
332 914 568
209 914 778
717 914 190
29 914 15
758 24 1269
726 24 769
711 24 15
636 24 3
711 332 750
758 332 586
501 332 328
636 332 181
726 332 173
758 272 907
711 272 839
726 272 613
501 272 416
636 272 364
711 209 1245
636 209 3
758 717 993
636 717 301
726 717 15
501 717 1
711 29 537
501 29 1078
758 29 15
726 29 2
82 501 1184
150 501 693
485 501 595
202 501 463
297 501 382
228 501 284
82 711 1141
150 711 596
297 711 269
228 711 18
297 636 1105
485 636 541
82 636 539
228 636 349
463 636 262
202 636 169
150 758 883
97 758 875
485 758 383
82 758 58
82 726 965
202 726 101
485 726 5
121 228 1041
184 228 681
104 228 458
154 228 396
184 202 907
154 202 849
121 202 825
104 202 638
375 202 559
104 97 1267
121 150 647
154 150 411
104 150 302
184 150 302
121 297 795
184 297 442
375 297 442
154 297 366
104 297 302
104 82 16
121 82 1178
375 463 1298
390 463 986
104 463 410
184 463 399
121 463 194
68 184 762
408 184 717
398 184 509
416 184 440
436 184 330
416 375 740
436 375 653
398 375 548
68 375 324
356 121 37
408 121 5
68 154 762
398 154 631
356 154 631
408 154 631
436 154 631
416 390 1221
398 390 424
356 390 424
408 390 407
295 390 215
408 104 32
402 68 212
324 68 509
208 408 901
402 408 864
324 408 776
324 398 535
208 398 506
402 398 506
436 398 291
324 436 828
208 436 821
402 436 315
324 356 907
402 356 783
436 356 516
324 416 828
208 416 378
402 416 378
208 295 867
436 295 352
324 295 208
342 402 709
330 402 440
349 402 401
342 208 1131
330 208 428
330 436 1206
349 436 716
342 436 309
342 324 935
349 324 458
330 324 395
134 342 1300
134 330 982
134 349 982
