410
601 149 173
786 149 602
232 149 182
665 149 193
810 149 750
22 149 125
710 149 4
601 425 185
786 425 209
232 425 458
665 425 534
250 425 496
810 425 759
22 425 284
710 425 206
136 425 390
790 425 1162
104 425 357
601 467 214
786 467 395
232 467 344
665 467 264
250 467 500
810 467 759
22 467 344
710 467 264
136 467 390
790 467 1192
104 467 357
601 483 194
786 483 590
232 483 305
665 483 332
250 483 185
810 483 759
22 483 219
136 483 297
790 483 1050
104 483 357
601 487 207
786 487 503
232 487 497
665 487 314
250 487 503
810 487 372
22 487 406
710 487 503
136 487 541
790 487 498
104 487 130
601 527 207
786 527 713
232 527 190
665 527 233
250 527 700
810 527 759
22 527 195
710 527 566
136 527 297
790 527 1192
104 527 421
601 553 193
786 553 365
232 553 153
665 553 333
250 553 201
810 553 629
22 553 204
710 553 368
136 553 415
790 553 629
104 553 554
601 628 209
786 628 652
232 628 315
665 628 215
250 628 652
810 628 839
22 628 251
710 628 566
136 628 351
790 628 938
104 628 407
601 685 207
786 685 606
232 685 347
665 685 314
250 685 606
810 685 269
22 685 550
710 685 566
136 685 296
790 685 332
104 685 332
601 686 207
786 686 310
232 686 258
665 686 191
250 686 236
810 686 759
22 686 373
710 686 373
136 686 202
790 686 1192
104 686 470
601 698 207
786 698 567
232 698 258
665 698 348
250 698 658
810 698 487
22 698 251
710 698 567
136 698 390
790 698 242
601 747 213
786 747 514
232 747 313
665 747 314
250 747 342
810 747 759
22 747 251
710 747 514
136 747 342
790 747 1089
104 747 914
601 765 207
786 765 713
232 765 201
665 765 254
250 765 700
810 765 738
22 765 201
710 765 566
136 765 250
790 765 738
104 765 825
601 776 127
786 776 287
232 776 295
665 776 225
250 776 190
810 776 525
22 776 658
136 776 175
790 776 379
104 776 388
601 788 225
786 788 114
665 788 225
250 788 504
810 788 525
22 788 658
710 788 337
136 788 114
790 788 291
104 788 443
601 789 225
786 789 505
232 789 295
250 789 223
810 789 525
22 789 658
136 789 382
104 789 443
601 794 143
786 794 379
232 794 335
665 794 202
250 794 257
810 794 525
22 794 658
710 794 337
136 794 379
790 794 291
601 848 127
232 848 941
665 848 225
250 848 118
810 848 525
22 848 658
710 848 116
136 848 129
790 848 279
601 878 225
786 878 494
665 878 225
250 878 223
810 878 606
22 878 658
136 878 577
104 878 346
601 893 127
665 893 514
250 893 223
810 893 525
22 893 658
710 893 337
136 893 219
790 893 404
104 893 495
827 601 392
813 601 392
742 601 389
79 601 389
636 601 365
736 601 275
686 601 176
686 786 441
813 786 1006
677 786 638
211 786 673
636 786 71
742 786 291
827 232 514
677 232 787
742 232 355
211 232 132
686 665 801
827 665 511
636 665 238
742 665 199
677 665 192
813 250 1134
211 250 158
742 250 402
686 810 156
211 810 598
79 810 238
736 810 182
636 810 59
742 810 114
813 810 3
211 22 637
677 22 6
211 710 701
686 710 229
813 710 601
736 710 68
636 710 79
742 710 229
79 710 2
827 710 1
813 136 1124
636 136 160
813 790 1168
827 790 489
211 790 281
677 790 227
813 104 185
686 104 595
79 104 282
211 104 9
212 211 589
297 636 904
40 636 574
463 636 469
322 636 411
4 636 342
364 636 189
34 636 159
322 742 765
364 742 391
364 79 1040
322 79 774
297 79 7
212 827 997
463 686 1279
212 686 761
40 686 469
4 686 238
35 686 160
4 736 1258
35 736 716
297 736 5
40 736 3
40 813 1254
34 813 1075
212 813 394
297 677 904
322 677 554
35 677 317
40 677 204
463 677 196
4 677 189
364 677 189
39 4 1013
413 4 1
77 4 6
413 40 2
39 364 1066
412 364 828
375 364 295
77 364 258
413 364 254
77 35 3
39 322 1178
77 322 928
412 322 563
413 322 254
375 34 403
413 34 244
77 297 527
39 297 339
375 297 337
413 297 232
39 212 1039
375 212 664
77 212 541
413 212 528
375 463 1296
77 463 975
390 463 762
415 463 437
333 463 360
412 463 360
413 463 286
39 463 268
408 333 845
193 333 463
100 333 306
320 333 261
17 333 261
407 375 1274
416 375 647
436 375 575
17 375 565
407 77 58
100 77 6
408 413 1057
436 413 1054
416 413 855
377 413 252
320 413 209
407 413 208
17 39 1290
100 39 25
408 412 893
436 412 856
407 412 422
17 412 345
416 412 291
320 412 274
407 390 1239
416 390 1171
408 390 332
320 390 274
407 415 947
408 415 779
436 415 720
416 415 713
320 415 146
168 100 278
208 407 1292
298 407 756
267 407 387
436 407 254
437 407 254
208 408 949
298 408 863
267 408 387
168 17 1298
436 17 536
437 17 320
267 17 44
298 17 12
168 320 782
437 320 782
436 320 782
298 320 517
208 320 313
168 193 1146
436 193 1094
437 193 1073
267 193 640
208 193 260
298 436 883
208 436 758
267 436 387
208 416 415
298 416 311
437 416 295
168 377 1271
437 377 393
298 377 350
436 377 290
388 208 1014
340 208 379
388 436 1178
379 436 959
349 436 650
340 436 534
343 436 369
388 437 1129
340 437 1071
349 437 650
343 437 631
379 298 764
343 298 420
340 298 268
379 267 527
388 168 1131
340 168 1094
69 343 1055
69 349 915
134 349 870
134 379 1219
134 340 899
134 388 1144
69 388 675
