87
728 437 1190
114 437 1093
553 437 730
728 709 1254
114 709 1274
553 709 736
728 820 1289
114 820 1113
553 820 750
728 858 383
114 858 1113
553 858 996
728 890 1122
114 890 1095
553 890 732
353 728 1291
405 114 334
353 114 1172
627 114 976
353 553 1274
335 553 1112
405 553 992
627 553 851
122 627 1271
360 627 893
255 353 1274
225 353 1221
360 353 1193
122 353 753
122 335 1239
360 335 1155
225 335 1119
255 335 970
255 405 1227
360 405 999
225 405 999
122 405 684
318 225 1275
143 225 1194
238 225 720
245 225 595
143 255 1194
245 255 1179
318 255 1148
238 255 454
245 122 942
238 122 935
318 122 643
143 122 320
318 360 1275
143 360 1152
238 360 720
245 360 249
297 318 1030
369 318 852
402 318 760
465 238 1252
369 238 934
297 238 872
297 143 1046
402 143 787
369 143 398
465 143 219
297 245 1299
465 245 1261
369 245 990
402 245 787
140 402 1300
208 402 1299
374 402 1001
339 402 652
492 402 226
381 402 211
492 369 1203
208 369 1056
339 369 574
381 369 405
374 369 219
492 465 1263
339 297 979
492 297 339
208 297 313
374 297 189
154 208 961
154 339 1076
154 381 780
162 154 972
