188
663 267 27
665 267 397
800 267 269
663 483 412
665 483 529
349 483 184
209 483 837
828 483 489
800 483 262
663 528 382
665 528 529
349 528 209
209 528 837
828 528 527
800 528 845
663 542 751
665 542 758
349 542 240
209 542 837
828 542 987
800 542 171
663 553 751
665 553 758
349 553 391
209 553 837
828 553 396
800 553 357
663 616 751
665 616 758
349 616 209
209 616 425
828 616 647
800 616 327
663 633 749
665 633 749
349 633 609
209 633 401
828 633 489
800 633 439
663 661 751
665 661 758
349 661 326
209 661 837
828 661 396
800 661 850
663 708 751
665 708 758
349 708 284
209 708 822
828 708 396
800 708 232
663 710 583
665 710 622
349 710 331
209 710 695
828 710 403
800 710 664
663 760 320
665 760 365
349 760 159
209 760 837
828 760 430
800 760 385
663 761 751
665 761 758
349 761 452
209 761 837
828 761 489
800 761 337
663 842 731
665 842 563
349 842 284
209 842 227
828 842 805
800 842 182
663 849 731
665 849 328
349 849 212
209 849 606
800 849 296
349 155 601
828 155 971
823 663 954
752 663 894
758 663 746
716 663 679
172 663 463
823 665 1032
752 665 988
758 665 737
716 665 343
172 665 172
716 349 769
758 349 744
823 349 683
752 349 665
172 349 427
172 209 1223
716 209 954
752 828 358
172 828 1111
823 828 170
752 800 1046
716 800 218
758 800 13
172 800 68
73 716 630
150 716 187
186 823 9
150 758 814
97 758 756
186 758 153
73 758 96
82 758 22
463 752 1
478 172 1204
73 172 1128
150 172 4
412 478 400
105 478 669
403 478 187
30 73 111
403 73 3
107 97 814
30 97 83
412 97 22
403 97 18
107 186 1069
184 186 360
30 186 339
107 150 852
30 150 647
403 150 634
184 150 360
412 150 239
30 82 3
107 82 2
184 463 269
403 463 267
408 107 1
68 30 1074
408 30 5
416 403 1270
412 403 1243
398 403 851
402 403 384
436 403 384
408 403 359
68 403 151
68 184 1023
408 184 641
416 184 500
398 184 463
436 184 276
68 105 179
408 412 1033
402 412 984
436 412 984
398 412 984
416 412 377
412 412 282
324 68 322
402 68 107
267 68 1
208 402 1292
402 402 487
324 402 364
267 402 297
208 408 1038
402 408 638
324 408 621
267 408 297
208 436 972
324 436 663
267 436 297
402 436 275
208 398 589
324 398 533
402 398 478
324 412 364
267 412 297
324 416 663
208 416 437
402 416 437
342 402 494
342 208 1044
342 324 726
152 342 1123
