116
774 8 2
795 8 1282
775 8 1223
774 503 1080
795 503 853
775 503 1052
774 513 943
795 513 1120
775 513 1104
774 631 1166
795 631 966
775 631 926
774 765 967
795 765 769
775 765 1027
774 828 1081
795 828 658
775 828 623
774 853 1029
795 853 679
775 853 1133
774 856 1029
795 856 1049
775 856 724
774 870 1167
795 870 554
775 870 1155
737 774 1225
779 774 1124
704 774 2
779 795 304
758 795 573
737 795 458
704 775 698
758 775 718
779 775 278
466 737 1186
217 737 1038
466 758 277
504 704 121
466 704 1122
217 704 46
431 704 1
466 779 1181
504 779 7
409 466 1071
412 466 473
407 466 23
409 217 797
403 217 623
189 217 562
409 504 733
412 504 377
407 431 1205
409 431 1086
403 431 718
412 431 537
414 431 161
416 403 1218
412 403 1194
232 403 914
408 403 373
436 403 371
416 409 1218
412 409 1194
408 409 1057
232 409 914
436 409 519
232 189 1077
416 189 531
436 189 531
412 189 531
232 407 914
416 407 838
408 407 730
412 407 667
436 407 519
232 412 1208
408 412 1057
436 412 1007
416 412 634
412 412 451
436 414 1200
232 414 914
412 414 891
416 414 812
408 414 373
233 436 1127
255 436 1067
267 436 341
360 436 299
255 408 898
233 408 761
360 408 352
267 408 341
264 232 809
360 232 797
233 232 481
233 416 1127
360 416 295
255 412 1226
233 412 536
267 412 341
360 412 203
330 360 522
379 264 362
186 255 485
330 233 623
379 233 496
186 233 485
379 267 362
134 330 909
76 186 910
70 186 843
134 379 1178
76 238 641
