146
677 269 5
763 269 25
677 385 715
763 385 889
769 385 719
658 385 300
677 465 376
763 465 842
769 465 842
658 465 376
677 493 785
763 493 770
769 493 770
677 513 682
763 513 682
769 513 694
658 513 306
677 540 421
763 540 797
769 540 809
658 540 312
677 613 432
763 613 823
769 613 1189
658 613 118
677 649 716
763 649 1064
769 649 795
658 649 503
677 701 733
763 701 738
769 701 1093
658 701 185
677 871 1071
763 871 347
769 871 773
658 871 625
677 884 912
763 884 834
769 884 610
658 884 90
763 133 1178
769 305 759
627 677 1251
771 677 1226
727 677 1208
653 677 942
771 763 1300
653 763 201
627 763 399
771 769 610
727 769 1007
627 769 40
771 658 1298
727 658 1208
627 658 1125
653 658 345
304 771 1101
373 771 1184
507 771 1300
373 627 1259
122 627 1212
507 627 862
304 627 517
122 653 1190
48 653 1150
373 653 1111
507 653 1009
304 653 634
507 727 1211
48 727 1300
375 304 1288
245 304 1057
287 304 953
276 304 772
296 304 567
375 373 1288
276 373 533
245 373 490
296 373 402
375 48 607
276 48 136
375 122 1044
245 122 672
287 122 601
276 122 533
296 122 402
276 507 1095
287 507 12
465 276 1245
369 276 1107
402 276 628
297 276 534
402 375 1249
297 375 1162
369 375 1086
465 375 1086
297 287 1275
465 287 1274
402 287 723
369 287 310
297 296 1256
465 296 1094
369 296 1094
297 245 1295
465 245 1274
369 245 1084
402 245 723
140 402 1300
208 402 1295
339 402 771
492 402 295
310 402 232
303 402 209
492 369 1176
208 369 855
339 369 585
310 369 546
303 369 505
492 465 1292
339 465 5
339 297 1026
303 297 510
140 297 339
492 297 298
208 297 160
154 208 1063
140 208 396
296 208 248
161 303 1190
154 303 919
296 303 596
140 303 295
161 492 1273
296 492 23
140 310 559
154 310 407
161 339 1190
154 339 1167
296 339 1088
140 339 363
179 140 1275
199 140 778
179 296 750
162 161 687
162 154 554
