122
215 406 974
149 406 353
754 406 1028
503 406 315
215 425 295
149 425 430
754 425 408
503 425 492
613 425 257
215 437 624
149 437 422
754 437 1032
215 483 678
149 483 417
754 483 747
503 483 313
215 665 693
149 665 441
754 665 861
503 665 113
613 665 136
215 746 974
149 746 143
754 746 1014
503 746 315
215 747 483
149 747 1038
754 747 775
503 747 247
613 747 464
215 770 616
149 770 1101
754 770 566
613 770 613
215 789 602
149 789 930
754 789 944
503 789 191
613 789 613
149 119 361
754 119 1057
613 119 451
149 300 568
754 300 1095
503 300 119
613 300 238
742 215 1128
788 215 668
606 215 207
700 215 120
700 149 673
742 149 1147
700 754 526
742 754 1136
788 754 7
742 503 1143
788 503 932
606 503 508
700 503 150
742 613 1148
788 613 664
700 613 592
606 613 146
364 742 669
322 742 1068
416 742 24
460 742 4
322 606 1081
364 606 821
416 606 819
460 606 214
460 788 934
416 788 625
364 788 160
322 700 914
416 700 844
364 700 170
39 460 1117
394 460 922
29 460 800
375 460 144
39 416 1063
394 416 966
375 416 943
29 416 927
39 364 1128
394 364 1113
29 364 780
375 364 363
39 322 1107
394 322 813
375 322 404
17 375 741
310 375 672
320 375 520
17 39 1149
226 39 463
226 29 864
320 394 506
193 394 399
415 226 253
436 226 213
415 17 966
437 17 561
436 17 831
437 320 1015
436 320 1015
415 320 925
424 320 323
436 193 1108
437 193 1094
415 193 886
424 193 655
415 310 785
436 310 785
437 310 785
424 310 604
342 424 451
342 437 968
342 436 333
342 415 1126
152 342 877
