181
751 475 1018
774 475 1200
720 475 1200
795 475 385
751 562 380
774 562 907
430 562 148
720 562 849
795 562 496
751 607 580
774 607 954
430 607 290
720 607 954
751 610 901
774 610 1018
430 610 130
720 610 1018
795 610 467
751 642 336
774 642 1141
430 642 126
720 642 1141
795 642 478
751 663 464
774 663 575
430 663 261
720 663 741
795 663 491
751 786 403
774 786 1256
430 786 306
720 786 688
795 786 155
751 794 398
774 794 974
720 794 1113
795 794 416
751 803 197
774 803 1193
430 803 372
720 803 1103
751 843 403
774 843 734
430 843 306
720 843 1113
795 843 128
751 851 236
774 851 981
720 851 1113
795 851 128
774 1003 1203
795 1003 18
698 751 10
585 751 5
69 774 728
779 774 1223
767 774 117
779 430 980
69 430 938
767 430 881
597 430 823
698 430 677
585 430 409
779 720 1088
69 720 1036
767 720 112
779 795 482
767 795 251
69 795 164
597 795 26
698 795 1
405 69 1039
468 69 1225
431 69 155
431 698 1117
405 698 980
428 698 937
468 698 733
217 698 342
330 698 279
428 597 937
330 597 591
405 597 578
431 597 529
468 597 345
217 597 342
330 767 25
217 767 55
468 779 447
330 779 584
405 779 4
431 585 1046
405 585 980
428 585 926
468 585 733
217 585 730
330 585 591
413 468 656
409 468 362
409 405 984
413 405 935
415 405 918
414 405 334
390 405 221
415 428 918
414 428 888
409 428 830
413 428 404
390 428 243
409 431 984
413 431 935
415 431 918
414 431 177
413 217 800
409 217 641
390 217 146
409 330 641
413 330 588
390 330 452
416 409 1192
408 409 1151
355 409 1113
436 409 458
398 409 178
436 413 1182
398 413 1154
408 413 1107
416 413 1047
355 413 407
355 415 1054
398 415 1019
436 415 1019
416 415 981
408 415 936
416 390 1270
355 390 1054
398 390 604
408 390 459
436 414 1182
398 414 1154
355 414 1040
416 414 726
408 414 459
255 408 791
233 408 716
267 408 501
310 408 494
233 416 1042
255 416 272
310 416 250
267 416 222
255 436 1051
233 436 1042
267 436 501
310 436 251
255 398 1152
233 398 707
310 398 277
267 398 222
233 355 1133
255 355 1133
264 355 650
267 355 596
310 355 449
389 264 1115
346 264 1021
389 310 502
349 310 353
343 310 280
389 267 871
346 267 871
69 343 1006
101 343 921
101 349 1257
69 349 946
134 349 866
101 346 1257
134 346 1000
69 389 1006
101 389 628
101 374 805
