211
183 257 1104
24 257 104
157 257 758
434 257 228
183 368 468
157 368 4
434 368 122
183 478 475
24 478 778
64 478 842
157 478 725
126 478 945
434 478 410
183 483 1038
24 483 1128
64 483 522
157 483 856
126 483 1028
434 483 288
183 490 811
24 490 354
64 490 501
157 490 725
126 490 914
434 490 564
183 529 656
24 529 385
64 529 561
157 529 725
126 529 742
434 529 288
183 541 242
24 541 354
64 541 522
157 541 725
126 541 1007
434 541 288
183 591 310
24 591 354
64 591 253
157 591 725
126 591 984
434 591 410
183 599 1038
24 599 1135
64 599 192
157 599 725
126 599 742
434 599 410
183 633 1038
24 633 1135
64 633 522
157 633 725
126 633 742
434 633 327
183 645 943
24 645 943
64 645 168
157 645 725
126 645 828
434 645 327
183 705 242
24 705 354
64 705 233
157 705 725
126 705 1028
434 705 410
183 712 405
24 712 377
157 712 725
126 712 828
434 712 410
183 725 970
24 725 970
64 725 291
157 725 725
126 725 1028
434 725 288
183 761 520
24 761 354
64 761 522
157 761 725
126 761 1028
434 761 288
183 779 1106
24 779 512
64 779 914
157 779 406
126 779 734
434 779 229
183 806 1106
24 806 372
157 806 839
126 806 198
434 806 210
157 917 725
758 183 167
777 183 715
255 183 1189
703 183 6
758 24 1297
777 64 867
758 64 1190
255 64 1087
758 157 49
560 157 1145
703 157 718
255 157 183
777 126 1090
758 126 241
560 126 4
758 434 1091
777 434 1091
255 434 740
703 434 477
560 434 322
198 777 870
395 777 1054
198 703 908
386 703 712
220 703 200
520 703 196
220 758 831
229 758 9
198 758 40
395 758 2
520 560 811
220 560 725
229 560 666
395 560 538
386 560 503
198 560 301
520 255 345
386 255 1091
198 255 1006
220 255 11
229 255 5
107 220 877
332 220 751
375 220 742
30 220 504
184 220 504
30 229 1001
184 229 992
107 229 857
332 229 777
375 229 518
30 386 1224
184 386 992
332 386 777
107 520 347
332 520 1
107 395 877
375 395 471
30 395 331
30 198 1249
375 198 1015
184 198 992
332 198 777
107 198 763
139 107 1280
330 107 2
181 30 724
181 184 639
408 184 635
416 184 419
436 184 271
330 184 218
330 332 1225
402 332 309
139 332 284
402 375 994
416 375 716
436 375 615
139 375 326
408 415 872
402 415 784
416 415 750
436 415 626
208 402 1290
206 402 1222
402 402 594
324 402 311
206 408 1089
208 408 1033
402 408 728
324 408 656
417 181 1056
402 181 1056
208 181 492
324 139 159
206 436 1146
208 436 904
324 436 694
417 436 219
402 436 195
206 416 1288
324 416 694
208 416 426
417 416 384
402 416 318
417 330 1071
402 330 1071
208 330 492
324 330 367
342 402 431
342 208 982
342 417 431
342 324 748
342 206 1163
152 342 1080
