163
718 480 412
511 480 871
314 480 211
815 480 982
239 480 1072
718 521 1021
511 521 207
314 521 423
815 521 1257
239 521 406
718 541 177
511 541 567
314 541 456
815 541 1169
239 541 901
718 542 1021
511 542 691
314 542 423
815 542 1257
239 542 691
718 707 422
511 707 384
314 707 423
815 707 1185
239 707 406
718 760 1021
511 760 165
314 760 165
815 760 1118
239 760 350
718 794 1100
511 794 704
314 794 282
815 794 956
239 794 448
718 815 267
511 815 272
314 815 145
815 815 1001
239 815 563
718 852 892
511 852 704
314 852 283
815 852 855
239 852 474
718 891 1124
314 891 854
815 891 620
239 891 222
823 718 980
605 718 269
729 718 486
593 511 890
823 511 807
614 511 686
729 511 647
699 511 382
605 511 301
729 314 1102
593 314 890
823 314 802
605 314 781
614 314 686
699 314 319
823 815 1199
729 815 4
593 239 223
614 239 150
301 823 1237
230 823 1
230 593 949
301 593 682
86 593 623
230 699 949
177 699 674
86 699 398
230 614 872
177 614 674
86 614 534
301 614 241
230 605 949
177 605 638
301 605 305
177 729 486
230 729 52
184 86 23
375 86 16
412 46 30
184 46 71
412 177 403
415 177 300
414 177 262
184 177 256
390 230 370
184 230 363
415 230 300
375 230 287
414 230 262
412 230 253
375 301 810
184 301 303
415 301 300
414 301 262
412 301 253
436 375 681
416 375 681
398 375 478
412 375 352
408 375 261
408 184 792
416 184 778
398 184 765
436 184 522
412 184 329
436 412 1083
398 412 1083
408 412 729
416 412 436
412 412 237
416 390 1275
412 390 1261
398 390 513
408 390 394
436 414 1163
398 414 1128
416 414 1017
412 414 446
408 414 394
436 415 1007
398 415 1007
412 415 858
416 415 858
408 415 489
208 408 1019
324 408 682
424 408 574
267 408 362
424 398 722
324 398 578
208 398 346
267 398 167
208 436 790
324 436 634
424 436 461
267 436 362
424 416 711
324 416 634
208 416 288
267 412 362
324 412 345
424 412 330
342 208 938
330 208 341
379 424 1090
342 424 671
330 424 328
379 267 618
342 324 655
379 324 481
134 330 845
134 342 1300
76 152 1289
134 379 1195
