188
11 5 68
183 5 125
24 5 433
136 5 188
11 35 265
183 35 278
136 35 605
11 400 325
183 400 334
24 400 366
136 400 325
11 490 1010
183 490 873
24 490 1095
136 490 1088
11 506 1010
183 506 873
24 506 1096
136 506 1088
11 518 1010
183 518 866
24 518 1096
136 518 1088
11 526 943
183 526 781
24 526 1045
136 526 242
11 557 1010
183 557 866
24 557 1096
136 557 1088
11 591 749
183 591 749
24 591 749
136 591 496
11 645 1010
183 645 866
24 645 1096
136 645 1088
11 649 1010
183 649 866
24 649 1076
136 649 1076
11 722 1010
183 722 866
24 722 1096
136 722 1088
11 949 1007
24 949 5
136 949 782
424 11 1026
806 11 732
484 11 1258
758 183 406
424 183 967
806 183 57
726 183 474
823 183 24
484 183 9
806 24 245
706 24 1095
758 24 1300
484 24 208
424 24 419
726 24 339
424 136 941
758 136 1182
726 136 966
484 136 42
2 823 1234
299 823 312
202 484 1029
322 484 696
32 484 657
396 484 391
299 484 357
2 484 286
2 758 1295
396 758 74
396 806 217
299 806 941
202 806 416
322 706 408
299 706 1215
2 706 1188
202 706 120
396 726 230
299 726 1139
202 726 152
202 424 1029
396 424 843
322 424 696
32 424 657
299 424 357
2 424 286
187 32 321
104 32 1
107 396 1160
104 396 1160
118 396 1150
154 396 401
187 396 267
375 396 267
107 202 1261
104 202 1054
154 202 847
375 202 614
118 202 562
187 202 525
30 202 443
107 2 1298
104 299 1195
107 299 1195
154 299 847
375 299 614
118 299 562
187 299 525
30 299 375
104 322 1065
107 322 1065
118 322 601
30 322 598
154 322 401
375 322 312
187 322 309
139 187 1289
416 187 640
11 187 408
402 187 390
139 107 1296
11 107 1298
407 107 19
407 375 1276
402 375 952
139 375 793
416 375 661
11 375 420
407 30 10
377 118 116
139 154 1274
377 154 1013
11 154 382
402 104 1071
139 104 1299
377 104 2
208 11 5
324 11 4
208 224 1254
168 224 783
437 224 422
436 224 422
208 407 1294
298 407 801
324 407 635
437 407 206
436 407 206
208 402 1294
298 402 891
324 402 282
324 139 81
208 139 1
168 377 1267
437 377 324
298 377 309
324 416 635
208 416 427
388 208 1026
330 208 435
340 208 435
388 437 1113
330 437 1053
340 437 940
388 436 1197
330 436 1117
379 436 999
340 436 459
379 298 653
330 298 324
340 298 324
388 324 878
379 324 508
340 168 1141
388 168 1161
330 168 562
134 330 802
134 379 1208
134 388 1202
134 340 1014
