182
24 5 465
11 5 46
183 5 198
136 5 115
24 257 681
11 257 11
183 257 1132
136 257 100
24 400 504
11 400 267
183 400 425
136 400 190
24 406 770
11 406 770
183 406 770
136 406 770
24 439 1069
11 439 947
183 439 848
136 439 603
24 476 930
11 476 812
183 476 852
136 476 402
24 506 1068
11 506 946
183 506 968
136 506 1003
24 591 631
11 591 668
183 591 584
136 591 532
24 599 1106
11 599 889
183 599 968
136 599 1003
24 645 1135
11 645 889
183 645 968
136 645 1003
24 649 1023
11 649 889
183 649 968
136 649 974
24 722 1147
11 722 889
183 722 968
136 722 1003
24 925 1262
183 925 104
136 925 571
11 35 168
183 35 352
136 35 387
183 954 309
706 24 1173
60 24 1291
758 24 1298
424 24 335
726 24 347
484 24 193
711 24 21
60 11 130
424 11 920
484 11 1233
424 183 759
758 183 438
726 183 392
60 183 28
484 183 7
823 183 31
726 136 954
758 136 1254
424 136 795
711 136 94
484 136 36
299 823 202
202 484 934
294 484 752
198 484 637
150 484 442
396 484 308
299 484 237
150 711 650
396 711 136
150 758 886
294 758 102
396 758 38
198 758 29
299 706 1175
294 706 172
202 706 58
150 60 917
294 60 170
396 60 200
198 60 9
202 60 1
202 424 934
150 424 861
198 424 637
396 424 634
294 424 594
299 424 336
198 726 279
299 726 1087
294 726 194
396 726 165
202 726 123
107 396 1157
104 396 1157
154 396 469
375 396 400
187 396 303
107 202 1268
104 202 983
154 202 847
375 202 625
30 202 530
187 202 517
107 294 1283
104 294 1249
154 294 655
375 294 625
30 294 530
187 294 517
107 299 1158
104 299 1158
154 299 931
375 299 625
30 299 529
187 299 517
30 198 1170
375 198 993
104 198 790
107 198 718
154 198 606
187 198 186
107 150 1112
104 150 630
154 150 532
30 150 530
139 107 1293
11 107 1300
139 187 1290
416 187 604
68 187 452
402 187 401
11 187 386
68 30 914
348 30 477
402 375 914
139 375 707
416 375 669
17 375 401
11 375 343
348 375 250
68 375 250
139 154 1285
68 154 775
11 154 316
348 154 256
139 104 1297
402 104 1014
324 68 284
324 11 6
208 11 2
208 402 1296
298 402 857
324 402 283
208 348 544
436 348 404
298 348 304
168 17 1290
436 17 517
298 17 5
324 139 116
168 139 1
324 416 670
208 416 437
298 416 232
76 216 1300
152 216 1190
