204
596 72 1
100 72 1081
75 72 14
596 339 134
100 339 295
120 339 658
75 339 1058
596 351 207
120 351 445
655 351 246
596 770 481
120 770 866
702 770 647
75 770 1095
655 770 854
596 772 815
120 772 539
702 772 117
75 772 740
655 772 995
596 776 738
100 776 345
120 776 525
702 776 525
75 776 819
655 776 818
596 781 626
100 781 184
120 781 539
702 781 466
75 781 973
655 781 854
596 824 606
100 824 184
120 824 866
702 824 647
75 824 857
655 824 782
596 839 419
100 839 184
120 839 866
702 839 647
75 839 645
655 839 782
596 841 492
100 841 184
120 841 866
702 841 647
75 841 645
655 841 782
596 875 738
120 875 866
702 875 647
75 875 819
655 875 818
596 882 683
100 882 603
120 882 866
702 882 647
75 882 582
655 882 782
596 883 815
100 883 190
120 883 866
702 883 647
75 883 460
655 883 995
596 961 4
120 961 68
75 961 1072
100 145 931
120 145 845
702 145 15
796 596 1060
819 596 880
810 596 279
751 596 199
788 596 188
819 100 524
796 100 1048
751 100 972
810 100 714
819 120 1238
751 120 79
796 702 1133
751 702 661
819 702 366
810 702 170
788 75 964
796 75 1221
796 655 930
788 655 825
797 655 702
819 655 413
810 655 259
1 810 705
56 810 70
142 819 594
99 819 1272
99 797 306
56 797 557
370 796 1098
142 796 1050
56 796 669
99 796 90
1 796 55
67 796 4
56 788 1248
67 788 17
1 788 112
67 751 960
370 751 832
142 751 32
428 1 765
87 1 791
265 1 367
87 370 1266
265 370 887
89 370 590
76 370 578
78 370 241
428 370 142
87 67 1161
375 67 1272
89 99 1293
428 99 1157
87 99 484
76 99 13
78 99 20
87 56 1236
89 56 1080
78 56 421
76 56 1
265 142 887
87 142 872
89 142 559
428 142 434
78 142 256
76 142 240
100 78 895
311 78 191
407 428 578
511 428 524
511 87 742
112 87 1284
407 87 21
311 87 9
138 87 47
112 265 1176
511 265 1128
100 265 1053
138 265 483
311 265 298
407 375 1296
138 375 1241
311 375 592
511 375 473
112 375 284
112 89 1089
138 89 1126
511 89 11
100 89 3
311 89 1
328 100 26
208 407 1300
140 407 1300
298 407 537
267 407 292
328 138 708
208 138 14
208 311 990
140 311 990
140 511 1215
208 511 100
328 511 571
219 511 88
267 511 24
328 112 578
202 112 125
138 140 178
374 208 427
363 208 387
326 208 334
138 208 288
138 202 997
363 202 387
138 219 997
377 219 463
374 298 834
346 267 1001
326 267 786
363 267 513
377 267 405
138 328 997
363 328 387
133 363 1282
101 346 1296
133 346 983
101 377 953
68 138 1250
101 374 953
133 374 614
101 326 1298
133 326 738
