126
677 385 686
763 385 1066
769 385 496
124 385 1066
677 465 302
763 465 745
769 465 745
124 465 167
677 493 808
763 493 961
769 493 691
124 493 961
677 540 450
763 540 840
769 540 751
124 540 295
677 613 464
763 613 961
769 613 1018
124 613 317
677 778 1072
763 778 867
769 778 758
124 778 798
677 871 1039
763 871 454
769 871 641
124 871 696
763 133 1159
124 133 1200
769 305 560
124 15 1248
627 677 1234
771 677 1233
727 677 1191
653 677 880
653 763 191
771 763 1299
627 763 456
727 763 2
771 769 803
727 769 1030
627 769 56
771 124 1220
304 771 1102
373 771 1176
507 771 1294
373 627 1257
122 627 1182
507 627 909
304 627 474
122 653 1150
373 653 1078
507 653 1053
304 653 761
507 727 1219
375 304 1279
245 304 1012
276 304 818
437 304 415
325 304 234
375 373 1279
276 373 675
245 373 356
325 373 137
375 122 1117
276 122 675
245 122 620
276 507 1144
402 375 1234
297 375 1204
465 375 1112
369 375 974
355 375 280
465 276 1213
369 276 974
355 276 946
402 276 633
297 276 401
402 437 1055
297 437 991
465 437 991
355 437 357
369 437 318
297 245 1282
465 245 1241
369 245 933
402 245 723
355 245 179
465 325 1092
355 325 912
369 325 445
297 325 267
140 402 1300
208 402 1293
339 402 788
303 402 201
208 369 900
303 369 594
339 369 594
202 369 295
339 465 3
339 297 1000
303 297 620
202 297 408
140 297 408
208 297 144
140 355 977
339 355 919
303 355 850
208 355 849
202 355 426
161 202 1074
140 202 860
154 202 696
154 208 1158
140 208 288
161 303 1153
154 303 1014
140 303 311
154 339 1188
161 339 1153
140 339 310
199 140 764
162 161 790
162 154 558
