326
87 408 371
827 408 397
283 408 283
183 408 485
665 408 335
253 408 485
239 408 286
754 408 448
87 429 118
827 429 564
283 429 788
183 429 460
665 429 365
253 429 278
239 429 1103
754 429 998
87 437 327
827 437 365
283 437 788
183 437 177
665 437 273
253 437 263
239 437 1103
754 437 998
87 483 506
827 483 483
283 483 471
183 483 658
665 483 360
253 483 245
239 483 803
754 483 448
87 535 410
827 535 410
283 535 339
183 535 211
665 535 561
253 535 372
239 535 422
754 535 410
87 541 327
827 541 365
283 541 788
183 541 212
665 541 459
253 541 372
239 541 1103
754 541 998
87 613 327
827 613 365
283 613 788
183 613 537
665 613 330
253 613 667
239 613 938
754 613 938
87 770 382
283 770 210
183 770 714
665 770 386
253 770 887
239 770 526
754 770 232
87 772 357
827 772 583
283 772 188
183 772 603
665 772 386
253 772 520
239 772 601
754 772 428
87 773 515
283 773 188
183 773 297
665 773 179
253 773 863
239 773 352
754 773 597
87 774 515
283 774 571
183 774 603
665 774 259
253 774 332
239 774 608
754 774 597
87 779 357
827 779 519
183 779 603
665 779 295
253 779 714
239 779 601
754 779 428
87 786 388
827 786 194
283 786 529
183 786 603
665 786 241
253 786 332
239 786 601
754 786 392
87 794 515
827 794 157
283 794 414
183 794 714
665 794 386
253 794 332
239 794 601
754 794 597
87 801 357
283 801 414
183 801 603
665 801 259
253 801 972
239 801 601
87 806 357
283 806 188
183 806 603
665 806 386
253 806 332
239 806 601
754 806 232
87 829 357
827 829 983
283 829 287
183 829 603
665 829 490
253 829 332
239 829 601
754 829 293
87 832 357
827 832 583
183 832 603
665 832 360
253 832 685
239 832 601
827 685 365
283 685 788
183 685 491
665 685 290
253 685 503
239 685 1103
754 685 998
183 35 26
665 35 17
239 35 1055
729 87 193
700 87 2
752 827 107
640 827 130
742 827 404
695 283 651
752 283 587
675 283 437
640 283 381
742 283 254
726 283 211
700 283 165
700 183 328
726 183 647
742 183 1
700 665 1132
729 665 683
675 665 568
752 665 510
742 665 441
640 665 273
726 665 269
695 665 194
729 253 1141
675 253 327
742 253 407
752 253 136
640 253 77
726 253 17
726 239 1254
752 239 141
640 239 148
700 239 232
742 754 766
729 754 287
700 754 200
726 754 6
675 754 2
416 640 726
19 640 519
322 640 402
353 640 194
228 640 192
416 675 1020
353 675 858
228 675 386
463 675 304
281 675 296
19 675 184
281 742 189
322 742 931
416 742 21
228 752 4
463 752 1
416 695 1020
353 695 858
322 695 379
463 695 279
228 695 205
416 726 619
463 700 1264
416 700 613
322 700 494
19 700 474
353 700 194
416 729 70
353 729 89
77 228 1026
39 228 1026
184 228 625
30 228 625
424 228 613
375 228 306
375 416 1126
39 416 817
424 416 735
30 416 418
184 19 111
375 19 2
375 353 527
30 353 429
77 353 377
184 353 251
424 353 208
375 281 895
184 281 879
30 281 505
77 281 427
415 281 260
39 322 1238
77 322 1046
184 322 425
30 322 410
424 322 388
375 322 298
375 463 1300
77 463 1067
415 463 352
424 463 281
39 463 270
184 463 228
407 375 1278
447 375 1009
402 375 792
416 375 655
17 375 588
226 375 344
402 77 277
407 77 50
17 184 917
416 184 362
226 184 344
407 424 1039
416 424 707
226 424 283
193 424 166
226 30 143
407 30 9
226 39 442
17 39 1298
407 415 997
416 415 712
402 415 701
226 415 283
447 415 175
208 447 1300
424 447 507
415 447 424
437 447 335
208 226 447
208 407 1300
424 407 476
436 407 396
437 407 396
415 407 253
208 402 1300
437 17 415
415 17 810
436 17 695
436 193 1197
437 193 1187
415 193 715
424 193 699
208 193 371
424 416 576
437 416 335
208 416 318
415 416 235
388 208 1078
342 208 1078
340 208 407
330 208 407
388 424 606
342 424 606
330 424 308
340 424 308
349 424 272
330 437 1139
388 437 1139
340 437 1045
342 437 1045
349 437 600
388 436 1190
330 436 1182
349 436 600
340 436 584
342 436 259
388 415 1254
342 415 1236
340 415 1232
330 415 1147
349 415 600
69 330 1072
134 330 873
69 349 1023
134 349 873
134 342 1298
69 342 1023
134 388 1210
69 388 824
134 340 1049
