71
281 234 1037
278 234 130
281 258 1141
489 258 1120
281 465 983
278 465 359
489 465 796
281 475 1050
278 475 417
489 475 978
281 758 749
278 758 1079
489 758 887
281 799 614
278 799 1141
489 799 225
281 821 1232
278 821 1141
489 821 225
281 1023 1225
278 1023 525
791 281 1144
787 281 1144
772 281 752
791 278 1283
787 278 1254
772 278 1227
787 489 1230
791 489 1230
772 489 686
485 787 1260
306 791 406
200 791 1288
485 791 1269
200 772 1293
456 485 1261
412 485 223
456 200 904
412 200 691
226 200 439
226 306 882
412 306 433
456 306 258
464 226 1240
172 226 1117
231 226 565
464 412 1128
267 412 617
172 412 549
231 412 302
267 456 855
464 456 1291
231 456 521
172 456 118
232 172 1220
223 172 1123
381 172 1013
381 267 786
208 267 735
223 267 590
232 231 1220
223 231 1123
381 231 627
223 464 1054
381 464 148
232 464 1054
140 208 473
140 232 818
140 223 818
140 381 462
143 140 1296
